0.000000000000000000e+00 7.604559788455238917e-04
5.000000000000000278e-02 -1.119816680238834052e-02
1.000000000000000056e-01 -6.130032572485546311e-02
1.500000000000000222e-01 -1.621669065898145856e-01
2.000000000000000111e-01 -3.038248503260615463e-01
2.500000000000000000e-01 -4.685151960618947897e-01
2.999999999999999889e-01 -6.381787000455564351e-01
3.499999999999999778e-01 -7.980572524009271751e-01
3.999999999999999667e-01 -9.326740435381306593e-01
4.499999999999999556e-01 -1.012089291945516001e+00
4.999999999999999445e-01 -9.987994166159250842e-01
5.499999999999999334e-01 -8.793498645633018862e-01
5.999999999999999778e-01 -6.703374710189147212e-01
6.500000000000000222e-01 -3.975812132792791997e-01
7.000000000000000666e-01 -8.896679152618031106e-02
7.500000000000001110e-01 2.241404308441941051e-01
8.000000000000001554e-01 5.111156825802158910e-01
8.500000000000001998e-01 7.422978202867528408e-01
9.000000000000002442e-01 8.878901130368971328e-01
9.500000000000002887e-01 9.281888806495819377e-01
1.000000000000000222e+00 8.640768109208168957e-01
1.050000000000000266e+00 7.110963935902915312e-01
1.100000000000000311e+00 4.887665300986515082e-01
1.150000000000000355e+00 2.199696067231706187e-01
1.200000000000000400e+00 -6.823724811605844098e-02
1.250000000000000444e+00 -3.478596698590938341e-01
1.300000000000000488e+00 -5.892246793080005984e-01
1.350000000000000533e+00 -7.612611815845319319e-01
1.400000000000000577e+00 -8.420764013562451744e-01
1.450000000000000622e+00 -8.275172494804057255e-01
1.500000000000000666e+00 -7.260826652140557336e-01
1.550000000000000711e+00 -5.518241097755018920e-01
1.600000000000000755e+00 -3.239323707656524554e-01
1.650000000000000799e+00 -6.544242228611191203e-02
1.700000000000000844e+00 1.991435274090077590e-01
1.750000000000000888e+00 4.415253055348774547e-01
1.800000000000000933e+00 6.306702356301800982e-01
1.850000000000000977e+00 7.432822823554895431e-01
1.900000000000001021e+00 7.708222939474750346e-01
1.950000000000001066e+00 7.157408037069842299e-01
2.000000000000000888e+00 5.872548678596384297e-01
2.050000000000000711e+00 4.006756607944869653e-01
2.100000000000000533e+00 1.747954541529340433e-01
2.150000000000000355e+00 -6.938318432505138911e-02
2.200000000000000178e+00 -3.054701847767303247e-01
2.250000000000000000e+00 -5.035019166068602781e-01
2.299999999999999822e+00 -6.396151801810450177e-01
2.349999999999999645e+00 -7.017145414302675688e-01
2.399999999999999467e+00 -6.872728339413056720e-01
2.449999999999999289e+00 -6.012732512424019404e-01
2.499999999999999112e+00 -4.550981870154533482e-01
2.549999999999998934e+00 -2.633274858410198926e-01
2.599999999999998757e+00 -4.352411511550030587e-02
2.649999999999998579e+00 1.803137265451153215e-01
2.699999999999998401e+00 3.800631273819826683e-01
2.749999999999998224e+00 5.319801472275299536e-01
2.799999999999998046e+00 6.212777793751295130e-01
2.849999999999997868e+00 6.414766402576509430e-01
2.899999999999997691e+00 5.939159043607883381e-01
2.949999999999997513e+00 4.861623021876293471e-01
2.999999999999997335e+00 3.287679765324429959e-01
3.049999999999997158e+00 1.359903517003050177e-01
3.099999999999996980e+00 -7.094167985079219418e-02
3.149999999999996803e+00 -2.663251026744637984e-01
3.199999999999996625e+00 -4.270688968070148750e-01
3.249999999999996447e+00 -5.365589192416401199e-01
3.299999999999996270e+00 -5.853495899543872394e-01
3.349999999999996092e+00 -5.716581357682509745e-01
3.399999999999995914e+00 -4.995031468636008665e-01
3.449999999999995737e+00 -3.757375198523754123e-01
3.499999999999995559e+00 -2.114291185933902251e-01
3.549999999999995381e+00 -2.481095525228170853e-02
3.599999999999995204e+00 1.611922300046767509e-01
3.649999999999995026e+00 3.246326747816909442e-01
3.699999999999994849e+00 4.478421078333155725e-01
3.749999999999994671e+00 5.192745123661385298e-01
3.799999999999994493e+00 5.345913865334098736e-01
3.849999999999994316e+00 4.945963837170461175e-01
3.899999999999994138e+00 4.028268011382105107e-01
3.949999999999993960e+00 2.673787078974458331e-01
3.999999999999993783e+00 1.033502363604708457e-01
4.049999999999993605e+00 -6.933218260492195195e-02
4.099999999999993427e+00 -2.302044747660126067e-01
4.149999999999993250e+00 -3.612721097828923145e-01
4.199999999999993072e+00 -4.496799692333863230e-01
4.249999999999992895e+00 -4.890290713926073729e-01
4.299999999999992717e+00 -4.773325474684229075e-01
4.349999999999992539e+00 -4.152670075515707548e-01
4.399999999999992362e+00 -3.081664356240005898e-01
4.449999999999992184e+00 -1.679713063643119841e-01
4.499999999999992006e+00 -1.155233486375674933e-02
4.549999999999991829e+00 1.423865431773495283e-01
4.599999999999991651e+00 2.761663726196013080e-01
4.649999999999991473e+00 3.762804215374883077e-01
4.699999999999991296e+00 4.347384790947700917e-01
4.749999999999991118e+00 4.472499833213803289e-01
4.799999999999990941e+00 4.120927185650668512e-01
4.849999999999990763e+00 3.320605189696333448e-01
4.899999999999990585e+00 2.160402884424268422e-01
4.949999999999990408e+00 7.790333781369873645e-02
4.999999999999990230e+00 -6.563325807323951155e-02
5.049999999999990052e+00 -1.977238809506109973e-01
5.099999999999989875e+00 -3.047447475083009394e-01
5.149999999999989697e+00 -3.775868281180411734e-01
5.199999999999989519e+00 -4.101498547599476407e-01
5.249999999999989342e+00 -3.987491709528498962e-01
5.299999999999989164e+00 -3.439084613434946203e-01
5.349999999999988987e+00 -2.516491226952732307e-01
5.399999999999988809e+00 -1.329632193571590459e-01
5.449999999999988631e+00 -2.439806620706620310e-03
5.499999999999988454e+00 1.243117703544708991e-01
5.549999999999988276e+00 2.339904061645462219e-01
5.599999999999988098e+00 3.168043224068131658e-01
5.649999999999987921e+00 3.653245968497282892e-01
5.699999999999987743e+00 3.743203497471815355e-01
5.749999999999987566e+00 3.423417579367762920e-01
5.799999999999987388e+00 2.727998080066154074e-01
5.849999999999987210e+00 1.739797762533115133e-01
5.899999999999987033e+00 5.828188036763704699e-02
5.949999999999986855e+00 -6.021238956861567349e-02
5.999999999999986677e+00 -1.688880837833077186e-01
6.049999999999986500e+00 -2.576548454229440899e-01
6.099999999999986322e+00 -3.182024875512374229e-01
6.149999999999986144e+00 -3.441645361170949657e-01
6.199999999999985967e+00 -3.324140029493103943e-01
6.249999999999985789e+00 -2.840412940095868310e-01
6.299999999999985612e+00 -2.048652107443943438e-01
6.349999999999985434e+00 -1.050880522191990352e-01
6.399999999999985256e+00 2.943163981527353694e-03
6.449999999999985079e+00 1.075528277854682635e-01
6.499999999999984901e+00 1.986975813191603490e-01
6.549999999999984723e+00 2.676094520351194328e-01
6.599999999999984546e+00 3.071396115058093179e-01
6.649999999999984368e+00 3.127859584209206623e-01
6.699999999999984190e+00 2.836554052558008521e-01
6.749999999999984013e+00 2.233541883774977921e-01
6.799999999999983835e+00 1.399293434040979611e-01
6.849999999999983658e+00 4.389569687610930110e-02
6.899999999999983480e+00 -5.419096534524555503e-02
6.949999999999983302e+00 -1.446407675870907961e-01
6.999999999999983125e+00 -2.185915462365741468e-01
7.049999999999982947e+00 -2.684232090848004404e-01
7.099999999999982769e+00 -2.885720610855442847e-01
7.149999999999982592e+00 -2.765106737297677308e-01
7.199999999999982414e+00 -2.338901696945777098e-01
7.249999999999982236e+00 -1.667032257848248267e-01
7.299999999999982059e+00 -8.362042975309583182e-02
7.349999999999981881e+00 6.053986706211734840e-03
7.399999999999981704e+00 9.323686293835507788e-02
7.449999999999981526e+00 1.692651343324056423e-01
7.499999999999981348e+00 2.263310537467693173e-01
7.549999999999981171e+00 2.581160271760447045e-01
7.599999999999980993e+00 2.607882657926243741e-01
7.649999999999980815e+00 2.343149253447927294e-01
7.699999999999980638e+00 1.827859070787167806e-01
7.749999999999980460e+00 1.130678914649166367e-01
7.799999999999980282e+00 3.314106074972187482e-02
7.849999999999980105e+00 -4.870723485263435404e-02
7.899999999999979927e+00 -1.242564113822143684e-01
7.949999999999979750e+00 -1.857588834046021153e-01
7.999999999999979572e+00 -2.264231562666700059e-01
8.049999999999979394e+00 -2.414315212884090289e-01
8.099999999999980105e+00 -2.293434272870658042e-01
8.149999999999980815e+00 -1.925253330143697483e-01
8.199999999999981526e+00 -1.361281277150099001e-01
8.249999999999982236e+00 -6.679067110775821492e-02
8.299999999999982947e+00 8.133313078149777969e-03
8.349999999999983658e+00 8.106077833463241900e-02
8.399999999999984368e+00 1.445062005986962328e-01
8.449999999999985079e+00 1.914598137407911571e-01
8.499999999999985789e+00 2.164231127183252612e-01
8.549999999999986500e+00 2.168115479148368385e-01
8.599999999999987210e+00 1.934650152941849999e-01
8.649999999999987921e+00 1.499566757034912490e-01
8.699999999999988631e+00 9.160568851936201629e-02
8.749999999999989342e+00 2.473609028304625534e-02
8.799999999999990052e+00 -4.383895617805205758e-02
8.849999999999990763e+00 -1.070600078908058583e-01
8.899999999999991473e+00 -1.579357723931568702e-01
8.949999999999992184e+00 -1.905566382244079648e-01
8.999999999999992895e+00 -2.014420237263306324e-01
9.049999999999993605e+00 -1.901260130282533267e-01
9.099999999999994316e+00 -1.587650488360523027e-01
9.149999999999995026e+00 -1.114070375331486507e-01
9.199999999999995737e+00 -5.330309960735122449e-02
9.249999999999996447e+00 9.587024854634671606e-03
9.299999999999997158e+00 7.076414418897619685e-02
9.349999999999997868e+00 1.234565203396507244e-01
9.399999999999998579e+00 1.615758221919219306e-01
9.449999999999999289e+00 1.809819903478161185e-01
9.500000000000000000e+00 1.801316003243983166e-01
9.550000000000000711e+00 1.599362443527058697e-01
9.600000000000001421e+00 1.232503724301043380e-01
9.650000000000002132e+00 7.425566072307197840e-02
9.700000000000002842e+00 1.801140517819815531e-02
9.750000000000003553e+00 -3.964592620703556031e-02
9.800000000000004263e+00 -9.232395672382107121e-02
9.850000000000004974e+00 -1.339569886431678514e-01
9.900000000000005684e+00 -1.599678651744121383e-01
9.950000000000006395e+00 -1.679553354076204486e-01
1.000000000000000711e+01 -1.577657387648313814e-01
1.005000000000000782e+01 -1.311650027765943194e-01
