0.000000000000000000e+00 7.604559792596935668e-04
5.000000000000000278e-02 -1.125935397232298921e-02
1.000000000000000056e-01 -6.325068650992936303e-02
1.500000000000000222e-01 -1.611037246423939751e-01
2.000000000000000111e-01 -2.983844079677853700e-01
2.500000000000000000e-01 -4.625760360534127424e-01
2.999999999999999889e-01 -6.298017945945675322e-01
3.499999999999999778e-01 -7.892675746687419780e-01
3.999999999999999667e-01 -9.160227154282322148e-01
4.499999999999999556e-01 -9.920833631592499424e-01
4.999999999999999445e-01 -9.847981109646152253e-01
5.499999999999999334e-01 -8.868143547276265970e-01
5.999999999999999778e-01 -6.990348852238295052e-01
6.500000000000000222e-01 -4.337381828145417395e-01
7.000000000000000666e-01 -1.267173854675715527e-01
7.500000000000001110e-01 1.971215482224752957e-01
8.000000000000001554e-01 4.887706542309743774e-01
8.500000000000001998e-01 7.267552112685133903e-01
9.000000000000002442e-01 8.779066752665394269e-01
9.500000000000002887e-01 9.348383222836901263e-01
1.000000000000000222e+00 8.938576705321222837e-01
1.050000000000000266e+00 7.606480665418859921e-01
1.100000000000000311e+00 5.522276214282892948e-01
1.150000000000000355e+00 2.825406424008711226e-01
1.200000000000000400e+00 -1.247379536971933260e-02
1.250000000000000444e+00 -3.094837569423358192e-01
1.300000000000000488e+00 -5.632103482314426701e-01
1.350000000000000533e+00 -7.551019355548298506e-01
1.400000000000000577e+00 -8.591752156022309794e-01
1.450000000000000622e+00 -8.716658779230246346e-01
1.500000000000000666e+00 -7.941894256230089821e-01
1.550000000000000711e+00 -6.341148289099513002e-01
1.600000000000000755e+00 -4.121343371792773880e-01
1.650000000000000799e+00 -1.437685687859400208e-01
1.700000000000000844e+00 1.342596743018636407e-01
1.750000000000000888e+00 4.003373207663694644e-01
1.800000000000000933e+00 6.143486817730400285e-01
1.850000000000000977e+00 7.612363324836031175e-01
1.900000000000001021e+00 8.217206743796345858e-01
1.950000000000001066e+00 7.948733547955814105e-01
2.000000000000000888e+00 6.869594417229394345e-01
2.050000000000000711e+00 5.070163853431676193e-01
2.100000000000000533e+00 2.786090306061403399e-01
2.150000000000000355e+00 1.802226862139235872e-02
2.200000000000000178e+00 -2.384506469471245060e-01
2.250000000000000000e+00 -4.711653658720472149e-01
2.299999999999999822e+00 -6.454289260193643019e-01
2.349999999999999645e+00 -7.495842203677586246e-01
2.399999999999999467e+00 -7.705534734820776999e-01
2.449999999999999289e+00 -7.098556718182527092e-01
2.499999999999999112e+00 -5.777806668287065461e-01
2.549999999999998934e+00 -3.847588625497766479e-01
2.599999999999998757e+00 -1.563816279281489419e-01
2.649999999999998579e+00 9.092075568974636313e-02
2.699999999999998401e+00 3.223318770485276152e-01
2.749999999999998224e+00 5.204213241314877836e-01
2.799999999999998046e+00 6.559872055539482938e-01
2.849999999999997868e+00 7.205299731152080556e-01
2.899999999999997691e+00 7.065653910589534403e-01
2.949999999999997513e+00 6.177087915246277650e-01
2.999999999999997335e+00 4.676063371160915638e-01
3.049999999999997158e+00 2.677323211358725863e-01
3.099999999999996980e+00 4.488083234996121523e-02
3.149999999999996803e+00 -1.848498232114738626e-01
3.199999999999996625e+00 -3.888833764305954510e-01
3.249999999999996447e+00 -5.521397635065389276e-01
3.299999999999996270e+00 -6.508179350428104915e-01
3.349999999999996092e+00 -6.793002897945173979e-01
3.399999999999995914e+00 -6.350947431128306508e-01
3.449999999999995737e+00 -5.236032112707970088e-01
3.499999999999995559e+00 -3.612054270429854719e-01
3.549999999999995381e+00 -1.600726815039413831e-01
3.599999999999995204e+00 5.257336639875061224e-02
3.649999999999995026e+00 2.613704138725830850e-01
3.699999999999994849e+00 4.365841338733020272e-01
3.749999999999994671e+00 5.655560649864016520e-01
3.799999999999994493e+00 6.297147196172530048e-01
3.849999999999994316e+00 6.260415911688625989e-01
3.899999999999994138e+00 5.564266363422363249e-01
3.949999999999993960e+00 4.277411161648317361e-01
3.999999999999993783e+00 2.584522615383716415e-01
4.049999999999993605e+00 6.107421169464762739e-02
4.099999999999993427e+00 -1.374749843633363000e-01
4.149999999999993250e+00 -3.229010369306828387e-01
4.199999999999993072e+00 -4.687462619574713774e-01
4.249999999999992895e+00 -5.647647146935639295e-01
4.299999999999992717e+00 -5.973341064963946234e-01
4.349999999999992539e+00 -5.657323609340056958e-01
4.399999999999992362e+00 -4.755961106313461584e-01
4.449999999999992184e+00 -3.349426531629094983e-01
4.499999999999992006e+00 -1.636782584744648494e-01
4.549999999999991829e+00 2.567299005318770741e-02
4.599999999999991651e+00 2.071327516179229389e-01
4.649999999999991473e+00 3.677193706798934092e-01
4.699999999999991296e+00 4.845046022740263081e-01
4.749999999999991118e+00 5.495701240959572909e-01
4.799999999999990941e+00 5.538642698077638205e-01
4.849999999999990763e+00 4.986515823831070282e-01
4.899999999999990585e+00 3.926930481609001156e-01
4.949999999999990408e+00 2.448508828520369329e-01
4.999999999999990230e+00 7.588389154768772349e-02
5.049999999999990052e+00 -1.019583419475522529e-01
5.099999999999989875e+00 -2.641503064666430034e-01
5.149999999999989697e+00 -3.991931815110461024e-01
5.199999999999989519e+00 -4.878170912644920199e-01
5.249999999999989342e+00 -5.243142526720259156e-01
5.299999999999989164e+00 -5.038074354204210570e-01
5.349999999999988987e+00 -4.292564695300974398e-01
5.399999999999988809e+00 -3.119587288561052052e-01
5.449999999999988631e+00 -1.613322646069398070e-01
5.499999999999988454e+00 1.576197435244850028e-03
5.549999999999988276e+00 1.650563115990925089e-01
5.599999999999988098e+00 3.064816482239952622e-01
5.649999999999987921e+00 4.159543469806527560e-01
5.699999999999987743e+00 4.778868752217359517e-01
5.749999999999987566e+00 4.886220190262765550e-01
5.799999999999987388e+00 4.470000716786455275e-01
5.849999999999987210e+00 3.573733143677775281e-01
5.899999999999987033e+00 2.329808347823797143e-01
5.949999999999986855e+00 8.351708379667960314e-02
5.999999999999986677e+00 -7.020135121887433050e-02
6.049999999999986500e+00 -2.172198770007506552e-01
6.099999999999986322e+00 -3.371354555345654203e-01
6.149999999999986144e+00 -4.216966288523817386e-01
6.199999999999985967e+00 -4.589012503726980774e-01
6.249999999999985789e+00 -4.469491855138253422e-01
6.299999999999985612e+00 -3.879153040127422125e-01
6.349999999999985434e+00 -2.872566258154013452e-01
6.399999999999985256e+00 -1.596034412776579092e-01
6.449999999999985079e+00 -1.468002709019498864e-02
6.499999999999984901e+00 1.273685399064686252e-01
6.549999999999984723e+00 2.565110774487404099e-01
6.599999999999984546e+00 3.547884915852914101e-01
6.649999999999984368e+00 4.155923169628791825e-01
6.699999999999984190e+00 4.303356485195595216e-01
6.749999999999984013e+00 3.988702054008682607e-01
6.799999999999983835e+00 3.260275223012696899e-01
6.849999999999983658e+00 2.181019324679891180e-01
6.899999999999983480e+00 9.061223972673537741e-02
6.949999999999983302e+00 -4.690667259834688935e-02
6.999999999999983125e+00 -1.753618228517156707e-01
7.049999999999982947e+00 -2.857768489751724705e-01
7.099999999999982769e+00 -3.627826241615152436e-01
7.149999999999982592e+00 -4.013753428931582379e-01
7.199999999999982414e+00 -3.961620205032162501e-01
7.249999999999982236e+00 -3.484314868870428406e-01
7.299999999999982059e+00 -2.652905283938465919e-01
7.349999999999981881e+00 -1.536118803620523388e-01
7.399999999999981704e+00 -2.932308342584842922e-02
7.449999999999981526e+00 9.843017885781335519e-02
7.499999999999981348e+00 2.119324116140091641e-01
7.549999999999981171e+00 3.033520184733378144e-01
7.599999999999980993e+00 3.599636772574048016e-01
7.649999999999980815e+00 3.782839816132525512e-01
7.699999999999980638e+00 3.558213620238542263e-01
7.749999999999980460e+00 2.950727813656168208e-01
7.799999999999980282e+00 2.049401745342544490e-01
7.849999999999980105e+00 9.263766718418027513e-02
7.899999999999979927e+00 -2.591720762027488814e-02
7.949999999999979750e+00 -1.421259550821272477e-01
7.999999999999979572e+00 -2.398862584111723095e-01
8.049999999999979394e+00 -3.125544133209676168e-01
8.099999999999980105e+00 -3.500223605140917460e-01
8.149999999999980815e+00 -3.502178283940364234e-01
8.199999999999981526e+00 -3.132367431409199265e-01
8.249999999999982236e+00 -2.425666339017931161e-01
8.299999999999982947e+00 -1.484623408081805762e-01
8.349999999999983658e+00 -3.827010288246489311e-02
8.399999999999984368e+00 7.246604802637207632e-02
8.449999999999985079e+00 1.758250501890979978e-01
8.499999999999985789e+00 2.574973566827722382e-01
8.549999999999986500e+00 3.120427025546037569e-01
8.599999999999987210e+00 3.318933496605078748e-01
8.649999999999987921e+00 3.162611901693895833e-01
8.699999999999988631e+00 2.674960231283125545e-01
8.749999999999989342e+00 1.898615840814436295e-01
8.799999999999990052e+00 9.454327245493419907e-02
8.849999999999990763e+00 -1.117123733949969278e-02
8.899999999999991473e+00 -1.124306252582057131e-01
8.949999999999992184e+00 -2.020938009989199924e-01
8.999999999999992895e+00 -2.677633577773420592e-01
9.049999999999993605e+00 -3.051853313925236288e-01
9.099999999999994316e+00 -3.091974163137828358e-01
9.149999999999995026e+00 -2.801490710468828027e-01
9.199999999999995737e+00 -2.222903655949508839e-01
9.249999999999996447e+00 -1.404530759907847703e-01
9.299999999999997158e+00 -4.635839163056519607e-02
9.349999999999997868e+00 5.293002558277418168e-02
9.399999999999998579e+00 1.435141382578974945e-01
9.449999999999999289e+00 2.191005536796290232e-01
9.500000000000000000e+00 2.692530236084288986e-01
9.550000000000000711e+00 2.908546901064543166e-01
9.600000000000001421e+00 2.809640102576012599e-01
9.650000000000002132e+00 2.409116761035421106e-01
9.700000000000002842e+00 1.764980688282117016e-01
9.750000000000003553e+00 9.293391924215559097e-02
9.800000000000004263e+00 2.132244567191340923e-03
9.850000000000004974e+00 -8.920094215705079432e-02
9.900000000000005684e+00 -1.683196394752777270e-01
9.950000000000006395e+00 -2.298179338301450936e-01
1.000000000000000711e+01 -2.652223026135202000e-01
1.005000000000000782e+01 -2.724877444982868879e-01
