0.000000000000000000e+00 7.604559788455238917e-04
1.000000000000000021e-02 6.343873000706265865e-04
2.000000000000000042e-02 1.309468265330781414e-05
2.999999999999999889e-02 -1.563956832472688033e-03
4.000000000000000083e-02 -4.493585778548918504e-03
5.000000000000000278e-02 -9.089927127664355899e-03
6.000000000000000472e-02 -1.557783544927800363e-02
7.000000000000000666e-02 -2.409839921970095486e-02
8.000000000000000167e-02 -3.472385868902541639e-02
8.999999999999999667e-02 -4.747745108442037038e-02
9.999999999999999167e-02 -6.235305541650033867e-02
1.099999999999999867e-01 -7.933004726305957488e-02
1.199999999999999817e-01 -9.838032073710727132e-02
1.299999999999999767e-01 -1.194667123181425428e-01
1.399999999999999856e-01 -1.425344182527553960e-01
1.499999999999999944e-01 -1.674989059344025311e-01
1.600000000000000033e-01 -1.942348341614984208e-01
1.700000000000000122e-01 -2.225704277447244084e-01
1.800000000000000211e-01 -2.522905303443959690e-01
1.900000000000000300e-01 -2.831493728401511811e-01
2.000000000000000389e-01 -3.148916913816911523e-01
2.100000000000000477e-01 -3.472786474928210021e-01
2.200000000000000566e-01 -3.801135315218623911e-01
2.300000000000000655e-01 -4.132619020206572125e-01
2.400000000000000744e-01 -4.466616829886750351e-01
2.500000000000000555e-01 -4.803206530524156692e-01
2.600000000000000644e-01 -5.143012455530869831e-01
2.700000000000000733e-01 -5.486951711348001526e-01
2.800000000000000822e-01 -5.835924329233758145e-01
2.900000000000000910e-01 -6.190503501286048760e-01
3.000000000000000999e-01 -6.550680738074072806e-01
3.100000000000001088e-01 -6.915707626501804706e-01
3.200000000000001177e-01 -7.284054109362319007e-01
3.300000000000001266e-01 -7.653477614081626301e-01
3.400000000000001354e-01 -8.021174054655615393e-01
3.500000000000001443e-01 -8.383966067918385834e-01
3.600000000000001532e-01 -8.738479533040901526e-01
3.700000000000001621e-01 -9.081264654830234484e-01
3.800000000000001710e-01 -9.408833905699712785e-01
3.900000000000001799e-01 -9.717619653234277344e-01
4.000000000000001887e-01 -1.000388039930971473e+00
4.100000000000001976e-01 -1.026359081672544749e+00
4.200000000000002065e-01 -1.049236079768974594e+00
4.300000000000002154e-01 -1.068543103098229308e+00
4.400000000000002243e-01 -1.083777104825163651e+00
4.500000000000002331e-01 -1.094428044734758743e+00
4.600000000000002420e-01 -1.100006623109238912e+00
4.700000000000002509e-01 -1.100044009372377563e+00
4.800000000000002598e-01 -1.094249948803784678e+00
4.900000000000002687e-01 -1.082719875276025645e+00
5.000000000000002220e-01 -1.065796189073744626e+00
5.100000000000002309e-01 -1.043878447004023879e+00
5.200000000000002398e-01 -1.017388033050723228e+00
5.300000000000002487e-01 -9.867353753593247623e-01
5.400000000000002576e-01 -9.522949237536765255e-01
5.500000000000002665e-01 -9.143909863981236619e-01
5.600000000000002753e-01 -8.732950072689036336e-01
5.700000000000002842e-01 -8.292331448935755800e-01
5.800000000000002931e-01 -7.824004572052605244e-01
5.900000000000003020e-01 -7.329765294720992364e-01
6.000000000000003109e-01 -6.811379841795102141e-01
6.100000000000003197e-01 -6.270643844987450199e-01
6.200000000000003286e-01 -5.709359247852142660e-01
6.300000000000003375e-01 -5.129239121329075557e-01
6.400000000000003464e-01 -4.531774924734390253e-01
6.500000000000003553e-01 -3.918110578481910355e-01
6.600000000000003642e-01 -3.288970800219507273e-01
6.700000000000003730e-01 -2.644683187652399625e-01
6.800000000000003819e-01 -1.985309477452264215e-01
6.900000000000003908e-01 -1.310879776921441975e-01
7.000000000000003997e-01 -6.216934203621282684e-02
7.100000000000004086e-01 8.137891382162308271e-03
7.200000000000004174e-01 7.966428451302262626e-02
7.300000000000004263e-01 1.521396905420984158e-01
7.400000000000004352e-01 2.251864439419651032e-01
7.500000000000004441e-01 2.983283256426867425e-01
7.600000000000004530e-01 3.710124395840398992e-01
7.700000000000004619e-01 4.426398259414241476e-01
7.800000000000004707e-01 5.125997957752910228e-01
7.900000000000004796e-01 5.803013512098514903e-01
8.000000000000004885e-01 6.451965036066219517e-01
8.100000000000004974e-01 7.067928143000539176e-01
8.200000000000005063e-01 7.646560198150825771e-01
8.300000000000005151e-01 8.184047531833829048e-01
8.400000000000005240e-01 8.677018324423998452e-01
8.500000000000005329e-01 9.122472378377677327e-01
8.600000000000005418e-01 9.517741720919289383e-01
8.700000000000005507e-01 9.860488904702418012e-01
8.800000000000005596e-01 1.014879661076405482e+00
8.900000000000005684e-01 1.038135854168785066e+00
9.000000000000005773e-01 1.055767335856587774e+00
9.100000000000005862e-01 1.067818984379330205e+00
9.200000000000005951e-01 1.074437779176866004e+00
9.300000000000006040e-01 1.075866740934169119e+00
9.400000000000006128e-01 1.072425522038035872e+00
9.500000000000006217e-01 1.064481313530667661e+00
9.600000000000006306e-01 1.052412734634074809e+00
9.700000000000006395e-01 1.036571878162360738e+00
9.800000000000006484e-01 1.017253426464115096e+00
9.900000000000006573e-01 9.946747513683830144e-01
1.000000000000000666e+00 9.689665389821778829e-01
1.010000000000000675e+00 9.401770003051538316e-01
1.020000000000000684e+00 9.082899383560061324e-01
1.030000000000000693e+00 8.732493670400351959e-01
1.040000000000000702e+00 8.349854887184925412e-01
1.050000000000000711e+00 7.934400605525536720e-01
1.060000000000000719e+00 7.485847273874188801e-01
1.070000000000000728e+00 7.004274868699287282e-01
1.080000000000000737e+00 6.490106499979552135e-01
1.090000000000000746e+00 5.944033377770089333e-01
1.100000000000000755e+00 5.366901036731273056e-01
1.110000000000000764e+00 4.759626745559087380e-01
1.120000000000000773e+00 4.123204175181443554e-01
1.130000000000000782e+00 3.458791280332412788e-01
1.140000000000000790e+00 2.767876839648146237e-01
1.150000000000000799e+00 2.052509676598988086e-01
1.160000000000000808e+00 1.315529241185587894e-01
1.170000000000000817e+00 5.607321807043673390e-02
1.180000000000000826e+00 -2.070611369372113778e-02
1.190000000000000835e+00 -9.820645857677132162e-02
1.200000000000000844e+00 -1.757725121879461228e-01
1.210000000000000853e+00 -2.527036650470645407e-01
1.220000000000000862e+00 -3.282913379257669795e-01
1.230000000000000870e+00 -4.018579178261570961e-01
1.240000000000000879e+00 -4.727916194595081500e-01
1.250000000000000888e+00 -5.405711760441578306e-01
1.260000000000000897e+00 -6.047782318448063910e-01
1.270000000000000906e+00 -6.650969097866166191e-01
1.280000000000000915e+00 -7.213012886964333958e-01
1.290000000000000924e+00 -7.732358354923745125e-01
1.300000000000000933e+00 -8.207948838668978064e-01
1.310000000000000941e+00 -8.639045713615743916e-01
1.320000000000000950e+00 -9.025117664190152045e-01
1.330000000000000959e+00 -9.365835847118156865e-01
1.340000000000000968e+00 -9.661139861211147650e-01
1.350000000000000977e+00 -9.911332290246241961e-01
1.360000000000000986e+00 -1.011718077334998078e+00
1.370000000000000995e+00 -1.027996428836279064e+00
1.380000000000001004e+00 -1.040140995201770391e+00
1.390000000000001013e+00 -1.048353521127439070e+00
1.400000000000001021e+00 -1.052841158866887783e+00
1.410000000000001030e+00 -1.053786558474824275e+00
1.420000000000001039e+00 -1.051318464315058154e+00
1.430000000000001048e+00 -1.045490420255484221e+00
1.440000000000001057e+00 -1.036269914685477245e+00
1.450000000000001066e+00 -1.023538665162715189e+00
1.460000000000001075e+00 -1.007107385120852960e+00
1.470000000000001084e+00 -9.867431330895589658e-01
1.480000000000001092e+00 -9.622014437548993548e-01
1.490000000000001101e+00 -9.332600646766828767e-01
1.500000000000001110e+00 -8.997514677091306146e-01
1.510000000000001119e+00 -8.615856417472091966e-01
1.520000000000001128e+00 -8.187594161689734085e-01
1.530000000000001137e+00 -7.713560084794564009e-01
1.540000000000001146e+00 -7.195355557244735856e-01
1.550000000000001155e+00 -6.635174559474983358e-01
1.560000000000001164e+00 -6.035629052213560275e-01
1.570000000000001172e+00 -5.399641514093951322e-01
1.580000000000001181e+00 -4.730405290687542119e-01
1.590000000000001190e+00 -4.031420414127513951e-01
1.600000000000001199e+00 -3.306607137185027523e-01
1.610000000000001208e+00 -2.560442466255409832e-01
1.620000000000001217e+00 -1.798046076717872699e-01
1.630000000000001226e+00 -1.025185735197711306e-01
1.640000000000001235e+00 -2.481790542805393032e-02
1.650000000000001243e+00 5.263317939605544754e-02
1.660000000000001252e+00 1.291698580077889347e-01
1.670000000000001261e+00 2.041621790622173971e-01
1.680000000000001270e+00 2.770497245426445376e-01
1.690000000000001279e+00 3.473698045400186452e-01
1.700000000000001288e+00 4.147734761313954244e-01
1.710000000000001297e+00 4.790281315835946407e-01
1.720000000000001306e+00 5.400078909914366454e-01
1.730000000000001315e+00 5.976721330516676645e-01
1.740000000000001323e+00 6.520366156364726384e-01
1.750000000000001332e+00 7.031442089402285545e-01
1.760000000000001341e+00 7.510387814674970297e-01
1.770000000000001350e+00 7.957458610120474729e-01
1.780000000000001359e+00 8.372641168512484633e-01
1.790000000000001368e+00 8.755668031890433411e-01
1.800000000000001377e+00 9.106095044886298728e-01
1.810000000000001386e+00 9.423414775069155480e-01
1.820000000000001394e+00 9.707154839352505338e-01
1.830000000000001403e+00 9.956908831687534267e-01
1.840000000000001412e+00 1.017229360906593438e+00
1.850000000000001421e+00 1.035283193721150630e+00
1.860000000000001430e+00 1.049777219521283111e+00
1.870000000000001439e+00 1.060590522944266256e+00
1.880000000000001448e+00 1.067544695747845385e+00
1.890000000000001457e+00 1.070401195267789873e+00
1.900000000000001465e+00 1.068868866047469668e+00
1.910000000000001474e+00 1.062624963825776314e+00
1.920000000000001483e+00 1.051346801898143113e+00
1.930000000000001492e+00 1.034745916238644314e+00
1.940000000000001501e+00 1.012602114511724549e+00
1.950000000000001510e+00 9.847942537230969240e-01
1.960000000000001519e+00 9.513195067695018325e-01
1.970000000000001528e+00 9.122978280765438042e-01
1.980000000000001537e+00 8.679651568651579607e-01
1.990000000000001545e+00 8.186564966892921902e-01
2.000000000000001332e+00 7.647796534991850859e-01
2.010000000000001119e+00 7.067872577488951702e-01
2.020000000000000906e+00 6.451535886411304821e-01
2.030000000000000693e+00 5.803572067818286717e-01
2.040000000000000480e+00 5.128721745450438574e-01
2.050000000000000266e+00 4.431695674430984333e-01
2.060000000000000053e+00 3.717242819890312910e-01
2.069999999999999840e+00 2.990218653660515757e-01
2.079999999999999627e+00 2.255626987353797630e-01
2.089999999999999414e+00 1.518585358977874722e-01
2.099999999999999201e+00 7.841816944393176225e-02
2.109999999999998987e+00 5.725517670598193574e-03
2.119999999999998774e+00 -6.578553206386404673e-02
2.129999999999998561e+00 -1.357567485114535843e-01
2.139999999999998348e+00 -2.039257390039078965e-01
2.149999999999998135e+00 -2.701333108140374084e-01
2.159999999999997922e+00 -3.343175267359363989e-01
2.169999999999997708e+00 -3.964966702713140778e-01
2.179999999999997495e+00 -4.567407469477429705e-01
2.189999999999997282e+00 -5.151361725979015649e-01
2.199999999999997069e+00 -5.717513880254579961e-01
2.209999999999996856e+00 -6.266076880421355133e-01
2.219999999999996643e+00 -6.796585822250316156e-01
2.229999999999996430e+00 -7.307810575508099094e-01
2.239999999999996216e+00 -7.797795207374629278e-01
2.249999999999996003e+00 -8.263997077035294403e-01
2.259999999999995790e+00 -8.703491295292177243e-01
2.269999999999995577e+00 -9.113187532515552025e-01
2.279999999999995364e+00 -9.490001680396593642e-01
2.289999999999995151e+00 -9.830964644362920613e-01
2.299999999999994937e+00 -1.013324788597647963e+00
2.309999999999994724e+00 -1.039409794593064040e+00
2.319999999999994511e+00 -1.061073699508512824e+00
2.329999999999994298e+00 -1.078029033603343567e+00
2.339999999999994085e+00 -1.089975844343930689e+00
2.349999999999993872e+00 -1.096606951178874079e+00
2.359999999999993658e+00 -1.097626211075412472e+00
2.369999999999993445e+00 -1.092776442264443926e+00
2.379999999999993232e+00 -1.081869785607410206e+00
2.389999999999993019e+00 -1.064816815581980380e+00
2.399999999999992806e+00 -1.041649982864327972e+00
2.409999999999992593e+00 -1.012534196841727629e+00
2.419999999999992379e+00 -9.777616228901534479e-01
2.429999999999992166e+00 -9.377345743186497051e-01
2.439999999999991953e+00 -8.929381150448306714e-01
2.449999999999991740e+00 -8.439044038340295373e-01
2.459999999999991527e+00 -7.911772554863820694e-01
2.469999999999991314e+00 -7.352824857553592608e-01
2.479999999999991100e+00 -6.767055488539494013e-01
2.489999999999990887e+00 -6.158800082210257321e-01
2.499999999999990674e+00 -5.531882975849163886e-01
2.509999999999990461e+00 -4.889702460957626173e-01
2.519999999999990248e+00 -4.235349659407171008e-01
2.529999999999990035e+00 -3.571740501048856209e-01
2.539999999999989821e+00 -2.901700113644916090e-01
2.549999999999989608e+00 -2.227953011768867286e-01
2.559999999999989395e+00 -1.553044624191391998e-01
2.569999999999989182e+00 -8.792158755793971769e-02
2.579999999999988969e+00 -2.082479644817698816e-02
2.589999999999988756e+00 4.586580156630491040e-02
2.599999999999988542e+00 1.120902260270045109e-01
2.609999999999988329e+00 1.778399022650849204e-01
2.619999999999988116e+00 2.431389022123884025e-01
2.629999999999987903e+00 3.080152470569885170e-01
2.639999999999987690e+00 3.724670043590695978e-01
2.649999999999987477e+00 4.364311491141059651e-01
2.659999999999987264e+00 4.997595816878312447e-01
2.669999999999987050e+00 5.622052311558547455e-01
2.679999999999986837e+00 6.234222003700286008e-01
2.689999999999986624e+00 6.829794775817622510e-01
2.699999999999986411e+00 7.403840133564044690e-01
2.709999999999986198e+00 7.951105439453792778e-01
2.719999999999985985e+00 8.466333746368972513e-01
2.729999999999985771e+00 8.944536463635293089e-01
2.739999999999985558e+00 9.381194177050149463e-01
2.749999999999985345e+00 9.772367748500585538e-01
2.759999999999985132e+00 1.011470492012906952e+00
2.769999999999984919e+00 1.040537252288270320e+00
2.779999999999984706e+00 1.064196867844404926e+00
2.789999999999984492e+00 1.082244660228310895e+00
2.799999999999984279e+00 1.094507995229951680e+00
2.809999999999984066e+00 1.100851941283048863e+00
2.819999999999983853e+00 1.101193849069642461e+00
2.829999999999983640e+00 1.095521314435013105e+00
2.839999999999983427e+00 1.083910216629536238e+00
2.849999999999983213e+00 1.066539112799776090e+00
2.859999999999983000e+00 1.043692912752871127e+00
2.869999999999982787e+00 1.015752709426384737e+00
2.879999999999982574e+00 9.831745734634664835e-01
2.889999999999982361e+00 9.464586415091972293e-01
2.899999999999982148e+00 9.061112043857895149e-01
2.909999999999981934e+00 8.626081699711638517e-01
2.919999999999981721e+00 8.163657341909136278e-01
2.929999999999981508e+00 7.677198625873065119e-01
2.939999999999981295e+00 7.169188670773150029e-01
2.949999999999981082e+00 6.641308547026011366e-01
2.959999999999980869e+00 6.094601849758073397e-01
2.969999999999980655e+00 5.529694860424776426e-01
2.979999999999980442e+00 4.947053330897616674e-01
2.989999999999980229e+00 4.347199121673218647e-01
2.999999999999980016e+00 3.730838542343375974e-01
3.009999999999979803e+00 3.098915823789301638e-01
3.019999999999979590e+00 2.452587641189980239e-01
3.029999999999979376e+00 1.793121159493223371e-01
3.039999999999979163e+00 1.121783220498479422e-01
3.049999999999978950e+00 4.397852556929325585e-02
3.059999999999978737e+00 -2.517027307951640036e-02
3.069999999999978524e+00 -9.514523067067486017e-02
3.079999999999978311e+00 -1.657975509734022357e-01
3.089999999999978098e+00 -2.369271069127573681e-01
3.099999999999977884e+00 -3.082594778611466579e-01
3.109999999999977671e+00 -3.794289405307267327e-01
3.119999999999977458e+00 -4.499717753264764197e-01
3.129999999999977245e+00 -5.193351453440042675e-01
3.139999999999977032e+00 -5.868999782098002216e-01
3.149999999999976819e+00 -6.520132873287433073e-01
3.159999999999976605e+00 -7.140265318666745298e-01
3.169999999999976392e+00 -7.723340397801790047e-01
3.179999999999976179e+00 -8.264039931871846045e-01
3.189999999999975966e+00 -8.757991767028735497e-01
3.199999999999975753e+00 -9.201865408992231377e-01
3.209999999999975540e+00 -9.593334447297965362e-01
3.219999999999975326e+00 -9.930943499211347669e-01
3.229999999999975113e+00 -1.021393839314153285e+00
3.239999999999974900e+00 -1.044208157724175967e+00
3.249999999999974687e+00 -1.061549827189035566e+00
3.259999999999974474e+00 -1.073460709429693516e+00
3.269999999999974261e+00 -1.080013260495823246e+00
3.279999999999974047e+00 -1.081316805212676702e+00
3.289999999999973834e+00 -1.077527244056456723e+00
3.299999999999973621e+00 -1.068856485004510803e+00
3.309999999999973408e+00 -1.055574328706025522e+00
3.319999999999973195e+00 -1.037999509942270748e+00
3.329999999999972982e+00 -1.016481547306963273e+00
3.339999999999972768e+00 -9.913740293781692081e-01
3.349999999999972555e+00 -9.630018759807358331e-01
3.359999999999972342e+00 -9.316310386901321960e-01
3.369999999999972129e+00 -8.974467999259158058e-01
3.379999999999971916e+00 -8.605423881662398466e-01
3.389999999999971703e+00 -8.209218618279235935e-01
3.399999999999971489e+00 -7.785177722541731793e-01
3.409999999999971276e+00 -7.332179087595391831e-01
3.419999999999971063e+00 -6.848973386194430191e-01
3.429999999999970850e+00 -6.334520833023695729e-01
3.439999999999970637e+00 -5.788268529353701730e-01
3.449999999999970424e+00 -5.210325125344325015e-01
3.459999999999970210e+00 -4.601545871158507217e-01
3.469999999999969997e+00 -3.963518491027570589e-01
3.479999999999969784e+00 -3.298447993974683023e-01
3.489999999999969571e+00 -2.609010379854699302e-01
3.499999999999969358e+00 -1.898228057143565295e-01
3.509999999999969145e+00 -1.169371890904490757e-01
3.519999999999968932e+00 -4.259246252019065898e-02
3.529999999999968718e+00 3.283617812649508583e-02
3.539999999999968505e+00 1.089352087661505236e-01
3.549999999999968292e+00 1.852418889844366368e-01
3.559999999999968079e+00 2.612362915137757535e-01
3.569999999999967866e+00 3.363398853429337976e-01
3.579999999999967653e+00 4.099269076900424746e-01
3.589999999999967439e+00 4.813476916751878165e-01
3.599999999999967226e+00 5.499595057941981668e-01
3.609999999999967013e+00 6.151629281344956901e-01
3.619999999999966800e+00 6.764373882162082463e-01
3.629999999999966587e+00 7.333679365136444028e-01
3.639999999999966374e+00 7.856609761181435614e-01
3.649999999999966160e+00 8.331470477492892712e-01
3.659999999999965947e+00 8.757686511088392800e-01
3.669999999999965734e+00 9.135579372167513812e-01
3.679999999999965521e+00 9.466101578115593274e-01
3.689999999999965308e+00 9.750545988166526845e-01
3.699999999999965095e+00 9.990281155252884737e-01
3.709999999999964881e+00 1.018657999334575903e+00
3.719999999999964668e+00 1.034054313688544724e+00
3.729999999999964455e+00 1.045309292947797175e+00
3.739999999999964242e+00 1.052504237804187781e+00
3.749999999999964029e+00 1.055720823906757699e+00
3.759999999999963816e+00 1.055048966593003179e+00
3.769999999999963602e+00 1.050588111587083873e+00
3.779999999999963389e+00 1.042442308125649086e+00
3.789999999999963176e+00 1.030707515146737530e+00
3.799999999999962963e+00 1.015452458165584382e+00
3.809999999999962750e+00 9.966993860669949301e-01
3.819999999999962537e+00 9.744100025798945186e-01
3.829999999999962323e+00 9.484797450259605522e-01
3.839999999999962110e+00 9.187456019009672126e-01
3.849999999999961897e+00 8.850082373197192265e-01
3.859999999999961684e+00 8.470626943792064489e-01
3.869999999999961471e+00 8.047345996543230351e-01
3.879999999999961258e+00 7.579174146881447749e-01
3.889999999999961044e+00 7.066010716857838991e-01
3.899999999999960831e+00 6.508876906476142032e-01
3.909999999999960618e+00 5.909958736012467240e-01
3.919999999999960405e+00 5.272518887035300139e-01
3.929999999999960192e+00 4.600681596374782689e-01
3.939999999999959979e+00 3.899173743663593150e-01
3.949999999999959766e+00 3.173082966461026055e-01
3.959999999999959552e+00 2.427639918374732975e-01
3.969999999999959339e+00 1.668062906185609484e-01
3.979999999999959126e+00 8.995076662356349395e-02
3.989999999999958913e+00 1.270921345236374934e-02
3.999999999999958700e+00 -6.440543001932841349e-02
4.009999999999958931e+00 -1.408731899240151242e-01
4.019999999999958717e+00 -2.161643376551701801e-01
4.029999999999958504e+00 -2.897458542297322026e-01
4.039999999999958291e+00 -3.610969966581302759e-01
4.049999999999958078e+00 -4.297315236168531838e-01
4.059999999999957865e+00 -4.952249405716926955e-01
4.069999999999957652e+00 -5.572407611989068643e-01
4.079999999999957438e+00 -6.155486146190272123e-01
4.089999999999957225e+00 -6.700317717820573060e-01
4.099999999999957012e+00 -7.206815888261982606e-01
4.109999999999956799e+00 -7.675766696069805661e-01
4.119999999999956586e+00 -8.108520403230965456e-01
4.129999999999956373e+00 -8.506650660853553036e-01
4.139999999999956160e+00 -8.871608318104957647e-01
4.149999999999955946e+00 -9.204428906656469955e-01
4.159999999999955733e+00 -9.505560786855182798e-01
4.169999999999955520e+00 -9.774809796585203214e-01
4.179999999999955307e+00 -1.001137875389815468e+00
4.189999999999955094e+00 -1.021399909818339058e+00
4.199999999999954881e+00 -1.038111575206627446e+00
4.209999999999954667e+00 -1.051106017003227810e+00
4.219999999999954454e+00 -1.060218187057798911e+00
4.229999999999954241e+00 -1.065292603855890974e+00
4.239999999999954028e+00 -1.066183198304051505e+00
4.249999999999953815e+00 -1.062746522015006079e+00
4.259999999999953602e+00 -1.054833390352304390e+00
4.269999999999953388e+00 -1.042281972268166212e+00
4.279999999999953175e+00 -1.024915466658637087e+00
4.289999999999952962e+00 -1.002550089429125935e+00
4.299999999999952749e+00 -9.750140997204230775e-01
4.309999999999952536e+00 -9.421730787677088381e-01
4.319999999999952323e+00 -9.039596509046518014e-01
4.329999999999952109e+00 -8.604037656929326428e-01
4.339999999999951896e+00 -8.116537882577375962e-01
4.349999999999951683e+00 -7.579841283576616018e-01
4.359999999999951470e+00 -6.997910180182493889e-01
4.369999999999951257e+00 -6.375749315529593009e-01
4.379999999999951044e+00 -5.719102922822170143e-01
4.389999999999950830e+00 -5.034107975436280524e-01
4.399999999999950617e+00 -4.326968826550036118e-01
4.409999999999950404e+00 -3.603667123119592142e-01
4.419999999999950191e+00 -2.869751626372474829e-01
4.429999999999949978e+00 -2.130248814189459050e-01
4.439999999999949765e+00 -1.389664167738831335e-01
4.449999999999949551e+00 -6.520389178492905224e-02
4.459999999999949338e+00 7.895032237992906377e-03
4.469999999999949125e+00 7.998897590874932961e-02
4.479999999999948912e+00 1.507577636148289824e-01
4.489999999999948699e+00 2.199035874817752700e-01
4.499999999999948486e+00 2.871576975626453643e-01
4.509999999999948272e+00 3.522930517790889837e-01
4.519999999999948059e+00 4.151389282472889852e-01
4.529999999999947846e+00 4.755910004088457210e-01
4.539999999999947633e+00 5.336144486269108755e-01
4.549999999999947420e+00 5.892372533971641513e-01
4.559999999999947207e+00 6.425306670215734650e-01
4.569999999999946994e+00 6.935801555030303156e-01
4.579999999999946780e+00 7.424524982371651927e-01
4.589999999999946567e+00 7.891625742393749698e-01
4.599999999999946354e+00 8.336462543067780784e-01
4.609999999999946141e+00 8.757466582954762657e-01
4.619999999999945928e+00 9.152143788292699256e-01
4.629999999999945715e+00 9.517202895695964227e-01
4.639999999999945501e+00 9.848802228276519743e-01
4.649999999999945288e+00 1.014286041043298559e+00
4.659999999999945075e+00 1.039535509475901787e+00
4.669999999999944862e+00 1.060257906900950342e+00
4.679999999999944649e+00 1.076132756112545774e+00
4.689999999999944436e+00 1.086897131915411041e+00
4.699999999999944222e+00 1.092343368985323915e+00
4.709999999999944009e+00 1.092312427355676130e+00
4.719999999999943796e+00 1.086684603593063292e+00
4.729999999999943583e+00 1.075371472827146624e+00
4.739999999999943370e+00 1.058315465748855599e+00
4.749999999999943157e+00 1.035498093350727844e+00
4.759999999999942943e+00 1.006953590192326997e+00
4.769999999999942730e+00 9.727873985478961982e-01
4.779999999999942517e+00 9.331966406732608021e-01
4.789999999999942304e+00 8.884831742198815441e-01
4.799999999999942091e+00 8.390548821173778871e-01
4.809999999999941878e+00 7.854159470329018511e-01
4.819999999999941664e+00 7.281432685431187268e-01
4.829999999999941451e+00 6.678506408319841992e-01
4.839999999999941238e+00 6.051499009024613462e-01
4.849999999999941025e+00 5.406150293741291968e-01
4.859999999999940812e+00 4.747519048121881524e-01
4.869999999999940599e+00 4.079798254598061558e-01
4.879999999999940385e+00 3.406283876337073968e-01
4.889999999999940172e+00 2.729458994446862241e-01
4.899999999999939959e+00 2.051155749117997695e-01
4.909999999999939746e+00 1.372774333750431952e-01
4.919999999999939533e+00 6.955033232322109515e-02
4.929999999999939320e+00 2.048150810231666799e-03
4.939999999999939106e+00 -6.511088422030741896e-02
4.949999999999938893e+00 -1.318012357034624438e-01
4.959999999999938680e+00 -1.978941176867964058e-01
4.969999999999938467e+00 -2.632657859700848757e-01
4.979999999999938254e+00 -3.278047933362052690e-01
4.989999999999938041e+00 -3.914151273844833079e-01
4.999999999999937828e+00 -4.540127795402931210e-01
5.009999999999937614e+00 -5.155132880223115555e-01
5.019999999999937401e+00 -5.758114914026060127e-01
5.029999999999937188e+00 -6.347581134502695566e-01
5.039999999999936975e+00 -6.921366481165617257e-01
5.049999999999936762e+00 -7.476459039059032419e-01
5.059999999999936549e+00 -8.008953899536278564e-01
5.069999999999936335e+00 -8.514140988509485419e-01
5.079999999999936122e+00 -8.986716438963280318e-01
5.089999999999935909e+00 -9.421114230546826507e-01
5.099999999999935696e+00 -9.811891475102864080e-01
5.109999999999935483e+00 -1.015408585170609612e+00
5.119999999999935270e+00 -1.044350565370771866e+00
5.129999999999935056e+00 -1.067692493915830321e+00
5.139999999999934843e+00 -1.085214641973857530e+00
5.149999999999934630e+00 -1.096794556886837801e+00
5.159999999999934417e+00 -1.102395213087770109e+00
5.169999999999934204e+00 -1.102049044705295300e+00
5.179999999999933991e+00 -1.095841255988074803e+00
5.189999999999933777e+00 -1.083898250584667045e+00
5.199999999999933564e+00 -1.066382696352412784e+00
5.209999999999933351e+00 -1.043493556636724939e+00
5.219999999999933138e+00 -1.015471559705976246e+00
5.229999999999932925e+00 -9.826082866326162346e-01
5.239999999999932712e+00 -9.452513078005227998e-01
5.249999999999932498e+00 -9.038026687762996669e-01
5.259999999999932285e+00 -8.587110866022740208e-01
5.269999999999932072e+00 -8.104534974206426545e-01
5.279999999999931859e+00 -7.595061775276430449e-01
5.289999999999931646e+00 -7.063135838791828602e-01
5.299999999999931433e+00 -6.512597017918072551e-01
5.309999999999931219e+00 -5.946433588675249515e-01
5.319999999999931006e+00 -5.366653218609039877e-01
5.329999999999930793e+00 -4.774322148353173367e-01
5.339999999999930580e+00 -4.169725415089585163e-01
5.349999999999930367e+00 -3.552619598138602730e-01
5.359999999999930154e+00 -2.922560312100985214e-01
5.369999999999929940e+00 -2.279232543397143318e-01
5.379999999999929727e+00 -1.622709771955526958e-01
5.389999999999929514e+00 -9.536220894145533422e-02
5.399999999999929301e+00 -2.732306963882114373e-02
5.409999999999929088e+00 4.166056189098769208e-02
5.419999999999928875e+00 1.113540150506279469e-01
5.429999999999928662e+00 1.814867871136326138e-01
5.439999999999928448e+00 2.517649408663181765e-01
5.449999999999928235e+00 3.218796347683148262e-01
5.459999999999928022e+00 3.915077190732213497e-01
5.469999999999927809e+00 4.603053214537187188e-01
5.479999999999927596e+00 5.278977182752675468e-01
5.489999999999927383e+00 5.938666201922138121e-01
5.499999999999927169e+00 6.577401999768234253e-01
5.509999999999926956e+00 7.189934634186874174e-01
5.519999999999926743e+00 7.770596342837711168e-01
5.529999999999926530e+00 8.313518521656680926e-01
5.539999999999926317e+00 8.812959248915815946e-01
5.549999999999926104e+00 9.263688614831973034e-01
5.559999999999925890e+00 9.661341936709042511e-01
5.569999999999925677e+00 1.000269464720970669e+00
5.579999999999925464e+00 1.028582171712637106e+00
5.589999999999925251e+00 1.051009509578896051e+00
5.599999999999925038e+00 1.067603606008925121e+00
5.609999999999924825e+00 1.078507396681310126e+00
5.619999999999924611e+00 1.083925197711023580e+00
5.629999999999924398e+00 1.084093699005623801e+00
5.639999999999924185e+00 1.079259462012696735e+00
5.649999999999923972e+00 1.069664942238223837e+00
5.659999999999923759e+00 1.055542286246852202e+00
5.669999999999923546e+00 1.037115664436151885e+00
5.679999999999923332e+00 1.014609503794987155e+00
5.689999999999923119e+00 9.882551597559231515e-01
5.699999999999922906e+00 9.582938395417067712e-01
5.709999999999922693e+00 9.249760743661447071e-01
5.719999999999922480e+00 8.885527948908069629e-01
5.729999999999922267e+00 8.492575350359642394e-01
5.739999999999922053e+00 8.072874775291829508e-01
5.749999999999921840e+00 7.627861941365410292e-01
5.759999999999921627e+00 7.158286107142746157e-01
5.769999999999921414e+00 6.664165128281116512e-01
5.779999999999921201e+00 6.144892198306703968e-01
5.789999999999920988e+00 5.599450461789388100e-01
5.799999999999920774e+00 5.026714839260573164e-01
5.809999999999920561e+00 4.425822549814961704e-01
5.819999999999920348e+00 3.796527047445780179e-01
5.829999999999920135e+00 3.139458467857584312e-01
5.839999999999919922e+00 2.456277567593691258e-01
5.849999999999919709e+00 1.749702976230451401e-01
5.859999999999919496e+00 1.023394067354815307e-01
5.869999999999919282e+00 2.817447371170741025e-02
5.879999999999919069e+00 -4.703508789548316305e-02
5.889999999999918856e+00 -1.227738716068900171e-01
5.899999999999918643e+00 -1.985204391604532825e-01
5.909999999999918430e+00 -2.737580131307280062e-01
5.919999999999918217e+00 -3.479778167013134471e-01
5.929999999999918003e+00 -4.206785546260795594e-01
5.939999999999917790e+00 -4.913613359811599413e-01
5.949999999999917577e+00 -5.595240501666979283e-01
5.959999999999917364e+00 -6.246626774968887519e-01
5.969999999999917151e+00 -6.862797422879669540e-01
5.979999999999916938e+00 -7.438988316661504507e-01
5.989999999999916724e+00 -7.970873939238062311e-01
5.999999999999916511e+00 -8.454841415780849356e-01
6.009999999999916298e+00 -8.888234228099989309e-01
6.019999999999916085e+00 -9.269531375729617162e-01
6.029999999999915872e+00 -9.598425079026995377e-01
6.039999999999915659e+00 -9.875752440623699613e-01
6.049999999999915445e+00 -1.010328965839341731e+00
6.059999999999915232e+00 -1.028344778071441867e+00
6.069999999999915019e+00 -1.041891222058818345e+00
6.079999999999914806e+00 -1.051228698356620139e+00
6.089999999999914593e+00 -1.056581500679514507e+00
6.099999999999914380e+00 -1.058120524369680515e+00
6.109999999999914166e+00 -1.055956571941679023e+00
6.119999999999913953e+00 -1.050145620374703048e+00
6.129999999999913740e+00 -1.040703002523149401e+00
6.139999999999913527e+00 -1.027619047406939101e+00
6.149999999999913314e+00 -1.010873694085861807e+00
6.159999999999913101e+00 -9.904489536673555250e-01
6.169999999999912887e+00 -9.663337717785838166e-01
6.179999999999912674e+00 -9.385202341280229899e-01
6.189999999999912461e+00 -9.069971148742569378e-01
6.199999999999912248e+00 -8.717421398589439985e-01
6.209999999999912035e+00 -8.327132633210979629e-01
6.219999999999911822e+00 -7.898471864296527922e-01
6.229999999999911608e+00 -7.430689160919695668e-01
6.239999999999911395e+00 -6.923085185925939022e-01
6.249999999999911182e+00 -6.375257662970523764e-01
6.259999999999910969e+00 -5.787420923942531159e-01
6.269999999999910756e+00 -5.160701788445541949e-01
6.279999999999910543e+00 -4.497344291663376570e-01
6.289999999999910330e+00 -3.800815478000222347e-01
6.299999999999910116e+00 -3.075766355607172930e-01
6.309999999999909903e+00 -2.327822837532982359e-01
6.319999999999909690e+00 -1.563275416993911426e-01
6.329999999999909477e+00 -7.887334343407212400e-02
6.339999999999909264e+00 -1.076748314690991566e-03
6.349999999999909051e+00 7.643933602582250741e-02
6.359999999999908837e+00 1.531036142613459161e-01
6.369999999999908624e+00 2.284032330568437907e-01
6.379999999999908411e+00 3.018832205147378711e-01
6.389999999999908198e+00 3.731375695699961637e-01
6.399999999999907985e+00 4.417974416218316547e-01
6.409999999999907772e+00 5.075241827543800488e-01
6.419999999999907558e+00 5.700072490441829842e-01
6.429999999999907345e+00 6.289669206024283143e-01
6.439999999999907132e+00 6.841648359588404782e-01
6.449999999999906919e+00 7.354194419122744852e-01
6.459999999999906706e+00 7.826194693587529283e-01
6.469999999999906493e+00 8.257332776221998349e-01
6.479999999999906279e+00 8.648110238351771617e-01
6.489999999999906066e+00 8.999743238445222504e-01
6.499999999999905853e+00 9.313941210310131558e-01
6.509999999999905640e+00 9.592606047732771257e-01
6.519999999999905427e+00 9.837483366778515537e-01
6.529999999999905214e+00 1.004982374047622029e+00
6.539999999999905000e+00 1.023012804705653478e+00
6.549999999999904787e+00 1.037801458453770698e+00
6.559999999999904574e+00 1.049222318456945136e+00
6.569999999999904361e+00 1.057076518041112356e+00
6.579999999999904148e+00 1.061117669023681431e+00
6.589999999999903935e+00 1.061080618195314296e+00
6.599999999999903721e+00 1.056709520393504631e+00
6.609999999999903508e+00 1.047781333672609838e+00
6.619999999999903295e+00 1.034119111635745547e+00
6.629999999999903082e+00 1.015595216094253406e+00
6.639999999999902869e+00 9.921294539344412966e-01
6.649999999999902656e+00 9.636821852404435784e-01
6.659999999999902442e+00 9.302448032340070450e-01
6.669999999999902229e+00 8.918357718728263661e-01
6.679999999999902016e+00 8.485040181222279765e-01
6.689999999999901803e+00 8.003367736303197422e-01
6.699999999999901590e+00 7.474734484931695455e-01
6.709999999999901377e+00 6.901253269784081157e-01
6.719999999999901164e+00 6.285925037954155359e-01
6.729999999999900950e+00 5.632732752509966856e-01
6.739999999999900737e+00 4.946662321663758966e-01
6.749999999999900524e+00 4.233598418273575303e-01
6.759999999999900311e+00 3.500071201434424295e-01
6.769999999999900098e+00 2.752916808871290200e-01
6.779999999999899885e+00 1.998904890105531462e-01
6.789999999999899671e+00 1.244359961858955005e-01
6.799999999999899458e+00 4.948532780315187396e-02
6.809999999999899245e+00 -2.449637486842791076e-02
6.819999999999899032e+00 -9.714026230524425154e-02
6.829999999999898819e+00 -1.681672270839519590e-01
6.839999999999898606e+00 -2.373699393675913483e-01
6.849999999999898392e+00 -3.045901458661227634e-01
6.859999999999898179e+00 -3.696995285576189505e-01
6.869999999999897966e+00 -4.325848320712860628e-01
6.879999999999897753e+00 -4.931379947188461177e-01
6.889999999999897540e+00 -5.512560199699122476e-01
6.899999999999897327e+00 -6.068476778500503377e-01
6.909999999999897113e+00 -6.598399270265462579e-01
6.919999999999896900e+00 -7.101835204829830550e-01
6.929999999999896687e+00 -7.578558749679999984e-01
6.939999999999896474e+00 -8.028552214689049782e-01
6.949999999999896261e+00 -8.451856927162243460e-01
6.959999999999896048e+00 -8.848369956436797912e-01
6.969999999999895834e+00 -9.217603640664365772e-01
6.979999999999895621e+00 -9.558446299830583026e-01
6.989999999999895408e+00 -9.868994114989918520e-01
6.999999999999895195e+00 -1.014649216343505911e+00
7.009999999999894982e+00 -1.038740627457255927e+00
7.019999999999894769e+00 -1.058764264720782222e+00
7.029999999999894555e+00 -1.074287337624543870e+00
7.039999999999894342e+00 -1.084890317964430029e+00
7.049999999999894129e+00 -1.090203573931764369e+00
7.059999999999893916e+00 -1.089937787923213497e+00
7.069999999999893703e+00 -1.083901118484865256e+00
7.079999999999893490e+00 -1.072003272100433335e+00
7.089999999999893276e+00 -1.054250434117142809e+00
7.099999999999893063e+00 -1.030731257208877372e+00
7.109999999999892850e+00 -1.001597669746463692e+00
7.119999999999892637e+00 -9.670492962254264580e-01
7.129999999999892424e+00 -9.273240812374663466e-01
7.139999999999892211e+00 -8.826935867760781207e-01
7.149999999999891998e+00 -8.334651833127528775e-01
7.159999999999891784e+00 -7.799907873042677409e-01
7.169999999999891571e+00 -7.226747810356284329e-01
7.179999999999891358e+00 -6.619775006816446261e-01
7.189999999999891145e+00 -5.984139509271416690e-01
7.199999999999890932e+00 -5.325426057878995811e-01
7.209999999999890719e+00 -4.649431242572953371e-01
7.219999999999890505e+00 -3.961879860287390587e-01
7.229999999999890292e+00 -3.268106659791942259e-01
7.239999999999890079e+00 -2.572734734627549757e-01
7.249999999999889866e+00 -1.879433554103363546e-01
7.259999999999889653e+00 -1.190815471684158466e-01
7.269999999999889440e+00 -5.084590131399951279e-02
7.279999999999889226e+00 1.669376499417369458e-02
7.289999999999889013e+00 8.352690488632764920e-02
7.299999999999888800e+00 1.496682936024295030e-01
7.309999999999888587e+00 2.151277269313469076e-01
7.319999999999888374e+00 2.798849492707941589e-01
7.329999999999888161e+00 3.438725166015067503e-01
7.339999999999887947e+00 4.069722943941719295e-01
7.349999999999887734e+00 4.690226296890301350e-01
7.359999999999887521e+00 5.298286339731079764e-01
7.369999999999887308e+00 5.891742802843074056e-01
7.379999999999887095e+00 6.468336396923551890e-01
7.389999999999886882e+00 7.025747963211939062e-01
7.399999999999886668e+00 7.561558152216618645e-01
7.409999999999886455e+00 8.073161435702375099e-01
7.419999999999886242e+00 8.557643796394441837e-01
7.429999999999886029e+00 9.011656920159460959e-01
7.439999999999885816e+00 9.431352883311199253e-01
7.449999999999885603e+00 9.812401369037250243e-01
7.459999999999885389e+00 1.015010954035282520e+00
7.469999999999885176e+00 1.043966480816628462e+00
7.479999999999884963e+00 1.067645782443753966e+00
7.489999999999884750e+00 1.085643148954207549e+00
7.499999999999884537e+00 1.097641961449852932e+00
7.509999999999884324e+00 1.103441807364199834e+00
7.519999999999884110e+00 1.102972015839278175e+00
7.529999999999883897e+00 1.096290248875422035e+00
7.539999999999883684e+00 1.083569232860822407e+00
7.549999999999883471e+00 1.065072892851624431e+00
7.559999999999883258e+00 1.041125933640187462e+00
7.569999999999883045e+00 1.012085729700487713e+00
7.579999999999882832e+00 9.783210472803648416e-01
7.589999999999882618e+00 9.401976949538363160e-01
7.599999999999882405e+00 8.980732316116746272e-01
7.609999999999882192e+00 8.523003007053339131e-01
7.619999999999881979e+00 8.032325943416565028e-01
7.629999999999881766e+00 7.512300953712229834e-01
7.639999999999881553e+00 6.966619671351248488e-01
7.649999999999881339e+00 6.399022976836629129e-01
7.659999999999881126e+00 5.813175600533778686e-01
7.669999999999880913e+00 5.212498858351326536e-01
7.679999999999880700e+00 4.599976434329530739e-01
7.689999999999880487e+00 3.977951147237889229e-01
7.699999999999880274e+00 3.347990956379033878e-01
7.709999999999880060e+00 2.710868722131999364e-01
7.719999999999879847e+00 2.066641966205748082e-01
7.729999999999879634e+00 1.414850211720872220e-01
7.739999999999879421e+00 7.548353349832589987e-02
7.749999999999879208e+00 8.611022640823492655e-03
7.759999999999878995e+00 -5.913071821306292719e-02
7.769999999999878781e+00 -1.276620552885841531e-01
7.779999999999878568e+00 -1.968080769750770731e-01
7.789999999999878355e+00 -2.662975096381905438e-01
7.799999999999878142e+00 -3.357755502711935458e-01
7.809999999999877929e+00 -4.048235192705565977e-01
7.819999999999877716e+00 -4.729835608360515309e-01
7.829999999999877502e+00 -5.397838122511600112e-01
7.839999999999877289e+00 -6.047557418128709505e-01
7.849999999999877076e+00 -6.674427248195178297e-01
7.859999999999876863e+00 -7.274023011666729266e-01
7.869999999999876650e+00 -7.842017343900032911e-01
7.879999999999876437e+00 -8.374107777834021160e-01
7.889999999999876223e+00 -8.865982195199505478e-01
7.899999999999876010e+00 -9.313338987215519227e-01
7.909999999999875797e+00 -9.711974742574006614e-01
7.919999999999875584e+00 -1.005796509249437642e+00
7.929999999999875371e+00 -1.034791246737586157e+00
7.939999999999875158e+00 -1.057920374701194488e+00
7.949999999999874944e+00 -1.075025023620942433e+00
7.959999999999874731e+00 -1.086066878891666754e+00
7.969999999999874518e+00 -1.091133764045312038e+00
7.979999999999874305e+00 -1.090431081661514368e+00
7.989999999999874092e+00 -1.084261344827571971e+00
7.999999999999873879e+00 -1.072993359615784126e+00
8.009999999999873666e+00 -1.057024797199981103e+00
8.019999999999873452e+00 -1.036746283780464406e+00
8.029999999999873239e+00 -1.012513437649889214e+00
8.039999999999873026e+00 -9.846284415932110567e-01
8.049999999999872813e+00 -9.533339916268435132e-01
8.059999999999872600e+00 -9.188201438523559972e-01
8.069999999999872387e+00 -8.812377646776935469e-01
8.079999999999872173e+00 -8.407141766102770308e-01
8.089999999999871960e+00 -7.973683129317287177e-01
8.099999999999871747e+00 -7.513193839333446311e-01
8.109999999999871534e+00 -7.026868858580446187e-01
8.119999999999871321e+00 -6.515853972445604381e-01
8.129999999999871108e+00 -5.981151786308107621e-01
8.139999999999870894e+00 -5.423506188778259851e-01
8.149999999999870681e+00 -4.843337719381315964e-01
8.159999999999870468e+00 -4.240764011219062546e-01
8.169999999999870255e+00 -3.615695810284823009e-01
8.179999999999870042e+00 -2.968025324126035147e-01
8.189999999999869829e+00 -2.297908133167868849e-01
8.199999999999869615e+00 -1.606069148515410494e-01
8.209999999999869402e+00 -8.940685754435340193e-02
8.219999999999869189e+00 -1.645099683025729939e-02
8.229999999999868976e+00 5.788622959644308674e-02
8.239999999999868763e+00 1.331233135878512885e-01
8.249999999999868550e+00 2.086923393726532183e-01
8.259999999999868336e+00 2.839678535121673564e-01
8.269999999999868123e+00 3.583021878739347521e-01
8.279999999999867910e+00 4.310612481025044018e-01
8.289999999999867697e+00 5.016514000014012931e-01
8.299999999999867484e+00 5.695358317353231836e-01
8.309999999999867271e+00 6.342419491183959313e-01
8.319999999999867057e+00 6.953581469811789262e-01
8.329999999999866844e+00 7.525235706924271462e-01
8.339999999999866631e+00 8.054187480098262686e-01
8.349999999999866418e+00 8.537595451995751983e-01
8.359999999999866205e+00 8.972957751353007882e-01
8.369999999999865992e+00 9.358179035462983464e-01
8.379999999999865778e+00 9.691699652119127872e-01
8.389999999999865565e+00 9.972635500801728670e-01
8.399999999999865352e+00 1.020090510187621646e+00
8.409999999999865139e+00 1.037731418132186834e+00
8.419999999999864926e+00 1.050354199936321953e+00
8.429999999999864713e+00 1.058201122216245738e+00
8.439999999999864500e+00 1.061566945141844354e+00
8.449999999999864286e+00 1.060769147892783648e+00
8.459999999999864073e+00 1.056112327691446140e+00
8.469999999999863860e+00 1.047855110935958622e+00
8.479999999999863647e+00 1.036185615108403679e+00
8.489999999999863434e+00 1.021206436511822080e+00
8.499999999999863221e+00 1.002933173473742556e+00
8.509999999999863007e+00 9.813084918294505687e-01
8.519999999999862794e+00 9.562257947453842721e-01
8.529999999999862581e+00 9.275571316030576385e-01
8.539999999999862368e+00 8.951818549354154664e-01
8.549999999999862155e+00 8.590091053979890257e-01
8.559999999999861942e+00 8.189897453360605040e-01
8.569999999999861728e+00 7.751194931585673187e-01
8.579999999999861515e+00 7.274341464516526079e-01
8.589999999999861302e+00 6.759990521577778910e-01
8.599999999999861089e+00 6.209004226347176747e-01
8.609999999999860876e+00 5.622421625995874805e-01
8.619999999999860663e+00 5.001479448664546412e-01
8.629999999999860449e+00 4.347717258525382600e-01
8.639999999999860236e+00 3.663165231999520599e-01
8.649999999999860023e+00 2.950539700794987952e-01
8.659999999999859810e+00 2.213399423595026061e-01
8.669999999999859597e+00 1.456255935761850695e-01
8.679999999999859384e+00 6.845816502956839078e-02
8.689999999999859170e+00 -9.533617420185366842e-03
8.699999999999858957e+00 -8.766558629291397453e-02
8.709999999999858744e+00 -1.652307805760837855e-01
8.719999999999858531e+00 -2.415381303634651922e-01
8.729999999999858318e+00 -3.159510715850718521e-01
8.739999999999858105e+00 -3.879159418211598487e-01
8.749999999999857891e+00 -4.569785097564322829e-01
8.759999999999857678e+00 -5.227892202303885405e-01
8.769999999999857465e+00 -5.850943241023319752e-01
8.779999999999857252e+00 -6.437168612071116902e-01
8.789999999999857039e+00 -6.985354885692744986e-01
8.799999999999856826e+00 -7.494645407641273849e-01
8.809999999999856612e+00 -7.964387148960628826e-01
8.819999999999856399e+00 -8.394074213569588938e-01
8.829999999999856186e+00 -8.783374240751128381e-01
8.839999999999855973e+00 -9.132187473693008650e-01
8.849999999999855760e+00 -9.440728103320584763e-01
8.859999999999855547e+00 -9.709592769073782659e-01
8.869999999999855333e+00 -9.939745547995897379e-01
8.879999999999855120e+00 -1.013241404422581482e+00
8.889999999999854907e+00 -1.028892814647162535e+00
8.899999999999854694e+00 -1.041049275073429481e+00
8.909999999999854481e+00 -1.049791529278762070e+00
8.919999999999854268e+00 -1.055137193221443059e+00
8.929999999999854055e+00 -1.057026002818675980e+00
8.939999999999853841e+00 -1.055314399194377417e+00
8.949999999999853628e+00 -1.049782873828887464e+00
8.959999999999853415e+00 -1.040158036063406177e+00
8.969999999999853202e+00 -1.026144121890273153e+00
8.979999999999852989e+00 -1.007458314278018241e+00
8.989999999999852776e+00 -9.838661955198342302e-01
8.999999999999852562e+00 -9.552098947347263946e-01
9.009999999999852349e+00 -9.214243418619995074e-01
9.019999999999852136e+00 -8.825419637123159688e-01
9.029999999999851923e+00 -8.386850780169889941e-01
9.039999999999851710e+00 -7.900492951347185544e-01
9.049999999999851497e+00 -7.368860664280351136e-01
9.059999999999851283e+00 -6.794880542683058300e-01
9.069999999999851070e+00 -6.181784198667793495e-01
9.079999999999850857e+00 -5.533087647990522218e-01
9.089999999999850644e+00 -4.852662463364907364e-01
9.099999999999850431e+00 -4.144823362215285245e-01
9.109999999999850218e+00 -3.414392895070907930e-01
9.119999999999850004e+00 -2.666744036028991793e-01
9.129999999999849791e+00 -1.907764302077973040e-01
9.139999999999849578e+00 -1.143693979111541636e-01
9.149999999999849365e+00 -3.808823281614921730e-02
9.159999999999849152e+00 3.744981124338601919e-02
9.169999999999848939e+00 1.116778111070092921e-01
9.179999999999848725e+00 1.841102333830805515e-01
9.189999999999848512e+00 2.543642587136526467e-01
9.199999999999848299e+00 3.221697015935126029e-01
9.209999999999848086e+00 3.873670851639031132e-01
9.219999999999847873e+00 4.498912284699315145e-01
9.229999999999847660e+00 5.097440352737500069e-01
9.239999999999847446e+00 5.669639832334051333e-01
9.249999999999847233e+00 6.215951175085546732e-01
9.259999999999847020e+00 6.736606704941037194e-01
9.269999999999846807e+00 7.231487891869771145e-01
9.279999999999846594e+00 7.700090569876526514e-01
9.289999999999846381e+00 8.141560808460575061e-01
9.299999999999846167e+00 8.554808514967694455e-01
9.309999999999845954e+00 8.938651259041364705e-01
9.319999999999845741e+00 9.291897654085642388e-01
9.329999999999845528e+00 9.613359497800394449e-01
9.339999999999845315e+00 9.901813839994191291e-01
9.349999999999845102e+00 1.015589261745699412e+00
9.359999999999844889e+00 1.037392064262605995e+00
9.369999999999844675e+00 1.055378376252142258e+00
9.379999999999844462e+00 1.069286737018303235e+00
9.389999999999844249e+00 1.078807122820176545e+00
9.399999999999844036e+00 1.083593616353160982e+00
9.409999999999843823e+00 1.083289293003060427e+00
9.419999999999843610e+00 1.077558408044769545e+00
9.429999999999843396e+00 1.066121616915807424e+00
9.439999999999843183e+00 1.048789834785765152e+00
9.449999999999842970e+00 1.025489480678655863e+00
9.459999999999842757e+00 9.962750038235510530e-01
9.469999999999842544e+00 9.613283929547576934e-01
9.479999999999842331e+00 9.209444436466954764e-01
9.489999999999842117e+00 8.755040900259677406e-01
9.499999999999841904e+00 8.254447822578762084e-01
9.509999999999841691e+00 7.712329112306419709e-01
9.519999999999841478e+00 7.133397432811598993e-01
9.529999999999841265e+00 6.522278107584816853e-01
9.539999999999841052e+00 5.883497897590430625e-01
9.549999999999840838e+00 5.221527110368102687e-01
9.559999999999840625e+00 4.540840395140032792e-01
9.569999999999840412e+00 3.845987457068190674e-01
9.579999999999840199e+00 3.141607721729902658e-01
9.589999999999839986e+00 2.432340572587166350e-01
9.599999999999839773e+00 1.722666956036631725e-01
9.609999999999839559e+00 1.016711605802079615e-01
9.619999999999839346e+00 3.180118748868736994e-02
9.629999999999839133e+00 -3.706850201722814570e-02
9.639999999999838920e+00 -1.047530733912555856e-01
9.649999999999838707e+00 -1.711584153665120789e-01
9.659999999999838494e+00 -2.362709273528802167e-01
9.669999999999838280e+00 -3.001342136748018641e-01
9.679999999999838067e+00 -3.628174415487024906e-01
9.689999999999837854e+00 -4.243817665633394798e-01
9.699999999999837641e+00 -4.848468262232208392e-01
9.709999999999837428e+00 -5.441633926423153911e-01
9.719999999999837215e+00 -6.021998618301213080e-01
9.729999999999837001e+00 -6.587414235835279408e-01
9.739999999999836788e+00 -7.134992684516965333e-01
9.749999999999836575e+00 -7.661308543548229766e-01
9.759999999999836362e+00 -8.162655273441717929e-01
9.769999999999836149e+00 -8.635258351646389885e-01
9.779999999999835936e+00 -9.075428401926027844e-01
9.789999999999835723e+00 -9.479651708892888884e-01
9.799999999999835509e+00 -9.844583049820894161e-01
9.809999999999835296e+00 -1.016696999920330802e+00
9.819999999999835083e+00 -1.044358149929468293e+00
9.829999999999834870e+00 -1.067117108220830834e+00
9.839999999999834657e+00 -1.084649585276113992e+00
9.849999999999834444e+00 -1.096643008159936761e+00
9.859999999999834230e+00 -1.102817024314075578e+00
9.869999999999834017e+00 -1.102948654547158736e+00
9.879999999999833804e+00 -1.096898921587230680e+00
9.889999999999833591e+00 -1.084636880740204923e+00
9.899999999999833378e+00 -1.066254432691011500e+00
9.909999999999833165e+00 -1.041968991218485519e+00
9.919999999999832951e+00 -1.012114652652061464e+00
9.929999999999832738e+00 -9.771205137091195647e-01
9.939999999999832525e+00 -9.374780036746384049e-01
9.949999999999832312e+00 -8.937055014564845301e-01
9.959999999999832099e+00 -8.463145677728910465e-01
9.969999999999831886e+00 -7.957801156331304471e-01
9.979999999999831672e+00 -7.425220837338379898e-01
9.989999999999831459e+00 -6.869012198453519069e-01
9.999999999999831246e+00 -6.292239309860482299e-01
1.000999999999983103e+01 -5.697538527038531475e-01
