0.000000000000000000e+00 7.604559788455238917e-04
5.000000000000000278e-02 -1.074974051523466465e-02
1.000000000000000056e-01 -5.913815998918027506e-02
1.500000000000000222e-01 -1.576521223064769883e-01
2.000000000000000111e-01 -2.984836028086141346e-01
2.500000000000000000e-01 -4.656368489268827848e-01
2.999999999999999889e-01 -6.418105813320950093e-01
3.499999999999999778e-01 -8.098244491781126930e-01
3.999999999999999667e-01 -9.477919435237508461e-01
4.499999999999999556e-01 -1.023198164342854488e+00
4.999999999999999445e-01 -1.004733724068926470e+00
5.499999999999999334e-01 -8.848483064656915698e-01
5.999999999999999778e-01 -6.783395879501671333e-01
6.500000000000000222e-01 -4.063174232495440075e-01
7.000000000000000666e-01 -9.337433708578256331e-02
7.500000000000001110e-01 2.299724198051585067e-01
8.000000000000001554e-01 5.283527915327442814e-01
8.500000000000001998e-01 7.651916416304017643e-01
9.000000000000002442e-01 9.109122822306683354e-01
9.500000000000002887e-01 9.513238435380152458e-01
1.000000000000000222e+00 8.884455328912956862e-01
1.050000000000000266e+00 7.345488898872635231e-01
1.100000000000000311e+00 5.069587522538979707e-01
1.150000000000000355e+00 2.276168052937148911e-01
1.200000000000000400e+00 -7.545445576251666453e-02
1.250000000000000444e+00 -3.688592770906937157e-01
1.300000000000000488e+00 -6.181101028310762580e-01
1.350000000000000533e+00 -7.942579926382022926e-01
1.400000000000000577e+00 -8.793912127726437600e-01
1.450000000000000622e+00 -8.680053738889418335e-01
1.500000000000000666e+00 -7.648695690061466657e-01
1.550000000000000711e+00 -5.824674414565434999e-01
1.600000000000000755e+00 -3.399090474508548176e-01
1.650000000000000799e+00 -6.264648564457227231e-02
1.700000000000000844e+00 2.188658139231809685e-01
1.750000000000000888e+00 4.726772673702963057e-01
1.800000000000000933e+00 6.703071637406150529e-01
1.850000000000000977e+00 7.910872648566185106e-01
1.900000000000001021e+00 8.241986199223634291e-01
1.950000000000001066e+00 7.684924394580038287e-01
2.000000000000000888e+00 6.314333953917058428e-01
2.050000000000000711e+00 4.282017778510566197e-01
2.100000000000000533e+00 1.808530191530980658e-01
2.150000000000000355e+00 -8.331874382099067888e-02
2.200000000000000178e+00 -3.347929592741219484e-01
2.250000000000000000e+00 -5.457787192295926459e-01
2.299999999999999822e+00 -6.939019085328292924e-01
2.349999999999999645e+00 -7.645814825492606159e-01
2.399999999999999467e+00 -7.519217174703473061e-01
2.449999999999999289e+00 -6.586541336952188574e-01
2.499999999999999112e+00 -4.956645311588198100e-01
2.549999999999998934e+00 -2.811353804329375095e-01
2.599999999999998757e+00 -3.893355724766028869e-02
2.649999999999998579e+00 2.039986418962449199e-01
2.699999999999998401e+00 4.209516008920691776e-01
2.749999999999998224e+00 5.887140432442530269e-01
2.799999999999998046e+00 6.900930850487073664e-01
2.849999999999997868e+00 7.154179442270677258e-01
2.899999999999997691e+00 6.631703663054678843e-01
2.949999999999997513e+00 5.399699196874370166e-01
2.999999999999997335e+00 3.599447425351868235e-01
3.049999999999997158e+00 1.433385513143576317e-01
3.099999999999996980e+00 -8.571611742297810532e-02
3.149999999999996803e+00 -3.020292696628479323e-01
3.199999999999996625e+00 -4.822964633838890403e-01
3.249999999999996447e+00 -6.076445318674621454e-01
3.299999999999996270e+00 -6.654846706598253059e-01
3.349999999999996092e+00 -6.506204459102946647e-01
3.399999999999995914e+00 -5.656547031314700380e-01
3.449999999999995737e+00 -4.206880542766309183e-01
3.499999999999995559e+00 -2.322450769131436943e-01
3.549999999999995381e+00 -2.143162757152282730e-02
3.599999999999995204e+00 1.884912412673572235e-01
3.649999999999995026e+00 3.747624183785717711e-01
3.699999999999994849e+00 5.176136513119461435e-01
3.749999999999994671e+00 6.023091596311231921e-01
3.799999999999994493e+00 6.205819637051580573e-01
3.849999999999994316e+00 5.714015401428143015e-01
3.899999999999994138e+00 4.610212229319753940e-01
3.949999999999993960e+00 3.022613507443885905e-01
3.999999999999993783e+00 1.130514653149329724e-01
4.049999999999993605e+00 -8.561904854380518459e-02
4.099999999999993427e+00 -2.720730974241791778e-01
4.149999999999993250e+00 -4.263262910532150118e-01
4.199999999999993072e+00 -5.322005607368127666e-01
4.249999999999992895e+00 -5.789753931428180955e-01
4.299999999999992717e+00 -5.624474206797276388e-01
4.349999999999992539e+00 -4.853076134654542573e-01
4.399999999999992362e+00 -3.567829590715423937e-01
4.449999999999992184e+00 -1.915580105324075633e-01
4.499999999999992006e+00 -8.090497064507781375e-03
4.549999999999991829e+00 1.734706430638111307e-01
4.599999999999991651e+00 3.335060060192417963e-01
4.649999999999991473e+00 4.550313993427181347e-01
4.699999999999991296e+00 5.254751652850112587e-01
4.749999999999991118e+00 5.379617088133690217e-01
4.799999999999990941e+00 4.919793253996787019e-01
4.849999999999990763e+00 3.933593005718699631e-01
4.899999999999990585e+00 2.535609741711877252e-01
4.949999999999990408e+00 8.834211611282682952e-02
4.999999999999990230e+00 -8.402491449419098590e-02
5.049999999999990052e+00 -2.447771275019251236e-01
5.099999999999989875e+00 -3.766952067588574815e-01
5.149999999999989697e+00 -4.659333401023756926e-01
5.199999999999989519e+00 -5.034609275170361942e-01
5.249999999999989342e+00 -4.859718826705131667e-01
5.299999999999989164e+00 -4.161668529132561134e-01
5.349999999999988987e+00 -3.023779808654160628e-01
5.399999999999988809e+00 -1.575814693248756559e-01
5.449999999999988631e+00 2.083053789925606771e-03
5.499999999999988454e+00 1.591115238216720129e-01
5.549999999999988276e+00 2.965490620716537129e-01
5.599999999999988098e+00 3.998116208815511996e-01
5.649999999999987921e+00 4.582256189367344135e-01
5.699999999999987743e+00 4.661266268338234986e-01
5.749999999999987566e+00 4.234030422536306237e-01
5.799999999999987388e+00 3.354294429331523553e-01
5.849999999999987210e+00 2.124028600822145119e-01
5.899999999999987033e+00 6.816383186437854902e-02
5.949999999999986855e+00 -8.135877357951729061e-02
5.999999999999986677e+00 -2.199026980807111675e-01
6.049999999999986500e+00 -3.326348511531778129e-01
6.099999999999986322e+00 -4.077335188400358912e-01
6.149999999999986144e+00 -4.376237345280840629e-01
6.199999999999985967e+00 -4.197368591460451936e-01
6.249999999999985789e+00 -3.567167915609077977e-01
6.299999999999985612e+00 -2.560562729431951068e-01
6.349999999999985434e+00 -1.292117021662812504e-01
6.399999999999985256e+00 9.697358969860252545e-03
6.449999999999985079e+00 1.454558763632731178e-01
6.499999999999984901e+00 2.634150286297004540e-01
6.549999999999984723e+00 3.510680903864885627e-01
6.599999999999984546e+00 3.993728010660070327e-01
6.649999999999984368e+00 4.036806000760059798e-01
6.699999999999984190e+00 3.641760267309645527e-01
6.749999999999984013e+00 2.857850595183506481e-01
6.799999999999983835e+00 1.775707687323578310e-01
6.849999999999983658e+00 5.168994237033611855e-02
6.899999999999983480e+00 -7.796897195997833097e-02
6.949999999999983302e+00 -1.973142247271573724e-01
6.999999999999983125e+00 -2.935785570814812284e-01
7.049999999999982947e+00 -3.566817347922383585e-01
7.099999999999982769e+00 -3.802825497105248864e-01
7.149999999999982592e+00 -3.624105654660263465e-01
7.199999999999982414e+00 -3.056149420116961446e-01
7.249999999999982236e+00 -2.166210687527002077e-01
7.299999999999982059e+00 -1.055400320478607212e-01
7.349999999999981881e+00 1.527615622938161520e-02
7.399999999999981704e+00 1.326045025670714306e-01
7.449999999999981526e+00 2.337949471944227586e-01
7.499999999999981348e+00 3.081311998814316722e-01
7.549999999999981171e+00 3.479625810315546408e-01
7.599999999999980993e+00 3.494874060983929054e-01
7.649999999999980815e+00 3.131077078884832443e-01
7.699999999999980638e+00 2.433232273328598538e-01
7.749999999999980460e+00 1.481833523574275502e-01
7.799999999999980282e+00 3.836302254303291387e-02
7.849999999999980105e+00 -7.403169368734359435e-02
7.899999999999979927e+00 -1.767951190006358253e-01
7.949999999999979750e+00 -2.589447173076358522e-01
7.999999999999979572e+00 -3.118920604746132641e-01
8.049999999999979394e+00 -3.303373032354641192e-01
8.099999999999980105e+00 -3.127943265782286431e-01
8.149999999999980815e+00 -2.616951337970978564e-01
8.199999999999981526e+00 -1.830684103406603203e-01
8.249999999999982236e+00 -8.583353326156843710e-02
8.299999999999982947e+00 1.920772257369962252e-02
8.349999999999983658e+00 1.205682764984421090e-01
8.399999999999984368e+00 2.073293737908237511e-01
8.449999999999985079e+00 2.703142478251578384e-01
8.499999999999985789e+00 3.030559335940744559e-01
8.549999999999986500e+00 3.024573974541691634e-01
8.599999999999987210e+00 2.690769368605923639e-01
8.649999999999987921e+00 2.070135509997938494e-01
8.699999999999988631e+00 1.234107281017551710e-01
8.749999999999989342e+00 2.763801802149509768e-02
8.799999999999990052e+00 -6.975623608605276138e-02
8.849999999999990763e+00 -1.582042545779846487e-01
8.899999999999991473e+00 -2.282631634577080570e-01
8.949999999999992184e+00 -2.726206476323057570e-01
8.999999999999992895e+00 -2.868550433960040391e-01
9.049999999999993605e+00 -2.698712289050997359e-01
9.099999999999994316e+00 -2.239699316594051526e-01
9.149999999999995026e+00 -1.545483629238268153e-01
9.199999999999995737e+00 -6.947008420274244922e-02
9.249999999999996447e+00 2.182275649893851074e-02
9.299999999999997158e+00 1.093549435972381995e-01
9.349999999999997868e+00 1.837059699503222343e-01
9.399999999999998579e+00 2.370216875076801843e-01
9.449999999999999289e+00 2.638414460151468077e-01
9.500000000000000000e+00 2.616538764397891015e-01
9.550000000000000711e+00 2.311251261927845801e-01
9.600000000000001421e+00 1.759796959620957557e-01
9.650000000000002132e+00 1.025519490645148413e-01
9.700000000000002842e+00 1.906171012527594841e-02
9.750000000000003553e+00 -6.530352483408899400e-02
9.800000000000004263e+00 -1.413975335886293871e-01
9.850000000000004974e+00 -2.011049082652207887e-01
9.900000000000005684e+00 -2.382043539490622253e-01
9.950000000000006395e+00 -2.490141511629061222e-01
1.000000000000000711e+01 -2.327531440778722316e-01
1.005000000000000782e+01 -1.915823851710591885e-01
