0.000000000000000000e+00 7.604559788455238917e-04
1.000000000000000021e-02 2.118639628464815956e-05
2.000000000000000042e-02 -3.589741896798236392e-03
2.999999999999999889e-02 -1.266115319001549430e-02
4.000000000000000083e-02 -2.935414095498649345e-02
5.000000000000000278e-02 -5.536905066981365892e-02
6.000000000000000472e-02 -9.196802148330640581e-02
7.000000000000000666e-02 -1.400326851211735890e-01
8.000000000000000167e-02 -2.001354147524760374e-01
8.999999999999999667e-02 -2.726054981204737437e-01
9.999999999999999167e-02 -3.575784943706038499e-01
1.099999999999999867e-01 -4.550245976924326974e-01
1.199999999999999817e-01 -5.647589754292898778e-01
1.299999999999999767e-01 -6.864416489315179337e-01
1.399999999999999856e-01 -8.195763775332036705e-01
1.499999999999999944e-01 -9.635171613718895856e-01
1.600000000000000033e-01 -1.117488090318403460e+00
1.700000000000000122e-01 -1.280619334573038781e+00
1.800000000000000211e-01 -1.451965940465392846e+00
1.900000000000000300e-01 -1.630499980569551255e+00
2.000000000000000389e-01 -1.815467839398333005e+00
2.100000000000000477e-01 -2.007587092238761972e+00
2.200000000000000566e-01 -2.209773744587789412e+00
2.300000000000000655e-01 -2.425912963848237069e+00
2.400000000000000744e-01 -2.659276501025576778e+00
2.500000000000000555e-01 -2.912033032531295085e+00
2.600000000000000644e-01 -3.185147057042868379e+00
2.700000000000000733e-01 -3.478477255521501998e+00
2.800000000000000822e-01 -3.791284424385643614e+00
2.900000000000000910e-01 -4.122669919692723894e+00
3.000000000000000999e-01 -4.471558239928447698e+00
3.100000000000001088e-01 -4.836618576382388568e+00
3.200000000000001177e-01 -5.216306341571066874e+00
3.300000000000001266e-01 -5.608891530623414390e+00
3.400000000000001354e-01 -6.012464451246724906e+00
3.500000000000001443e-01 -6.424936987002840993e+00
3.600000000000001532e-01 -6.843919111005563494e+00
3.700000000000001621e-01 -7.266541650391411089e+00
3.800000000000001710e-01 -7.689676672762395526e+00
3.900000000000001799e-01 -8.110207201137853872e+00
4.000000000000001887e-01 -8.525099287114622726e+00
4.100000000000001976e-01 -8.931499067522702617e+00
4.200000000000002065e-01 -9.326771141687132172e+00
4.300000000000002154e-01 -9.708369701091770665e+00
4.400000000000002243e-01 -1.007361897789884075e+01
4.500000000000002331e-01 -1.041970566011931609e+01
4.600000000000002420e-01 -1.074389631350582341e+01
4.700000000000002509e-01 -1.104353314086082705e+01
4.800000000000002598e-01 -1.131691754225427538e+01
4.900000000000002687e-01 -1.156445627835024048e+01
5.000000000000002220e-01 -1.178776771699529213e+01
5.100000000000002309e-01 -1.198861633533548599e+01
5.200000000000002398e-01 -1.216864288787914461e+01
5.300000000000002487e-01 -1.232905450072230558e+01
5.400000000000002576e-01 -1.247064287426609575e+01
5.500000000000002665e-01 -1.259392967668894237e+01
5.600000000000002753e-01 -1.269924878478752284e+01
5.700000000000002842e-01 -1.278684840432949699e+01
5.800000000000002931e-01 -1.285700806161536924e+01
5.900000000000003020e-01 -1.291013240470666368e+01
6.000000000000003109e-01 -1.294678523729415431e+01
6.100000000000003197e-01 -1.296780611594690491e+01
6.200000000000003286e-01 -1.297453483289114295e+01
6.300000000000003375e-01 -1.296891952257370839e+01
6.400000000000003464e-01 -1.295341121746473689e+01
6.500000000000003553e-01 -1.293066661385303640e+01
6.600000000000003642e-01 -1.290324647647234535e+01
6.700000000000003730e-01 -1.287343352415590658e+01
6.800000000000003819e-01 -1.284312349249546870e+01
6.900000000000003908e-01 -1.281377059225832227e+01
7.000000000000003997e-01 -1.278639667351280984e+01
7.100000000000004086e-01 -1.276166684402253715e+01
7.200000000000004174e-01 -1.273993794618116304e+01
7.300000000000004263e-01 -1.272118534465092488e+01
7.400000000000004352e-01 -1.270501077507462639e+01
7.500000000000004441e-01 -1.269080668430620484e+01
7.600000000000004530e-01 -1.267788200610117855e+01
7.700000000000004619e-01 -1.266561481149339841e+01
7.800000000000004707e-01 -1.265358924000797103e+01
7.900000000000004796e-01 -1.264147312954365709e+01
8.000000000000004885e-01 -1.262877696536440020e+01
8.100000000000004974e-01 -1.261465795111260313e+01
8.200000000000005063e-01 -1.259779134486178620e+01
8.300000000000005151e-01 -1.257636015030860399e+01
8.400000000000005240e-01 -1.254816078047724304e+01
8.500000000000005329e-01 -1.251080701072336687e+01
8.600000000000005418e-01 -1.246198836531163145e+01
8.700000000000005507e-01 -1.239973557444684715e+01
8.800000000000005596e-01 -1.232264660326023176e+01
8.900000000000005684e-01 -1.223004029227493028e+01
9.000000000000005773e-01 -1.212202062201967223e+01
9.100000000000005862e-01 -1.199944258584605272e+01
9.200000000000005951e-01 -1.186381209810962822e+01
9.300000000000006040e-01 -1.171717730222726850e+01
9.400000000000006128e-01 -1.156200139827894979e+01
9.500000000000006217e-01 -1.140099560378092391e+01
9.600000000000006306e-01 -1.123694471379623572e+01
9.700000000000006395e-01 -1.107261074133231027e+01
9.800000000000006484e-01 -1.091079449036684501e+01
9.900000000000006573e-01 -1.075424567028614220e+01
1.000000000000000666e+00 -1.060525064791847782e+01
1.010000000000000675e+00 -1.046531109119987768e+01
1.020000000000000684e+00 -1.033518691742473905e+01
1.030000000000000693e+00 -1.021522357982203388e+01
1.040000000000000702e+00 -1.010563556474476954e+01
1.050000000000000711e+00 -1.000655701276354925e+01
1.060000000000000719e+00 -9.917975157468060132e+00
1.070000000000000728e+00 -9.839691213437548711e+00
1.080000000000000737e+00 -9.771309384567940626e+00
1.090000000000000746e+00 -9.712214627375695741e+00
1.100000000000000755e+00 -9.661577025047526135e+00
1.110000000000000764e+00 -9.618375340878301927e+00
1.120000000000000773e+00 -9.581428891474562448e+00
1.130000000000000782e+00 -9.549416740632073797e+00
1.140000000000000790e+00 -9.520936435622029848e+00
1.150000000000000799e+00 -9.494649965875044728e+00
1.160000000000000808e+00 -9.469393402106941693e+00
1.170000000000000817e+00 -9.444182052960973905e+00
1.180000000000000826e+00 -9.418201303920126222e+00
1.190000000000000835e+00 -9.390873678815101044e+00
1.200000000000000844e+00 -9.361930476443770743e+00
1.210000000000000853e+00 -9.331395155560429089e+00
1.220000000000000862e+00 -9.299519534138431354e+00
1.230000000000000870e+00 -9.266712576305675242e+00
1.240000000000000879e+00 -9.233462264496195004e+00
1.250000000000000888e+00 -9.200267491487972293e+00
1.260000000000000897e+00 -9.167595013064381959e+00
1.270000000000000906e+00 -9.135863108811813404e+00
1.280000000000000915e+00 -9.105422237765482762e+00
1.290000000000000924e+00 -9.076572072970796157e+00
1.300000000000000933e+00 -9.049683092334811718e+00
1.310000000000000941e+00 -9.025326786848340888e+00
1.320000000000000950e+00 -9.004320401040079247e+00
1.330000000000000959e+00 -8.987704256625857369e+00
1.340000000000000968e+00 -8.976683011158259617e+00
1.350000000000000977e+00 -8.972520037181745067e+00
1.360000000000000986e+00 -8.976390878233182491e+00
1.370000000000000995e+00 -8.989249323886344456e+00
1.380000000000001004e+00 -9.011731017465221427e+00
1.390000000000001013e+00 -9.044094885595674427e+00
1.400000000000001021e+00 -9.086209658810339818e+00
1.410000000000001030e+00 -9.137582039596358285e+00
1.420000000000001039e+00 -9.197415570411392238e+00
1.430000000000001048e+00 -9.264687935595901536e+00
1.440000000000001057e+00 -9.338232709928476538e+00
1.450000000000001066e+00 -9.416815073960259852e+00
1.460000000000001075e+00 -9.499194183192575025e+00
1.470000000000001084e+00 -9.584169674727858634e+00
1.480000000000001092e+00 -9.670612281884784167e+00
1.490000000000001101e+00 -9.757474053864704899e+00
1.500000000000001110e+00 -9.843758614289772169e+00
1.510000000000001119e+00 -9.928491314346530316e+00
1.520000000000001128e+00 -1.001079075070056845e+01
1.530000000000001137e+00 -1.009000080470780958e+01
1.540000000000001146e+00 -1.016573992788814351e+01
1.541000000000001036e+00 -1.017311575742077601e+01
1.542000000000000925e+00 -1.018045499035677004e+01
1.543000000000000815e+00 -1.018775767040411395e+01
1.544000000000000705e+00 -1.019502386071005873e+01
1.545000000000000595e+00 -1.020225363894498827e+01
1.546000000000000485e+00 -1.020944709917693238e+01
1.547000000000000375e+00 -1.021660435552174029e+01
1.548000000000000265e+00 -1.022372553733301537e+01
1.549000000000000155e+00 -1.023081079325330123e+01
1.550000000000000044e+00 -1.023786028749672639e+01
1.560000000000000053e+00 -1.030646205349736810e+01
1.570000000000000062e+00 -1.037179004219939138e+01
1.580000000000000071e+00 -1.043419950758225134e+01
1.590000000000000080e+00 -1.049411217593212520e+01
1.600000000000000089e+00 -1.055197332763131257e+01
1.610000000000000098e+00 -1.060821442272632886e+01
1.620000000000000107e+00 -1.066323466045000679e+01
1.630000000000000115e+00 -1.071739497066221958e+01
1.640000000000000124e+00 -1.077101259747132822e+01
1.650000000000000133e+00 -1.082435548048927387e+01
1.660000000000000142e+00 -1.087763319006918827e+01
1.670000000000000151e+00 -1.093098342804660206e+01
1.680000000000000160e+00 -1.098445588562328190e+01
1.690000000000000169e+00 -1.103799591306301764e+01
1.700000000000000178e+00 -1.109143165118870833e+01
1.710000000000000187e+00 -1.114446769095838619e+01
1.720000000000000195e+00 -1.119668762304351617e+01
1.730000000000000204e+00 -1.124756629823573562e+01
1.740000000000000213e+00 -1.129649125441765811e+01
1.750000000000000222e+00 -1.134279135687529205e+01
1.760000000000000231e+00 -1.138576991119841608e+01
1.770000000000000240e+00 -1.142473905726029848e+01
1.780000000000000249e+00 -1.145905248705044599e+01
1.790000000000000258e+00 -1.148813401348627750e+01
1.800000000000000266e+00 -1.151150038891403327e+01
1.810000000000000275e+00 -1.152877759728995777e+01
1.820000000000000284e+00 -1.153971054966017107e+01
1.830000000000000293e+00 -1.154416482912480646e+01
1.840000000000000302e+00 -1.154211610773580254e+01
1.850000000000000311e+00 -1.153363772425269573e+01
1.860000000000000320e+00 -1.151890021611643000e+01
1.870000000000000329e+00 -1.149817194932689013e+01
1.880000000000000338e+00 -1.147181284656488209e+01
1.890000000000000346e+00 -1.144026308134731984e+01
1.900000000000000355e+00 -1.140402603735242693e+01
1.910000000000000364e+00 -1.136364661087983841e+01
1.920000000000000373e+00 -1.131968666115661293e+01
1.930000000000000382e+00 -1.127269989049855603e+01
1.940000000000000391e+00 -1.122320855532119488e+01
1.950000000000000400e+00 -1.117168403092114026e+01
1.960000000000000409e+00 -1.111853270390298221e+01
1.970000000000000417e+00 -1.106408788597018855e+01
1.980000000000000426e+00 -1.100860775989320572e+01
1.990000000000000435e+00 -1.095227873371170801e+01
2.000000000000000444e+00 -1.089522321035092212e+01
2.010000000000000231e+00 -1.083751056457030515e+01
2.020000000000000018e+00 -1.077917015189822258e+01
2.029999999999999805e+00 -1.072020529269921951e+01
2.039999999999999591e+00 -1.066060740681474783e+01
2.049999999999999378e+00 -1.060036906789661160e+01
2.059999999999999165e+00 -1.053951958350629070e+01
2.069999999999998952e+00 -1.047821663284037363e+01
2.079999999999998739e+00 -1.041679043776079538e+01
2.089999999999998526e+00 -1.035563176255181617e+01
2.099999999999998312e+00 -1.029506120702283134e+01
2.109999999999998099e+00 -1.023530284885056219e+01
2.119999999999997886e+00 -1.017651720798464687e+01
2.129999999999997673e+00 -1.011883511470547425e+01
2.139999999999997460e+00 -1.006238279588959017e+01
2.149999999999997247e+00 -1.000730741816978053e+01
2.159999999999997033e+00 -9.953787449068533633e+00
2.169999999999996820e+00 -9.902035438399314771e+00
2.179999999999996607e+00 -9.852298656907215957e+00
2.189999999999996394e+00 -9.804848554910822855e+00
2.199999999999996181e+00 -9.759963468045587121e+00
2.209999999999995968e+00 -9.717912215550034816e+00
2.219999999999995755e+00 -9.678935680543974129e+00
2.229999999999995541e+00 -9.643220015564455849e+00
2.239999999999995328e+00 -9.610881621909442174e+00
2.249999999999995115e+00 -9.581971313739320095e+00
2.259999999999994902e+00 -9.556485590442241218e+00
2.269999999999994689e+00 -9.534381914248433176e+00
2.279999999999994476e+00 -9.515594905530312175e+00
2.289999999999994262e+00 -9.500050639001580421e+00
2.299999999999994049e+00 -9.487677351849317375e+00
2.309999999999993836e+00 -9.478411330469507234e+00
2.319999999999993623e+00 -9.472198415085971490e+00
2.329999999999993410e+00 -9.468992120433824766e+00
2.339999999999993197e+00 -9.468750348565786013e+00
2.349999999999992983e+00 -9.471439536230089828e+00
2.359999999999992770e+00 -9.477044577939190972e+00
2.369999999999992557e+00 -9.485566650241292308e+00
2.379999999999992344e+00 -9.497011501645882703e+00
2.389999999999992131e+00 -9.511381490380136583e+00
2.399999999999991918e+00 -9.528672206395585320e+00
2.409999999999991704e+00 -9.548871571915402257e+00
2.419999999999991491e+00 -9.571960678058980321e+00
2.429999999999991278e+00 -9.597914989025676746e+00
2.439999999999991065e+00 -9.626704548501008318e+00
2.449999999999990852e+00 -9.658292428763370907e+00
2.459999999999990639e+00 -9.692630024705412239e+00
2.469999999999990425e+00 -9.729650609114901982e+00
2.479999999999990212e+00 -9.769264950379332291e+00
2.489999999999989999e+00 -9.811357357546535596e+00
2.499999999999989786e+00 -9.855780724224262102e+00
2.509999999999989573e+00 -9.902338977331526237e+00
2.519999999999989360e+00 -9.950722551715225350e+00
2.529999999999989146e+00 -1.000050385452849255e+01
2.539999999999988933e+00 -1.005126488585039191e+01
2.549999999999988720e+00 -1.010267651226326002e+01
2.559999999999988507e+00 -1.015448327060474654e+01
2.569999999999988294e+00 -1.020648192268793863e+01
2.579999999999988081e+00 -1.025849930545993161e+01
2.589999999999987867e+00 -1.031036899399894047e+01
2.599999999999987654e+00 -1.036191460954439414e+01
2.609999999999987441e+00 -1.041294021149987259e+01
2.619999999999987228e+00 -1.046322631579460705e+01
2.629999999999987015e+00 -1.051253810776904096e+01
2.639999999999986802e+00 -1.056064341842970400e+01
2.649999999999986589e+00 -1.060733125063342541e+01
2.659999999999986375e+00 -1.065242777231743077e+01
2.669999999999986162e+00 -1.069580640421448869e+01
2.679999999999985949e+00 -1.073738998560641278e+01
2.689999999999985736e+00 -1.077714538112514298e+01
2.699999999999985523e+00 -1.081507197155137590e+01
2.709999999999985310e+00 -1.085118674152028717e+01
2.719999999999985096e+00 -1.088550880516226371e+01
2.729999999999984883e+00 -1.091804600768001521e+01
2.739999999999984670e+00 -1.094878538576705473e+01
2.749999999999984457e+00 -1.097768834379931135e+01
2.759999999999984244e+00 -1.100469035712130683e+01
2.769999999999984031e+00 -1.102970431257757333e+01
2.779999999999983817e+00 -1.105262609599402523e+01
2.789999999999983604e+00 -1.107334102148227295e+01
2.799999999999983391e+00 -1.109172986545391559e+01
2.809999999999983178e+00 -1.110767375666304346e+01
2.819999999999982965e+00 -1.112105761311038066e+01
2.829999999999982752e+00 -1.113177232004533224e+01
2.839999999999982538e+00 -1.113971608935575119e+01
2.849999999999982325e+00 -1.114479561541073593e+01
2.859999999999982112e+00 -1.114692275539096222e+01
2.869999999999981899e+00 -1.114600766765970974e+01
2.879999999999981686e+00 -1.114196131343962293e+01
2.889999999999981473e+00 -1.113470730506364603e+01
2.899999999999981259e+00 -1.112419305125126812e+01
2.909999999999981046e+00 -1.111039862733081662e+01
2.919999999999980833e+00 -1.109334294711499069e+01
2.929999999999980620e+00 -1.107308636712746619e+01
2.939999999999980407e+00 -1.104972990278748668e+01
2.949999999999980194e+00 -1.102341160109590668e+01
2.959999999999979980e+00 -1.099430105377288314e+01
2.969999999999979767e+00 -1.096259304726900652e+01
2.979999999999979554e+00 -1.092850124911481657e+01
2.989999999999979341e+00 -1.089225256102914052e+01
2.999999999999979128e+00 -1.085408243111324467e+01
3.009999999999978915e+00 -1.081423115502844290e+01
3.019999999999978701e+00 -1.077294094627644405e+01
3.029999999999978488e+00 -1.073045350275158860e+01
3.039999999999978275e+00 -1.068700776227515803e+01
3.049999999999978062e+00 -1.064283768555278975e+01
3.059999999999977849e+00 -1.059816999629687828e+01
3.069999999999977636e+00 -1.055322199718420606e+01
3.079999999999977423e+00 -1.050819940404284125e+01
3.089999999999977209e+00 -1.046329470332252676e+01
3.099999999999976996e+00 -1.041870986280551925e+01
3.109999999999976783e+00 -1.037470963473618291e+01
3.119999999999976570e+00 -1.033162213993836787e+01
3.129999999999976357e+00 -1.028975786939333226e+01
3.139999999999976144e+00 -1.024934209055199652e+01
3.149999999999975930e+00 -1.021049906150370745e+01
3.159999999999975717e+00 -1.017326387343325855e+01
3.169999999999975504e+00 -1.013762119411236462e+01
3.179999999999975291e+00 -1.010354300001476879e+01
3.189999999999975078e+00 -1.007100097446443776e+01
3.199999999999974865e+00 -1.003998170092537023e+01
3.209999999999974651e+00 -1.001049825589810993e+01
3.219999999999974438e+00 -9.982582450323491230e+00
3.229999999999974225e+00 -9.956278893890665671e+00
3.239999999999974012e+00 -9.931640147674944075e+00
3.249999999999973799e+00 -9.908717234183576750e+00
3.259999999999973586e+00 -9.887553285614822940e+00
3.269999999999973372e+00 -9.868180601015197340e+00
3.279999999999973159e+00 -9.850620576517400195e+00
3.289999999999972946e+00 -9.834887262947956899e+00
3.299999999999972733e+00 -9.820991939144485983e+00
3.309999999999972520e+00 -9.808948477830080392e+00
3.319999999999972307e+00 -9.798779091281506481e+00
3.329999999999972093e+00 -9.790518454266758042e+00
3.339999999999971880e+00 -9.784215201068713341e+00
3.349999999999971667e+00 -9.779930388003796438e+00
3.359999999999971454e+00 -9.777735399638743274e+00
3.369999999999971241e+00 -9.777714414402804977e+00
3.379999999999971028e+00 -9.779963782448575671e+00
3.389999999999970814e+00 -9.784579459680424307e+00
3.399999999999970601e+00 -9.791642509353520651e+00
3.409999999999970388e+00 -9.801209110164686322e+00
3.419999999999970175e+00 -9.813303927794366999e+00
3.429999999999969962e+00 -9.827917568569693785e+00
3.439999999999969749e+00 -9.845007450505582014e+00
3.449999999999969535e+00 -9.864501063315231022e+00
3.459999999999969322e+00 -9.886300403745932996e+00
3.469999999999969109e+00 -9.910286470943670878e+00
3.479999999999968896e+00 -9.936323052480453555e+00
3.489999999999968683e+00 -9.964259452822787466e+00
3.499999999999968470e+00 -9.993931972862917235e+00
3.509999999999968257e+00 -1.002516340993629562e+01
3.519999999999968043e+00 -1.005775164051407700e+01
3.529999999999967830e+00 -1.009143814509306836e+01
3.539999999999967617e+00 -1.012591936586078667e+01
3.549999999999967404e+00 -1.016092107843802417e+01
3.559999999999967191e+00 -1.019623265230170084e+01
3.569999999999966978e+00 -1.023169227952952198e+01
3.579999999999966764e+00 -1.026717400585094175e+01
3.589999999999966551e+00 -1.030257408103616434e+01
3.599999999999966338e+00 -1.033779795902832532e+01
3.609999999999966125e+00 -1.037275131069298517e+01
3.619999999999965912e+00 -1.040733371968908116e+01
3.629999999999965699e+00 -1.044143678864772795e+01
3.639999999999965485e+00 -1.047494937344335852e+01
3.649999999999965272e+00 -1.050776640694191677e+01
3.659999999999965059e+00 -1.053979691868510038e+01
3.669999999999964846e+00 -1.057096996699825731e+01
3.679999999999964633e+00 -1.060123675959102130e+01
3.689999999999964420e+00 -1.063056848706862034e+01
3.699999999999964206e+00 -1.065895048134532530e+01
3.709999999999963993e+00 -1.068637391266086212e+01
3.719999999999963780e+00 -1.071282672349740039e+01
3.729999999999963567e+00 -1.073828541431531747e+01
3.739999999999963354e+00 -1.076270900024072930e+01
3.749999999999963141e+00 -1.078603588589193940e+01
3.759999999999962927e+00 -1.080818381749184987e+01
3.769999999999962714e+00 -1.082905251588021933e+01
3.779999999999962501e+00 -1.084852823706482106e+01
3.789999999999962288e+00 -1.086648932593001859e+01
3.799999999999962075e+00 -1.088281188842853986e+01
3.809999999999961862e+00 -1.089737488564252565e+01
3.819999999999961648e+00 -1.091006425930071266e+01
3.829999999999961435e+00 -1.092077596938989892e+01
3.839999999999961222e+00 -1.092941808981341545e+01
3.849999999999961009e+00 -1.093591222653029327e+01
3.859999999999960796e+00 -1.094019458924588939e+01
3.869999999999960583e+00 -1.094221619135310064e+01
3.879999999999960369e+00 -1.094193946375606785e+01
3.889999999999960156e+00 -1.093933531309375340e+01
3.899999999999959943e+00 -1.093438739447528718e+01
3.909999999999959730e+00 -1.092709827975568970e+01
3.919999999999959517e+00 -1.091749320268015211e+01
3.929999999999959304e+00 -1.090562226899161935e+01
3.939999999999959091e+00 -1.089156044306481164e+01
3.949999999999958877e+00 -1.087540545930068525e+01
3.959999999999958664e+00 -1.085727414234242794e+01
3.969999999999958451e+00 -1.083729776865629368e+01
3.979999999999958238e+00 -1.081561722618958932e+01
3.989999999999958025e+00 -1.079237856333488743e+01
3.999999999999957812e+00 -1.076772938581795280e+01
4.009999999999958042e+00 -1.074181627079332024e+01
4.019999999999957829e+00 -1.071478320162523445e+01
4.029999999999957616e+00 -1.068677081417232344e+01
4.039999999999957403e+00 -1.065791621075149465e+01
4.049999999999957190e+00 -1.062835304334871012e+01
4.059999999999956977e+00 -1.059821167282225218e+01
4.069999999999956763e+00 -1.056761925574304151e+01
4.079999999999956550e+00 -1.053669975697655303e+01
4.089999999999956337e+00 -1.050557391932570184e+01
4.099999999999956124e+00 -1.047435915759244907e+01
4.109999999999955911e+00 -1.044316959296502567e+01
4.119999999999955698e+00 -1.041212825511673401e+01
4.129999999999955484e+00 -1.038139643113970045e+01
4.139999999999955271e+00 -1.035118263086057766e+01
4.149999999999955058e+00 -1.032170901464659707e+01
4.159999999999954845e+00 -1.029317054139337451e+01
4.169999999999954632e+00 -1.026571117776295949e+01
4.179999999999954419e+00 -1.023941502366237088e+01
4.189999999999954206e+00 -1.021431357369262471e+01
4.199999999999953992e+00 -1.019040539038606852e+01
4.209999999999953779e+00 -1.016768284773793596e+01
4.219999999999953566e+00 -1.014615020302357529e+01
4.229999999999953353e+00 -1.012582410778951747e+01
4.239999999999953140e+00 -1.010673311682715791e+01
4.249999999999952927e+00 -1.008891774161354959e+01
4.259999999999952713e+00 -1.007242617521953854e+01
4.269999999999952500e+00 -1.005730887856931055e+01
4.279999999999952287e+00 -1.004361036510257676e+01
4.289999999999952074e+00 -1.003136106824925733e+01
4.299999999999951861e+00 -1.002057436382307287e+01
4.309999999999951648e+00 -1.001124803010222131e+01
4.319999999999951434e+00 -1.000336879724051542e+01
4.329999999999951221e+00 -9.996918872500039299e+00
4.339999999999951008e+00 -9.991882264249241530e+00
4.349999999999950795e+00 -9.988249645091897833e+00
4.359999999999950582e+00 -9.986021432521631880e+00
4.369999999999950369e+00 -9.985209363112513614e+00
4.379999999999950155e+00 -9.985841032299493492e+00
4.389999999999949942e+00 -9.987962104394656038e+00
4.399999999999949729e+00 -9.991627503849260350e+00
4.409999999999949516e+00 -9.996890200361079337e+00
4.419999999999949303e+00 -1.000379311266388882e+01
4.429999999999949090e+00 -1.001236286452064128e+01
4.439999999999948876e+00 -1.002260654068034995e+01
4.449999999999948663e+00 -1.003451109157660959e+01
4.459999999999948450e+00 -1.004804444873091640e+01
4.469999999999948237e+00 -1.006315755150257552e+01
4.479999999999948024e+00 -1.007978762154143482e+01
4.489999999999947811e+00 -1.009786140752449235e+01
4.499999999999947597e+00 -1.011729456436479246e+01
4.509999999999947384e+00 -1.013799041904432663e+01
4.519999999999947171e+00 -1.015983378140922255e+01
4.529999999999946958e+00 -1.018267061413117958e+01
4.539999999999946745e+00 -1.020631420065866557e+01
4.549999999999946532e+00 -1.023058911427624018e+01
4.559999999999946318e+00 -1.025535041646143242e+01
4.569999999999946105e+00 -1.028047439096492432e+01
4.579999999999945892e+00 -1.030585147322172013e+01
4.589999999999945679e+00 -1.033137959991118571e+01
4.599999999999945466e+00 -1.035695809605004669e+01
4.609999999999945253e+00 -1.038248306664165099e+01
4.619999999999945040e+00 -1.040784537349014904e+01
4.629999999999944826e+00 -1.043293362183181827e+01
4.639999999999944613e+00 -1.045764006845103289e+01
4.649999999999944400e+00 -1.048186689569977226e+01
4.659999999999944187e+00 -1.050553172483650854e+01
4.669999999999943974e+00 -1.052857099746424829e+01
4.679999999999943761e+00 -1.055094050411914353e+01
4.689999999999943547e+00 -1.057261309557396523e+01
4.699999999999943334e+00 -1.059357408118567356e+01
4.709999999999943121e+00 -1.061381528749935477e+01
4.719999999999942908e+00 -1.063332883712031496e+01
4.729999999999942695e+00 -1.065210165659360264e+01
4.739999999999942482e+00 -1.067011143161820641e+01
4.749999999999942268e+00 -1.068732438445574040e+01
4.759999999999942055e+00 -1.070369487019926424e+01
4.769999999999941842e+00 -1.071916649945962519e+01
4.779999999999941629e+00 -1.073367430532403688e+01
4.789999999999941416e+00 -1.074714742548930957e+01
4.799999999999941203e+00 -1.075951182868817213e+01
4.809999999999940989e+00 -1.077069275976371188e+01
4.819999999999940776e+00 -1.078061674847915441e+01
4.829999999999940563e+00 -1.078921319146384405e+01
4.839999999999940350e+00 -1.079641562936996380e+01
4.849999999999940137e+00 -1.080216289562909537e+01
4.859999999999939924e+00 -1.080640029824717985e+01
4.869999999999939710e+00 -1.080908094422191645e+01
4.879999999999939497e+00 -1.081016590111876496e+01
4.889999999999939284e+00 -1.080962223394050703e+01
4.899999999999939071e+00 -1.080742325607882037e+01
4.909999999999938858e+00 -1.080355288955523818e+01
4.919999999999938645e+00 -1.079800975831250476e+01
4.929999999999938431e+00 -1.079080965262026481e+01
4.939999999999938218e+00 -1.078198672526515800e+01
4.949999999999938005e+00 -1.077159311322490964e+01
4.959999999999937792e+00 -1.075969724931586313e+01
4.969999999999937579e+00 -1.074638121464689888e+01
4.979999999999937366e+00 -1.073173762526016084e+01
4.989999999999937152e+00 -1.071586649498216737e+01
4.999999999999936939e+00 -1.069887243548114952e+01
5.009999999999936726e+00 -1.068086240169608914e+01
5.019999999999936513e+00 -1.066194404159779374e+01
5.029999999999936300e+00 -1.064222459004150600e+01
5.039999999999936087e+00 -1.062181016113204279e+01
5.049999999999935874e+00 -1.060080528013096135e+01
5.059999999999935660e+00 -1.057931250560355707e+01
5.069999999999935447e+00 -1.055743205977970689e+01
5.079999999999935234e+00 -1.053526143518890024e+01
5.089999999999935021e+00 -1.051289501948353688e+01
5.099999999999934808e+00 -1.049042380119065854e+01
5.109999999999934595e+00 -1.046793517596145584e+01
5.119999999999934381e+00 -1.044551289235694824e+01
5.129999999999934168e+00 -1.042323822643637499e+01
5.139999999999933955e+00 -1.040120490792540942e+01
5.149999999999933742e+00 -1.037954052188999121e+01
5.159999999999933529e+00 -1.035839825516394974e+01
5.169999999999933316e+00 -1.033792567748208491e+01
5.179999999999933102e+00 -1.031824583106317661e+01
5.189999999999932889e+00 -1.029944891009306041e+01
5.199999999999932676e+00 -1.028158574478988463e+01
5.209999999999932463e+00 -1.026467170455493871e+01
5.219999999999932250e+00 -1.024869894445375706e+01
5.229999999999932037e+00 -1.023365126782638335e+01
5.239999999999931823e+00 -1.021951753299351040e+01
5.249999999999931610e+00 -1.020630042880196875e+01
5.259999999999931397e+00 -1.019401804186744442e+01
5.269999999999931184e+00 -1.018269765268302862e+01
5.279999999999930971e+00 -1.017237021727150115e+01
5.289999999999930758e+00 -1.016306649333366607e+01
5.299999999999930544e+00 -1.015481252551732538e+01
5.309999999999930331e+00 -1.014762666619735398e+01
5.319999999999930118e+00 -1.014151859193438199e+01
5.329999999999929905e+00 -1.013649017008003383e+01
5.339999999999929692e+00 -1.013253775695487313e+01
5.349999999999929479e+00 -1.012965512937582879e+01
5.359999999999929265e+00 -1.012783610164629877e+01
5.369999999999929052e+00 -1.012707668633531632e+01
5.379999999999928839e+00 -1.012737956601071154e+01
5.389999999999928626e+00 -1.012875907948496135e+01
5.399999999999928413e+00 -1.013123949207287922e+01
5.409999999999928200e+00 -1.013484891901654272e+01
5.419999999999927986e+00 -1.013961385178035712e+01
5.429999999999927773e+00 -1.014555434905516584e+01
5.439999999999927560e+00 -1.015268047222865810e+01
5.449999999999927347e+00 -1.016099023932285661e+01
5.459999999999927134e+00 -1.017046900099759732e+01
5.469999999999926921e+00 -1.018108912871558047e+01
5.479999999999926708e+00 -1.019281038781311999e+01
5.489999999999926494e+00 -1.020558229607294010e+01
5.499999999999926281e+00 -1.021934617418406432e+01
5.509999999999926068e+00 -1.023403299760374807e+01
5.519999999999925855e+00 -1.024955222942704047e+01
5.529999999999925642e+00 -1.026578901864819215e+01
5.539999999999925429e+00 -1.028262654379764385e+01
5.549999999999925215e+00 -1.029996399280833153e+01
5.559999999999925002e+00 -1.031771446206394849e+01
5.569999999999924789e+00 -1.033579914485526352e+01
5.579999999999924576e+00 -1.035414203069529648e+01
5.589999999999924363e+00 -1.037266443379801295e+01
5.599999999999924150e+00 -1.039128190470889024e+01
5.609999999999923936e+00 -1.040990470583492744e+01
5.619999999999923723e+00 -1.042844082500339553e+01
5.629999999999923510e+00 -1.044680041036104789e+01
5.639999999999923297e+00 -1.046490067730916174e+01
5.649999999999923084e+00 -1.048267006616876706e+01
5.659999999999922871e+00 -1.050005082355948893e+01
5.669999999999922657e+00 -1.051699956285850135e+01
5.679999999999922444e+00 -1.053348582242699649e+01
5.689999999999922231e+00 -1.054948903083877454e+01
5.699999999999922018e+00 -1.056499452993487687e+01
5.709999999999921805e+00 -1.057998940089357021e+01
5.719999999999921592e+00 -1.059445875398890990e+01
5.729999999999921378e+00 -1.060838296587703766e+01
5.739999999999921165e+00 -1.062173609041416356e+01
5.749999999999920952e+00 -1.063448543620153153e+01
5.759999999999920739e+00 -1.064659209980254495e+01
5.769999999999920526e+00 -1.065801214204877567e+01
5.779999999999920313e+00 -1.066869805953448314e+01
5.789999999999920099e+00 -1.067860026520279604e+01
5.799999999999919886e+00 -1.068766838151418064e+01
5.809999999999919673e+00 -1.069585227785927017e+01
5.819999999999919460e+00 -1.070310287806096561e+01
5.829999999999919247e+00 -1.070937284479942520e+01
5.839999999999919034e+00 -1.071461726304513284e+01
5.849999999999918820e+00 -1.071879443771526930e+01
5.859999999999918607e+00 -1.072186686105497344e+01
5.869999999999918394e+00 -1.072380235341717380e+01
5.879999999999918181e+00 -1.072457450742735041e+01
5.889999999999917968e+00 -1.072416162945965823e+01
5.899999999999917755e+00 -1.072254678803544437e+01
5.909999999999917542e+00 -1.071972056345637014e+01
5.919999999999917328e+00 -1.071568371452507051e+01
5.929999999999917115e+00 -1.071044864032127641e+01
5.939999999999916902e+00 -1.070404002838140123e+01
5.949999999999916689e+00 -1.069649451240449345e+01
5.959999999999916476e+00 -1.068785952623772495e+01
5.969999999999916263e+00 -1.067819160384764565e+01
5.979999999999916049e+00 -1.066755442874943682e+01
5.989999999999915836e+00 -1.065601690786933631e+01
5.999999999999915623e+00 -1.064365147440023129e+01
6.009999999999915410e+00 -1.063053273140067034e+01
6.019999999999915197e+00 -1.061673645273209488e+01
6.029999999999914984e+00 -1.060233888955831993e+01
6.039999999999914770e+00 -1.058741628643062604e+01
6.049999999999914557e+00 -1.057204450736920442e+01
6.059999999999914344e+00 -1.055629868982186004e+01
6.069999999999914131e+00 -1.054025288415365935e+01
6.079999999999913918e+00 -1.052397967625011255e+01
6.089999999999913705e+00 -1.050754982665631232e+01
6.099999999999913491e+00 -1.049103197895748707e+01
6.109999999999913278e+00 -1.047449246978004922e+01
6.119999999999913065e+00 -1.045799521523824360e+01
6.129999999999912852e+00 -1.044160194277606379e+01
6.139999999999912639e+00 -1.042537595465207545e+01
6.149999999999912426e+00 -1.040939239821265794e+01
6.159999999999912212e+00 -1.039374776704217496e+01
6.169999999999911999e+00 -1.037855307685235395e+01
6.179999999999911786e+00 -1.036391388961444271e+01
6.189999999999911573e+00 -1.034991740606892563e+01
6.199999999999911360e+00 -1.033662742822503411e+01
6.209999999999911147e+00 -1.032408065635957506e+01
6.219999999999910933e+00 -1.031228839279982346e+01
6.229999999999910720e+00 -1.030124436891715156e+01
6.239999999999910507e+00 -1.029093471899115464e+01
6.249999999999910294e+00 -1.028134731423598858e+01
6.259999999999910081e+00 -1.027247768061040567e+01
6.269999999999909868e+00 -1.026432995530284131e+01
6.279999999999909654e+00 -1.025691568167889223e+01
6.289999999999909441e+00 -1.025025240863198128e+01
6.299999999999909228e+00 -1.024436046168499992e+01
6.309999999999909015e+00 -1.023925784019295016e+01
6.319999999999908802e+00 -1.023495684799378402e+01
6.329999999999908589e+00 -1.023146339236479818e+01
6.339999999999908376e+00 -1.022877756164549901e+01
6.349999999999908162e+00 -1.022689524194863075e+01
6.359999999999907949e+00 -1.022581030592963991e+01
6.369999999999907736e+00 -1.022551696817471978e+01
6.379999999999907523e+00 -1.022601441053958560e+01
6.389999999999907310e+00 -1.022731089410425298e+01
6.399999999999907097e+00 -1.022942175052988389e+01
6.409999999999906883e+00 -1.023236510058538506e+01
6.419999999999906670e+00 -1.023615834972184047e+01
6.429999999999906457e+00 -1.024081435745391566e+01
6.439999999999906244e+00 -1.024633842228521274e+01
6.449999999999906031e+00 -1.025272705401263806e+01
6.459999999999905818e+00 -1.025996784347096202e+01
6.469999999999905604e+00 -1.026803964136770198e+01
6.479999999999905391e+00 -1.027691319821016336e+01
6.489999999999905178e+00 -1.028655128870234314e+01
6.499999999999904965e+00 -1.029690722377061718e+01
6.509999999999904752e+00 -1.030791966874831544e+01
6.519999999999904539e+00 -1.031951237415831280e+01
6.529999999999904325e+00 -1.033160784424285694e+01
6.539999999999904112e+00 -1.034413777872440043e+01
6.549999999999903899e+00 -1.035704067697181330e+01
6.559999999999903686e+00 -1.037025715994774266e+01
6.569999999999903473e+00 -1.038372678870781129e+01
6.579999999999903260e+00 -1.039738595960616152e+01
6.589999999999903046e+00 -1.041116731909171200e+01
6.599999999999902833e+00 -1.042500079633692600e+01
6.609999999999902620e+00 -1.043881593728909429e+01
6.619999999999902407e+00 -1.045254492613801922e+01
6.629999999999902194e+00 -1.046612560500707190e+01
6.639999999999901981e+00 -1.047950385320734235e+01
6.649999999999901767e+00 -1.049263489535902494e+01
6.659999999999901554e+00 -1.050548335509337150e+01
6.669999999999901341e+00 -1.051802213941527775e+01
6.679999999999901128e+00 -1.053023044201217395e+01
6.689999999999900915e+00 -1.054209127494770470e+01
6.699999999999900702e+00 -1.055358896386962719e+01
6.709999999999900488e+00 -1.056470697373191392e+01
6.719999999999900275e+00 -1.057542631779318398e+01
6.729999999999900062e+00 -1.058572464846250760e+01
6.739999999999899849e+00 -1.059557600271054056e+01
6.749999999999899636e+00 -1.060495106372460583e+01
6.759999999999899423e+00 -1.061381776014029832e+01
6.769999999999899210e+00 -1.062214201081035547e+01
6.779999999999898996e+00 -1.062988847291779315e+01
6.789999999999898783e+00 -1.063702120028058040e+01
6.799999999999898570e+00 -1.064350419664089742e+01
6.809999999999898357e+00 -1.064930189023300677e+01
6.819999999999898144e+00 -1.065437960007407980e+01
6.829999999999897931e+00 -1.065870405701401147e+01
6.839999999999897717e+00 -1.066224403734979376e+01
6.849999999999897504e+00 -1.066497112001742131e+01
6.859999999999897291e+00 -1.066686055195924077e+01
6.869999999999897078e+00 -1.066789215205416497e+01
6.879999999999896865e+00 -1.066805007047231690e+01
6.889999999999896652e+00 -1.066732180913854933e+01
6.899999999999896438e+00 -1.066569919630640761e+01
6.909999999999896225e+00 -1.066318038875449581e+01
6.919999999999896012e+00 -1.065977110580052312e+01
6.929999999999895799e+00 -1.065548532727143183e+01
6.939999999999895586e+00 -1.065034537135809600e+01
6.949999999999895373e+00 -1.064438138314285531e+01
6.959999999999895159e+00 -1.063763039491859175e+01
6.969999999999894946e+00 -1.063013512188844700e+01
6.979999999999894733e+00 -1.062194269863068996e+01
6.989999999999894520e+00 -1.061310349693579447e+01
6.999999999999894307e+00 -1.060367013541877235e+01
7.009999999999894094e+00 -1.059369670931624974e+01
7.019999999999893880e+00 -1.058323823346160353e+01
7.029999999999893667e+00 -1.057235024049616534e+01
7.039999999999893454e+00 -1.056108847651563565e+01
7.049999999999893241e+00 -1.054950862933237232e+01
7.059999999999893028e+00 -1.053766605668274714e+01
7.069999999999892815e+00 -1.052561549678608621e+01
7.079999999999892601e+00 -1.051341077941443380e+01
7.089999999999892388e+00 -1.050110456282289562e+01
7.099999999999892175e+00 -1.048874813803107919e+01
7.109999999999891962e+00 -1.047639129843976313e+01
7.119999999999891749e+00 -1.046408227776715805e+01
7.129999999999891536e+00 -1.045186798170875520e+01
7.139999999999891322e+00 -1.043979510051445558e+01
7.149999999999891109e+00 -1.042791791484300390e+01
7.159999999999890896e+00 -1.041630618493317506e+01
7.169999999999890683e+00 -1.040503944595213959e+01
7.179999999999890470e+00 -1.039419682715525539e+01
7.189999999999890257e+00 -1.038384813584715261e+01
7.199999999999890044e+00 -1.037404697783420104e+01
7.209999999999889830e+00 -1.036482959042240282e+01
7.219999999999889617e+00 -1.035621411257874769e+01
7.229999999999889404e+00 -1.034820122849842150e+01
7.239999999999889191e+00 -1.034077979866988173e+01
7.249999999999888978e+00 -1.033393468645201274e+01
7.259999999999888765e+00 -1.032765372213707167e+01
7.269999999999888551e+00 -1.032193180065185167e+01
7.279999999999888338e+00 -1.031677116836372932e+01
7.289999999999888125e+00 -1.031217973120000053e+01
7.299999999999887912e+00 -1.030816866775738561e+01
7.309999999999887699e+00 -1.030474958258578511e+01
7.319999999999887486e+00 -1.030193207472600392e+01
7.329999999999887272e+00 -1.029972215074874065e+01
7.339999999999887059e+00 -1.029812170690257034e+01
7.349999999999886846e+00 -1.029712904234913928e+01
7.359999999999886633e+00 -1.029674011701349023e+01
7.369999999999886420e+00 -1.029695154189447237e+01
7.379999999999886207e+00 -1.029776438223257173e+01
7.389999999999885993e+00 -1.029918493450361794e+01
7.399999999999885780e+00 -1.030122289583021633e+01
7.409999999999885567e+00 -1.030388930429684358e+01
7.419999999999885354e+00 -1.030719435434615683e+01
7.429999999999885141e+00 -1.031114527583802953e+01
7.439999999999884928e+00 -1.031574459758770779e+01
7.449999999999884714e+00 -1.032098892014752600e+01
7.459999999999884501e+00 -1.032686824380036406e+01
7.469999999999884288e+00 -1.033336538661562543e+01
7.479999999999884075e+00 -1.034045538110433071e+01
7.489999999999883862e+00 -1.034810387541407728e+01
7.499999999999883649e+00 -1.035626402696800952e+01
7.509999999999883435e+00 -1.036487970294068894e+01
7.519999999999883222e+00 -1.037389571892189899e+01
7.529999999999883009e+00 -1.038326205099755484e+01
7.539999999999882796e+00 -1.039293150211781835e+01
7.549999999999882583e+00 -1.040285767918417292e+01
7.559999999999882370e+00 -1.041299333398349880e+01
7.569999999999882156e+00 -1.042328917460447180e+01
7.579999999999881943e+00 -1.043369366757419492e+01
7.589999999999881730e+00 -1.044415377490221530e+01
7.599999999999881517e+00 -1.045461647453916676e+01
7.609999999999881304e+00 -1.046503068264252434e+01
7.619999999999881091e+00 -1.047534916201018973e+01
7.629999999999880878e+00 -1.048553003099325664e+01
7.639999999999880664e+00 -1.049553760675050640e+01
7.649999999999880451e+00 -1.050534247040108404e+01
7.659999999999880238e+00 -1.051492080211134805e+01
7.669999999999880025e+00 -1.052425315825969498e+01
7.679999999999879812e+00 -1.053332294014467507e+01
7.689999999999879599e+00 -1.054211481853551646e+01
7.699999999999879385e+00 -1.055061334303370835e+01
7.709999999999879172e+00 -1.055880189442022399e+01
7.719999999999878959e+00 -1.056666204892048633e+01
7.729999999999878746e+00 -1.057417334457173830e+01
7.739999999999878533e+00 -1.058131337368565639e+01
7.749999999999878320e+00 -1.058805809785550345e+01
7.759999999999878106e+00 -1.059438227279632194e+01
7.769999999999877893e+00 -1.060025989773825295e+01
7.779999999999877680e+00 -1.060566463230495771e+01
7.789999999999877467e+00 -1.061057016937214925e+01
7.799999999999877254e+00 -1.061495057667814024e+01
7.809999999999877041e+00 -1.061878064620133344e+01
7.819999999999876827e+00 -1.062203628567907643e+01
7.829999999999876614e+00 -1.062469498361276266e+01
7.839999999999876401e+00 -1.062673635089003277e+01
7.849999999999876188e+00 -1.062814272643307945e+01
7.859999999999875975e+00 -1.062889980869504036e+01
7.869999999999875762e+00 -1.062899648796306984e+01
7.879999999999875548e+00 -1.062842415632175808e+01
7.889999999999875335e+00 -1.062717738368184683e+01
7.899999999999875122e+00 -1.062525532481758006e+01
7.909999999999874909e+00 -1.062266259644980515e+01
7.919999999999874696e+00 -1.061940977775410211e+01
7.929999999999874483e+00 -1.061551348028860531e+01
7.939999999999874269e+00 -1.061099600306334700e+01
7.949999999999874056e+00 -1.060588468499155468e+01
7.959999999999873843e+00 -1.060021106826861015e+01
7.969999999999873630e+00 -1.059401001465977998e+01
7.979999999999873417e+00 -1.058731887441208563e+01
7.989999999999873204e+00 -1.058017678418891627e+01
7.999999999999872990e+00 -1.057262411568175864e+01
8.009999999999873666e+00 -1.056470206997341243e+01
8.019999999999873452e+00 -1.055645237838871786e+01
8.029999999999873239e+00 -1.054791706961628606e+01
8.039999999999873026e+00 -1.053913825830795048e+01
8.049999999999872813e+00 -1.053015793256690635e+01
8.059999999999872600e+00 -1.052101772812034852e+01
8.069999999999872387e+00 -1.051175870234881948e+01
8.079999999999872173e+00 -1.050242112591618948e+01
8.089999999999871960e+00 -1.049304432185103764e+01
8.099999999999871747e+00 -1.048366656205124414e+01
8.109999999999871534e+00 -1.047432498450602800e+01
8.119999999999871321e+00 -1.046505568984917645e+01
8.129999999999871108e+00 -1.045589422802767743e+01
8.139999999999870894e+00 -1.044688021228668617e+01
8.149999999999870681e+00 -1.043806223676565992e+01
8.159999999999870468e+00 -1.042949714380415394e+01
8.169999999999870255e+00 -1.042124533146590970e+01
8.179999999999870042e+00 -1.041336268270805121e+01
8.189999999999869829e+00 -1.040589459371193115e+01
8.199999999999869615e+00 -1.039887389133124351e+01
8.209999999999869402e+00 -1.039232105878421564e+01
8.219999999999869189e+00 -1.038624482696508444e+01
8.229999999999868976e+00 -1.038064263206607230e+01
8.239999999999868763e+00 -1.037550418065407953e+01
8.249999999999868550e+00 -1.037081645734749458e+01
8.259999999999868336e+00 -1.036656806536549169e+01
8.269999999999868123e+00 -1.036275183020270241e+01
8.279999999999867910e+00 -1.035936532106693342e+01
8.289999999999867697e+00 -1.035641035645698160e+01
8.299999999999867484e+00 -1.035389187608225647e+01
8.309999999999867271e+00 -1.035181640403902570e+01
8.319999999999867057e+00 -1.035019059883462766e+01
8.329999999999866844e+00 -1.034902008471981638e+01
8.339999999999866631e+00 -1.034830870767853561e+01
8.349999999999866418e+00 -1.034805836657798395e+01
8.359999999999866205e+00 -1.034827071848064683e+01
8.369999999999865992e+00 -1.034894961799725266e+01
8.379999999999865778e+00 -1.035010097446548905e+01
8.389999999999865565e+00 -1.035173142578617522e+01
8.399999999999865352e+00 -1.035384742467583230e+01
8.409999999999865139e+00 -1.035645413247812563e+01
8.419999999999864926e+00 -1.035955435861082918e+01
8.429999999999864713e+00 -1.036314769477075792e+01
8.439999999999864500e+00 -1.036722978600579026e+01
8.449999999999864286e+00 -1.037179138772281206e+01
8.459999999999864073e+00 -1.037681775169530951e+01
8.469999999999863860e+00 -1.038228819709830120e+01
8.479999999999863647e+00 -1.038817426568281732e+01
8.489999999999863434e+00 -1.039443949654119415e+01
8.499999999999863221e+00 -1.040104453386696903e+01
8.509999999999863007e+00 -1.040795215610175362e+01
8.519999999999862794e+00 -1.041512726081344198e+01
8.529999999999862581e+00 -1.042253508750125768e+01
8.539999999999862368e+00 -1.043013998984943669e+01
8.549999999999862155e+00 -1.043790453157420828e+01
8.559999999999861942e+00 -1.044578920821510160e+01
8.569999999999861728e+00 -1.045375287362713834e+01
8.579999999999861515e+00 -1.046175377346738067e+01
8.589999999999861302e+00 -1.046975095100592590e+01
8.599999999999861089e+00 -1.047770572878283701e+01
8.609999999999860876e+00 -1.048558297498075476e+01
8.619999999999860663e+00 -1.049335193800913935e+01
8.629999999999860449e+00 -1.050098653150310390e+01
8.639999999999860236e+00 -1.050846507321886492e+01
8.649999999999860023e+00 -1.051576957218686026e+01
8.659999999999859810e+00 -1.052288472997586410e+01
8.669999999999859597e+00 -1.052979683945200939e+01
8.679999999999859384e+00 -1.053649275521061845e+01
8.689999999999859170e+00 -1.054295906092214707e+01
8.699999999999858957e+00 -1.054918150466358107e+01
8.709999999999858744e+00 -1.055514470985944264e+01
8.719999999999858531e+00 -1.056083212575812347e+01
8.729999999999858318e+00 -1.056622614892350143e+01
8.739999999999858105e+00 -1.057130834310722101e+01
8.749999999999857891e+00 -1.057605969169351567e+01
8.759999999999857678e+00 -1.058046084275944487e+01
8.769999999999857465e+00 -1.058449232978091992e+01
8.779999999999857252e+00 -1.058813477816542736e+01
8.789999999999857039e+00 -1.059136911948432491e+01
8.799999999999856826e+00 -1.059417684353517508e+01
8.809999999999856612e+00 -1.059654030887802456e+01
8.819999999999856399e+00 -1.059844312283761347e+01
8.829999999999856186e+00 -1.059987058115634539e+01
8.839999999999855973e+00 -1.060081014508581454e+01
8.849999999999855760e+00 -1.060125184584839708e+01
8.859999999999855547e+00 -1.060118800069336054e+01
8.869999999999855333e+00 -1.060061279734320294e+01
8.879999999999855120e+00 -1.059952304156780656e+01
8.889999999999854907e+00 -1.059791917118761084e+01
8.899999999999854694e+00 -1.059580578929213956e+01
8.909999999999854481e+00 -1.059319196286285880e+01
8.919999999999854268e+00 -1.059009119519908282e+01
8.929999999999854055e+00 -1.058652112076246432e+01
8.939999999999853841e+00 -1.058250300272544209e+01
8.949999999999853628e+00 -1.057806112203335402e+01
8.959999999999853415e+00 -1.057322215249933706e+01
8.969999999999853202e+00 -1.056801458815953687e+01
8.979999999999852989e+00 -1.056246826632240499e+01
8.989999999999852776e+00 -1.055661399466767136e+01
8.999999999999852562e+00 -1.055048327150061915e+01
9.009999999999852349e+00 -1.054410806928098410e+01
9.019999999999852136e+00 -1.053752065230742119e+01
9.029999999999851923e+00 -1.053075340063539578e+01
9.039999999999851710e+00 -1.052383862806246739e+01
9.049999999999851497e+00 -1.051680839131360656e+01
9.059999999999851283e+00 -1.050969430332128596e+01
9.069999999999851070e+00 -1.050252736663733799e+01
9.079999999999850857e+00 -1.049533784836063077e+01
9.089999999999850644e+00 -1.048815519896637305e+01
9.099999999999850431e+00 -1.048100799131054472e+01
9.109999999999850218e+00 -1.047392401834983033e+01
9.119999999999850004e+00 -1.046693067774585728e+01
9.129999999999849791e+00 -1.046005804694548225e+01
9.139999999999849578e+00 -1.045334267737572809e+01
9.149999999999849365e+00 -1.044682708229832713e+01
9.159999999999849152e+00 -1.044055625004092214e+01
9.169999999999848939e+00 -1.043457225211114547e+01
9.179999999999848725e+00 -1.042891016880902910e+01
9.189999999999848512e+00 -1.042359650076459943e+01
9.199999999999848299e+00 -1.041864842633855659e+01
9.209999999999848086e+00 -1.041407491508980421e+01
9.219999999999847873e+00 -1.040987740112729121e+01
9.229999999999847660e+00 -1.040605054519304495e+01
9.239999999999847446e+00 -1.040258493305525000e+01
9.249999999999847233e+00 -1.039947031096804331e+01
9.259999999999847020e+00 -1.039669820514634324e+01
9.269999999999846807e+00 -1.039426315185772154e+01
9.279999999999846594e+00 -1.039216268781263430e+01
9.289999999999846381e+00 -1.039039685150884829e+01
9.299999999999846167e+00 -1.038896747744556670e+01
9.309999999999845954e+00 -1.038787735222576991e+01
9.319999999999845741e+00 -1.038712944658547777e+01
9.329999999999845528e+00 -1.038672638618838029e+01
9.339999999999845315e+00 -1.038667059376637525e+01
9.349999999999845102e+00 -1.038696560721514928e+01
9.359999999999844889e+00 -1.038761698607444472e+01
9.369999999999844675e+00 -1.038863138785540841e+01
9.379999999999844462e+00 -1.039001536796527958e+01
9.389999999999844249e+00 -1.039177459105930623e+01
9.399999999999844036e+00 -1.039391307288665622e+01
9.409999999999843823e+00 -1.039643259063100800e+01
9.419999999999843610e+00 -1.039933222115212530e+01
9.429999999999843396e+00 -1.040260763625378360e+01
9.439999999999843183e+00 -1.040625075105580244e+01
9.449999999999842970e+00 -1.041024970871722921e+01
9.459999999999842757e+00 -1.041458741957774059e+01
9.469999999999842544e+00 -1.041924017270280345e+01
9.479999999999842331e+00 -1.042418019400193963e+01
9.489999999999842117e+00 -1.042937979283467342e+01
9.499999999999841904e+00 -1.043481195845679466e+01
9.509999999999841691e+00 -1.044044904593720524e+01
9.519999999999841478e+00 -1.044626205905468375e+01
9.529999999999841265e+00 -1.045222021524469547e+01
9.539999999999841052e+00 -1.045829093744747773e+01
9.549999999999840838e+00 -1.046444033733060230e+01
9.559999999999840625e+00 -1.047063409905330289e+01
9.569999999999840412e+00 -1.047683859826494057e+01
9.579999999999840199e+00 -1.048302204596245524e+01
9.589999999999839986e+00 -1.048915545704086583e+01
9.599999999999839773e+00 -1.049521329493756383e+01
9.609999999999839559e+00 -1.050117371531948862e+01
9.619999999999839346e+00 -1.050701841262380754e+01
9.629999999999839133e+00 -1.051273213811592733e+01
9.639999999999838920e+00 -1.051830200316403641e+01
9.649999999999838707e+00 -1.052371669569903823e+01
9.659999999999838494e+00 -1.052896572811899567e+01
9.669999999999838280e+00 -1.053403880447118723e+01
9.679999999999838067e+00 -1.053892535584694734e+01
9.689999999999837854e+00 -1.054361425343251568e+01
9.699999999999837641e+00 -1.054809367778492835e+01
9.709999999999837428e+00 -1.055235110436315971e+01
9.719999999999837215e+00 -1.055637336089060696e+01
9.729999999999837001e+00 -1.056014671910354963e+01
9.739999999999836788e+00 -1.056365699799330038e+01
9.749999999999836575e+00 -1.056688967230094356e+01
9.759999999999836362e+00 -1.056982999437676796e+01
9.769999999999836149e+00 -1.057246314597825609e+01
9.779999999999835936e+00 -1.057477443795922945e+01
9.789999999999835723e+00 -1.057674957033502317e+01
9.799999999999835509e+00 -1.057837495506583991e+01
9.809999999999835296e+00 -1.057963809167891078e+01
9.819999999999835083e+00 -1.058052797467070327e+01
9.829999999999834870e+00 -1.058103550360796064e+01
9.839999999999834657e+00 -1.058115349502072888e+01
9.849999999999834444e+00 -1.058087636432062695e+01
9.859999999999834230e+00 -1.058020042032267227e+01
9.869999999999834017e+00 -1.057912464431075783e+01
9.879999999999833804e+00 -1.057765124216530417e+01
9.889999999999833591e+00 -1.057578594155439156e+01
9.899999999999833378e+00 -1.057353805229403498e+01
9.909999999999833165e+00 -1.057092028648069615e+01
9.919999999999832951e+00 -1.056794839930457641e+01
9.929999999999832738e+00 -1.056464071607826227e+01
9.939999999999832525e+00 -1.056101762295303637e+01
9.949999999999832312e+00 -1.055710108075985865e+01
9.959999999999832099e+00 -1.055291420443498751e+01
9.969999999999831886e+00 -1.054848092433743645e+01
9.979999999999831672e+00 -1.054382572666705009e+01
9.989999999999831459e+00 -1.053897345488532444e+01
9.999999999999831246e+00 -1.053394914905465996e+01
1.000999999999983103e+01 -1.052877790114836820e+01
