0.000000000000000000e+00 7.604559788455238917e-04
1.000000000000000021e-02 7.336064265035716223e-06
2.000000000000000042e-02 -3.698210869863535755e-03
2.999999999999999889e-02 -1.308558711803239731e-02
4.000000000000000083e-02 -3.048904944267426947e-02
5.000000000000000278e-02 -5.774522522880031622e-02
6.000000000000000472e-02 -9.616390104488369006e-02
7.000000000000000666e-02 -1.465673388934347898e-01
8.000000000000000167e-02 -2.093800008264771473e-01
8.999999999999999667e-02 -2.847418972876833432e-01
9.999999999999999167e-02 -3.726167460055023195e-01
1.099999999999999867e-01 -4.728707983844485652e-01
1.199999999999999817e-01 -5.853079730483877752e-01
1.299999999999999767e-01 -7.096596984299468058e-01
1.399999999999999856e-01 -8.455403201320584872e-01
1.499999999999999944e-01 -9.923880582929894834e-01
1.600000000000000033e-01 -1.149415555853997795e+00
1.700000000000000122e-01 -1.315593659206260257e+00
1.800000000000000211e-01 -1.489681277013131355e+00
1.900000000000000300e-01 -1.670231804034569167e+00
2.000000000000000389e-01 -1.855661860844994848e+00
2.100000000000000477e-01 -2.045233445505591163e+00
2.200000000000000566e-01 -2.240629086435279138e+00
2.300000000000000655e-01 -2.445660578427729437e+00
2.400000000000000744e-01 -2.664378333632615892e+00
2.500000000000000555e-01 -2.900046657863823096e+00
2.600000000000000644e-01 -3.154815220571052681e+00
2.700000000000000733e-01 -3.429435137529779798e+00
2.800000000000000822e-01 -3.723382662521353303e+00
2.900000000000000910e-01 -4.035450246554871612e+00
3.000000000000000999e-01 -4.364274926679984290e+00
3.100000000000001088e-01 -4.708370828938490682e+00
3.200000000000001177e-01 -5.066154003137897099e+00
3.300000000000001266e-01 -5.436054718936722097e+00
3.400000000000001354e-01 -5.816463275240589148e+00
3.500000000000001443e-01 -6.205705678178524920e+00
3.600000000000001532e-01 -6.602012690662236061e+00
3.700000000000001621e-01 -7.003249557465562880e+00
3.800000000000001710e-01 -7.406794832638716741e+00
3.900000000000001799e-01 -7.809762461999334882e+00
4.000000000000001887e-01 -8.209102077165827183e+00
4.100000000000001976e-01 -8.601658605127845192e+00
4.200000000000002065e-01 -8.984329577849607062e+00
4.300000000000002154e-01 -9.354176472817048449e+00
4.400000000000002243e-01 -9.708312026397209138e+00
4.500000000000002331e-01 -1.004363179480959367e+01
4.600000000000002420e-01 -1.035684028623835751e+01
4.700000000000002509e-01 -1.064454499846926971e+01
4.800000000000002598e-01 -1.090425497257062837e+01
4.900000000000002687e-01 -1.113565560289812240e+01
5.000000000000002220e-01 -1.133988768553399495e+01
5.100000000000002309e-01 -1.151852057908847193e+01
5.200000000000002398e-01 -1.167338024837389376e+01
5.300000000000002487e-01 -1.180631442827101019e+01
5.400000000000002576e-01 -1.191889077003033925e+01
5.500000000000002665e-01 -1.201223838488283846e+01
5.600000000000002753e-01 -1.208713567331791161e+01
5.700000000000002842e-01 -1.214409782886230893e+01
5.800000000000002931e-01 -1.218342826522274791e+01
5.900000000000003020e-01 -1.220530253882993144e+01
6.000000000000003109e-01 -1.220998857576413776e+01
6.100000000000003197e-01 -1.219822369377254567e+01
6.200000000000003286e-01 -1.217143885976214612e+01
6.300000000000003375e-01 -1.213176687767780670e+01
6.400000000000003464e-01 -1.208198968971762710e+01
6.500000000000003553e-01 -1.202540773948237174e+01
6.600000000000003642e-01 -1.196557541596543039e+01
6.700000000000003730e-01 -1.190596484948118317e+01
6.800000000000003819e-01 -1.184962816296344990e+01
6.900000000000003908e-01 -1.179892256549921115e+01
7.000000000000003997e-01 -1.175530705323099490e+01
7.100000000000004086e-01 -1.171918168866960563e+01
7.200000000000004174e-01 -1.168990613592851879e+01
7.300000000000004263e-01 -1.166604867777921228e+01
7.400000000000004352e-01 -1.164575857337698572e+01
7.500000000000004441e-01 -1.162725610999279091e+01
7.600000000000004530e-01 -1.160930526007403962e+01
7.700000000000004619e-01 -1.159140514207613037e+01
7.800000000000004707e-01 -1.157365296309408720e+01
7.900000000000004796e-01 -1.155637527484327087e+01
8.000000000000004885e-01 -1.153963777269965085e+01
8.100000000000004974e-01 -1.152275710940616804e+01
8.200000000000005063e-01 -1.150394298103016943e+01
8.300000000000005151e-01 -1.148017516021390527e+01
8.400000000000005240e-01 -1.144737928336545174e+01
8.500000000000005329e-01 -1.140090721993322020e+01
8.600000000000005418e-01 -1.133624551918437184e+01
8.700000000000005507e-01 -1.124980575283120388e+01
8.800000000000005596e-01 -1.113961426392796739e+01
8.900000000000005684e-01 -1.100574362146216778e+01
9.000000000000005773e-01 -1.085041619648800726e+01
9.100000000000005862e-01 -1.067776711998291361e+01
9.200000000000005951e-01 -1.049329306724375144e+01
9.300000000000006040e-01 -1.030310040529515803e+01
9.400000000000006128e-01 -1.011318285427595853e+01
9.410000000000006137e-01 -1.009437999854072210e+01
9.420000000000006146e-01 -1.007564083960927626e+01
9.430000000000006155e-01 -1.005697011349088577e+01
9.440000000000006164e-01 -1.003837253427824550e+01
9.450000000000006173e-01 -1.001985271910052155e+01
9.460000000000006182e-01 -1.000141512465423510e+01
9.470000000000006191e-01 -9.983064026881145026e+00
9.480000000000006199e-01 -9.964803501385215867e+00
9.490000000000006208e-01 -9.946637430477036190e+00
9.500000000000006217e-01 -9.928569498240140234e+00
9.600000000000006306e-01 -9.754102480319062352e+00
9.700000000000006395e-01 -9.591914272746922876e+00
9.800000000000006484e-01 -9.442938924423286196e+00
9.900000000000006573e-01 -9.306804648324670026e+00
1.000000000000000666e+00 -9.182456725576818357e+00
1.010000000000000675e+00 -9.068851876097248521e+00
1.020000000000000684e+00 -8.965442035932289500e+00
1.030000000000000693e+00 -8.872416047834963848e+00
1.040000000000000702e+00 -8.790742711048830316e+00
1.050000000000000711e+00 -8.721941656895635830e+00
1.060000000000000719e+00 -8.667602060914523676e+00
1.070000000000000728e+00 -8.628890301915337346e+00
1.080000000000000737e+00 -8.606148229216875833e+00
1.090000000000000746e+00 -8.598568945344139181e+00
1.100000000000000755e+00 -8.604064564877734966e+00
1.110000000000000764e+00 -8.619392123235414260e+00
1.120000000000000773e+00 -8.640441831126684846e+00
1.130000000000000782e+00 -8.662663594478319240e+00
1.140000000000000790e+00 -8.681673501283727390e+00
1.150000000000000799e+00 -8.693860476521203751e+00
1.160000000000000808e+00 -8.696784811998632847e+00
1.170000000000000817e+00 -8.689327257778229452e+00
1.180000000000000826e+00 -8.671668329121692054e+00
1.190000000000000835e+00 -8.645151615076578366e+00
1.200000000000000844e+00 -8.611958282231425343e+00
1.210000000000000853e+00 -8.574636394822471530e+00
1.220000000000000862e+00 -8.535616239680432926e+00
1.230000000000000870e+00 -8.496774252914280012e+00
1.240000000000000879e+00 -8.459138522975173657e+00
1.250000000000000888e+00 -8.422861407233700248e+00
1.260000000000000897e+00 -8.387473728120802718e+00
1.270000000000000906e+00 -8.352320974081697713e+00
1.280000000000000915e+00 -8.317066397974828718e+00
1.290000000000000924e+00 -8.282168411763153770e+00
1.300000000000000933e+00 -8.249202401337869972e+00
1.310000000000000941e+00 -8.220907567270922200e+00
1.320000000000000950e+00 -8.200932887951829287e+00
1.330000000000000959e+00 -8.193319840943793508e+00
1.340000000000000968e+00 -8.201823477606566826e+00
1.350000000000000977e+00 -8.229233824099839723e+00
1.360000000000000986e+00 -8.276844321971525531e+00
1.370000000000000995e+00 -8.344160416139080994e+00
1.380000000000001004e+00 -8.428917517286713235e+00
1.390000000000001013e+00 -8.527412581407734393e+00
1.400000000000001021e+00 -8.635062139054065611e+00
1.410000000000001030e+00 -8.747074359591101356e+00
1.420000000000001039e+00 -8.859108962301917245e+00
1.430000000000001048e+00 -8.967779858053965825e+00
1.440000000000001057e+00 -9.070909912080951543e+00
1.450000000000001066e+00 -9.167496293120905193e+00
1.460000000000001075e+00 -9.257427745989200929e+00
1.470000000000001084e+00 -9.341060324083533928e+00
1.480000000000001092e+00 -9.418790334271632148e+00
1.481000000000000982e+00 -9.426248004164712313e+00
1.482000000000000872e+00 -9.433649142932974740e+00
1.483000000000000762e+00 -9.440993616563424951e+00
1.484000000000000652e+00 -9.448281252412787268e+00
1.485000000000000542e+00 -9.455511833735251059e+00
1.486000000000000432e+00 -9.462685090491291362e+00
1.487000000000000322e+00 -9.469800699219895534e+00
1.488000000000000211e+00 -9.476858280712038507e+00
1.489000000000000101e+00 -9.483857392442914147e+00
1.489999999999999991e+00 -9.490797531918477858e+00
1.500000000000000000e+00 -9.556724204844059045e+00
1.510000000000000009e+00 -9.615812609347443640e+00
1.520000000000000018e+00 -9.667034055425505201e+00
1.520999999999999908e+00 -9.671690485663456016e+00
1.521999999999999797e+00 -9.676256477366488085e+00
1.522999999999999687e+00 -9.680731150211695279e+00
1.523999999999999577e+00 -9.685113675286141088e+00
1.524999999999999467e+00 -9.689403280078154879e+00
1.525999999999999357e+00 -9.693599252947482370e+00
1.526999999999999247e+00 -9.697700948038953328e+00
1.527999999999999137e+00 -9.701707789875896992e+00
1.528999999999999027e+00 -9.705619277326945848e+00
1.529999999999998916e+00 -9.709434987645607862e+00
1.530999999999998806e+00 -9.713154579848053416e+00
1.531999999999998696e+00 -9.716777798502507224e+00
1.532999999999998586e+00 -9.720304477060752291e+00
1.533999999999998476e+00 -9.723734541446727775e+00
1.534999999999998366e+00 -9.727068013203354013e+00
1.535999999999998256e+00 -9.730305012597487035e+00
1.536999999999998145e+00 -9.733445761424075471e+00
1.537999999999998035e+00 -9.736490588016053493e+00
1.538999999999997925e+00 -9.739439935776269763e+00
1.539999999999997815e+00 -9.742294364468143897e+00
1.540999999999997705e+00 -9.745054541237621493e+00
1.541999999999997595e+00 -9.747721237583043319e+00
1.542999999999997485e+00 -9.750295334906992295e+00
1.543999999999997375e+00 -9.752777829010163657e+00
1.544999999999997264e+00 -9.755169831885593723e+00
1.545999999999997154e+00 -9.757472572096055785e+00
1.546999999999997044e+00 -9.759687394868468147e+00
1.547999999999996934e+00 -9.761815760965571798e+00
1.548999999999996824e+00 -9.763859245200448456e+00
1.549999999999996714e+00 -9.765819535506299331e+00
1.559999999999996723e+00 -9.781531359537172676e+00
1.560999999999996612e+00 -9.782726447125966729e+00
1.561999999999996502e+00 -9.783866722124804127e+00
1.562999999999996392e+00 -9.784955194066451867e+00
1.563999999999996282e+00 -9.785994956748124807e+00
1.564999999999996172e+00 -9.786989184243680029e+00
1.565999999999996062e+00 -9.787941126745652198e+00
1.566999999999995952e+00 -9.788854106460963322e+00
1.567999999999995842e+00 -9.789731513510195882e+00
1.568999999999995731e+00 -9.790576801577724808e+00
1.569999999999995621e+00 -9.791393483419348343e+00
1.579999999999995630e+00 -9.799100050139525564e+00
1.589999999999995639e+00 -9.807996324416214051e+00
1.599999999999995648e+00 -9.821614077253721931e+00
1.609999999999995657e+00 -9.842943716434499279e+00
1.619999999999995666e+00 -9.874023903288513537e+00
1.629999999999995675e+00 -9.915692718865427580e+00
1.639999999999995683e+00 -9.967543267318626832e+00
1.649999999999995692e+00 -1.002808258054801804e+01
1.659999999999995701e+00 -1.009505165049074726e+01
1.669999999999995710e+00 -1.016583280597266103e+01
1.679999999999995719e+00 -1.023785582448215337e+01
1.689999999999995728e+00 -1.030891861231406637e+01
1.699999999999995737e+00 -1.037735791150025477e+01
1.709999999999995746e+00 -1.044204454268156645e+01
1.719999999999995755e+00 -1.050223022886594215e+01
1.729999999999995763e+00 -1.055730739124159356e+01
1.739999999999995772e+00 -1.060655436557215303e+01
1.749999999999995781e+00 -1.064894016488646500e+01
1.759999999999995790e+00 -1.068304824313530510e+01
1.769999999999995799e+00 -1.070714795172990819e+01
1.779999999999995808e+00 -1.071940505715310188e+01
1.789999999999995817e+00 -1.071818812617630989e+01
1.799999999999995826e+00 -1.070240754260598059e+01
1.809999999999995834e+00 -1.067181512969368740e+01
1.819999999999995843e+00 -1.062719297626473747e+01
1.829999999999995852e+00 -1.057038105317130672e+01
1.839999999999995861e+00 -1.050412862400641778e+01
1.849999999999995870e+00 -1.043179222587240140e+01
1.859999999999995879e+00 -1.035693495317490509e+01
1.869999999999995888e+00 -1.028290230657816196e+01
1.879999999999995897e+00 -1.021245509697783760e+01
1.889999999999995905e+00 -1.014752478413836556e+01
1.899999999999995914e+00 -1.008912678584517764e+01
1.909999999999995923e+00 -1.003743326380912393e+01
1.919999999999995932e+00 -9.991973413914328361e+00
1.929999999999995941e+00 -9.951902956381275089e+00
1.939999999999995950e+00 -9.916274416517268264e+00
1.949999999999995959e+00 -9.884245986765410663e+00
1.959999999999995968e+00 -9.855185580369468568e+00
1.969999999999995977e+00 -9.828656029466300126e+00
1.979999999999995985e+00 -9.804297255390547861e+00
1.989999999999995994e+00 -9.781649683520642569e+00
1.999999999999996003e+00 -9.759982020151845461e+00
2.009999999999995790e+00 -9.738178113503771272e+00
2.019999999999995577e+00 -9.714757860832763825e+00
2.029999999999995364e+00 -9.688063269160453572e+00
2.039999999999995151e+00 -9.656465602292065853e+00
2.049999999999994937e+00 -9.618520696566891459e+00
2.059999999999994724e+00 -9.573149979847157098e+00
2.069999999999994511e+00 -9.519832112597402585e+00
2.079999999999994298e+00 -9.458731501243837769e+00
2.089999999999994085e+00 -9.390725900192085973e+00
2.099999999999993872e+00 -9.317347554892254635e+00
2.109999999999993658e+00 -9.240633521203177381e+00
2.119999999999993445e+00 -9.162896163475140909e+00
2.129999999999993232e+00 -9.086475965084487072e+00
2.139999999999993019e+00 -9.013515839018243270e+00
2.149999999999992806e+00 -8.945788197085132509e+00
2.159999999999992593e+00 -8.884609985602590854e+00
2.169999999999992379e+00 -8.830849828565973780e+00
2.179999999999992166e+00 -8.784998875958443421e+00
2.189999999999991953e+00 -8.747284536738757055e+00
2.199999999999991740e+00 -8.717796134361973870e+00
2.209999999999991527e+00 -8.696583145407187132e+00
2.219999999999991314e+00 -8.683700237967720170e+00
2.229999999999991100e+00 -8.679189901367632132e+00
2.239999999999990887e+00 -8.683012051691726185e+00
2.249999999999990674e+00 -8.694944337390442257e+00
2.259999999999990461e+00 -8.714480273943271627e+00
2.269999999999990248e+00 -8.740747404372603668e+00
2.279999999999990035e+00 -8.772471054012060065e+00
2.289999999999989821e+00 -8.808006587170238433e+00
2.299999999999989608e+00 -8.845442720718304841e+00
2.309999999999989395e+00 -8.882763342944762996e+00
2.319999999999989182e+00 -8.918045544593921292e+00
2.329999999999988969e+00 -8.949658660559201451e+00
2.339999999999988756e+00 -8.976436910612822118e+00
2.349999999999988542e+00 -8.997799021377872464e+00
2.359999999999988329e+00 -9.013780693539835909e+00
2.369999999999988116e+00 -9.024974108051466715e+00
2.379999999999987903e+00 -9.032398936222323371e+00
2.389999999999987690e+00 -9.037337712187945016e+00
2.399999999999987477e+00 -9.041166692647125913e+00
2.409999999999987264e+00 -9.045211971530788375e+00
2.419999999999987050e+00 -9.050653620409123690e+00
2.429999999999986837e+00 -9.058486225180296003e+00
2.439999999999986624e+00 -9.069478366995262775e+00
2.449999999999986411e+00 -9.084183836175073523e+00
2.459999999999986198e+00 -9.103075276605133936e+00
2.469999999999985985e+00 -9.126654192869400717e+00
2.479999999999985771e+00 -9.155459558281856758e+00
2.489999999999985558e+00 -9.190019861694549874e+00
2.499999999999985345e+00 -9.230784419948003361e+00
2.509999999999985132e+00 -9.278019268754574611e+00
2.519999999999984919e+00 -9.331685476712932470e+00
2.529999999999984706e+00 -9.391344405770222892e+00
2.539999999999984492e+00 -9.456104593984612450e+00
2.549999999999984279e+00 -9.524632584105351185e+00
2.559999999999984066e+00 -9.595231780980585157e+00
2.569999999999983853e+00 -9.665980978648672561e+00
2.579999999999983640e+00 -9.734905883730423426e+00
2.589999999999983427e+00 -9.800160171036145229e+00
2.599999999999983213e+00 -9.860185604563541872e+00
2.609999999999983000e+00 -9.913822425190190302e+00
2.619999999999982787e+00 -9.960360132995390359e+00
2.629999999999982574e+00 -9.999524974013395351e+00
2.639999999999982361e+00 -1.003141309823537064e+01
2.649999999999982148e+00 -1.005639085669435495e+01
2.659999999999981934e+00 -1.007498757090001895e+01
2.669999999999981721e+00 -1.008780290039139338e+01
2.679999999999981508e+00 -1.009544718175181366e+01
2.689999999999981295e+00 -1.009852361757467243e+01
2.699999999999981082e+00 -1.009764697823585244e+01
2.709999999999980869e+00 -1.009348642176429323e+01
2.719999999999980655e+00 -1.008681319931882570e+01
2.729999999999980442e+00 -1.007853161256579533e+01
2.739999999999980229e+00 -1.006967657776435843e+01
2.749999999999980016e+00 -1.006136963172028054e+01
2.759999999999979803e+00 -1.005473472929919332e+01
2.769999999999979590e+00 -1.005078518963584244e+01
2.779999999999979376e+00 -1.005030154120302477e+01
2.789999999999979163e+00 -1.005372270327212370e+01
2.799999999999978950e+00 -1.006106411542009482e+01
2.809999999999978737e+00 -1.007188028070780028e+01
2.819999999999978524e+00 -1.008529252386851738e+01
2.829999999999978311e+00 -1.010007798096299680e+01
2.839999999999978098e+00 -1.011479931269778554e+01
2.849999999999977884e+00 -1.012795220585334555e+01
2.859999999999977671e+00 -1.013810801203720757e+01
2.869999999999977458e+00 -1.014402919448389540e+01
2.879999999999977245e+00 -1.014474291648482129e+01
2.889999999999977032e+00 -1.013956839502380625e+01
2.899999999999976819e+00 -1.012810277108510348e+01
2.909999999999976605e+00 -1.011017885650702830e+01
2.919999999999976392e+00 -1.008581220604503592e+01
2.929999999999976179e+00 -1.005515547361304485e+01
2.939999999999975966e+00 -1.001847302514877036e+01
2.949999999999975753e+00 -9.976141828845193515e+00
2.959999999999975540e+00 -9.928675592587101306e+00
2.969999999999975326e+00 -9.876761376821681537e+00
2.979999999999975113e+00 -9.821293178428737392e+00
2.989999999999974900e+00 -9.763385896390619934e+00
2.999999999999974687e+00 -9.704356865098846541e+00
3.009999999999974474e+00 -9.645669148398026138e+00
3.019999999999974261e+00 -9.588839484244942923e+00
3.029999999999974047e+00 -9.535322103930448989e+00
3.039999999999973834e+00 -9.486385675053897515e+00
3.049999999999973621e+00 -9.443002943106879599e+00
3.059999999999973408e+00 -9.405777869970458838e+00
3.069999999999973195e+00 -9.374917383838445417e+00
3.079999999999972982e+00 -9.350248556620789131e+00
3.089999999999972768e+00 -9.331293490023329085e+00
3.099999999999972555e+00 -9.317345968463323302e+00
3.109999999999972342e+00 -9.307513355881050998e+00
3.119999999999972129e+00 -9.300781167845860509e+00
3.129999999999971916e+00 -9.296108493679232865e+00
3.139999999999971703e+00 -9.292511115728824933e+00
3.149999999999971489e+00 -9.289121313892767517e+00
3.159999999999971276e+00 -9.285222539047547130e+00
3.169999999999971063e+00 -9.280246563922361247e+00
3.179999999999970850e+00 -9.273749279151639158e+00
3.189999999999970637e+00 -9.265385024215973431e+00
3.199999999999970424e+00 -9.254886261974721862e+00
3.209999999999970210e+00 -9.242057431975769788e+00
3.219999999999969997e+00 -9.226787172751388155e+00
3.229999999999969784e+00 -9.209076391153727670e+00
3.239999999999969571e+00 -9.189073737040672540e+00
3.249999999999969358e+00 -9.167116436215456687e+00
3.259999999999969145e+00 -9.143764767605704336e+00
3.269999999999968932e+00 -9.119810009532384854e+00
3.279999999999968718e+00 -9.096246972675233522e+00
3.289999999999968505e+00 -9.074213376445905865e+00
3.299999999999968292e+00 -9.054904417491364654e+00
3.309999999999968079e+00 -9.039473854765693872e+00
3.319999999999967866e+00 -9.028935729537984400e+00
3.329999999999967653e+00 -9.024081299265294120e+00
3.339999999999967439e+00 -9.025422999115209066e+00
3.349999999999967226e+00 -9.033169779984316250e+00
3.359999999999967013e+00 -9.047232679293490065e+00
3.369999999999966800e+00 -9.067258109903320928e+00
3.379999999999966587e+00 -9.092680735407268955e+00
3.389999999999966374e+00 -9.122783756435115521e+00
3.399999999999966160e+00 -9.156755448793946428e+00
3.409999999999965947e+00 -9.193733962141317662e+00
3.419999999999965734e+00 -9.232836889502033628e+00
3.429999999999965521e+00 -9.273176677240517307e+00
3.439999999999965308e+00 -9.313865266667137988e+00
3.449999999999965095e+00 -9.354017053189181752e+00
3.459999999999964881e+00 -9.392770658450338317e+00
3.469999999999964668e+00 -9.429320312928062719e+00
3.479999999999964455e+00 -9.462950588781421146e+00
3.489999999999964242e+00 -9.493092103874790411e+00
3.499999999999964029e+00 -9.519376356603144629e+00
3.509999999999963816e+00 -9.541669385915360735e+00
3.519999999999963602e+00 -9.560085442289249613e+00
3.529999999999963389e+00 -9.574981264819074411e+00
3.539999999999963176e+00 -9.586928025657320163e+00
3.549999999999962963e+00 -9.596663544129734547e+00
3.559999999999962750e+00 -9.605031113309268065e+00
3.569999999999962537e+00 -9.612909898440452849e+00
3.579999999999962323e+00 -9.621148081094833771e+00
3.589999999999962110e+00 -9.630507620811354030e+00
3.599999999999961897e+00 -9.641625021444701460e+00
3.609999999999961684e+00 -9.654988037762882058e+00
3.619999999999961471e+00 -9.670928920046277355e+00
3.629999999999961258e+00 -9.689629617917701054e+00
3.639999999999961044e+00 -9.711132099595820577e+00
3.649999999999960831e+00 -9.735349716614162929e+00
3.659999999999960618e+00 -9.762075175247010961e+00
3.669999999999960405e+00 -9.790982902869338034e+00
3.679999999999960192e+00 -9.821627528138073160e+00
3.689999999999959979e+00 -9.853442202620890100e+00
3.699999999999959766e+00 -9.885740497527107706e+00
3.709999999999959552e+00 -9.917727151474689862e+00
3.719999999999959339e+00 -9.948521468852346672e+00
3.729999999999959126e+00 -9.977194775289868645e+00
3.739999999999958913e+00 -1.000282268519875295e+01
3.749999999999958700e+00 -1.002454731663342713e+01
3.759999999999958487e+00 -1.004164047857540787e+01
3.769999999999958273e+00 -1.005355891193812923e+01
3.779999999999958060e+00 -1.005998432239947959e+01
3.789999999999957847e+00 -1.006084247090431383e+01
3.799999999999957634e+00 -1.005629564439968782e+01
3.809999999999957421e+00 -1.004671499995713191e+01
3.819999999999957208e+00 -1.003264495537822221e+01
3.829999999999956994e+00 -1.001476055599257542e+01
3.839999999999956781e+00 -9.993820485848944557e+00
3.849999999999956568e+00 -9.970622906466282132e+00
3.859999999999956355e+00 -9.945969097894147737e+00
3.869999999999956142e+00 -9.920634523856451281e+00
3.879999999999955929e+00 -9.895346134204997313e+00
3.889999999999955715e+00 -9.870762698301675186e+00
3.899999999999955502e+00 -9.847455926393944736e+00
3.909999999999955289e+00 -9.825895373965286339e+00
3.919999999999955076e+00 -9.806434871434477785e+00
3.929999999999954863e+00 -9.789297629910734599e+00
3.939999999999954650e+00 -9.774560223569032757e+00
3.949999999999954436e+00 -9.762138944568608423e+00
3.959999999999954223e+00 -9.751782716413385899e+00
3.969999999999954010e+00 -9.743076666019698351e+00
3.979999999999953797e+00 -9.735459930945300044e+00
3.989999999999953584e+00 -9.728258298520817249e+00
3.999999999999953371e+00 -9.720729772288406068e+00
4.009999999999953602e+00 -9.712119247010193135e+00
4.019999999999953388e+00 -9.701718080146088496e+00
4.029999999999953175e+00 -9.688921628673247355e+00
4.039999999999952962e+00 -9.673276710328062578e+00
4.049999999999952749e+00 -9.654513564858033803e+00
4.059999999999952536e+00 -9.632569486476908693e+00
4.069999999999952323e+00 -9.607606319574159670e+00
4.079999999999952109e+00 -9.579988199505322655e+00
4.089999999999951896e+00 -9.550217930861707671e+00
4.099999999999951683e+00 -9.518885743868391813e+00
4.109999999999951470e+00 -9.486640338764384950e+00
4.119999999999951257e+00 -9.454155997292541969e+00
4.129999999999951044e+00 -9.422097438797518265e+00
4.139999999999950830e+00 -9.391095724000345868e+00
4.149999999999950617e+00 -9.361736638606773298e+00
4.159999999999950404e+00 -9.334558327634924879e+00
4.169999999999950191e+00 -9.310053631107788163e+00
4.179999999999949978e+00 -9.288669316161961120e+00
4.189999999999949765e+00 -9.270796656282527692e+00
4.199999999999949551e+00 -9.256753458470477369e+00
4.209999999999949338e+00 -9.246758962636526746e+00
4.219999999999949125e+00 -9.240904537659019979e+00
4.229999999999948912e+00 -9.239129108793157741e+00
4.239999999999948699e+00 -9.241205445159916820e+00
4.249999999999948486e+00 -9.246740417515509236e+00
4.259999999999948272e+00 -9.255193324069502125e+00
4.269999999999948059e+00 -9.265912867394517249e+00
4.279999999999947846e+00 -9.278185093155505214e+00
4.289999999999947633e+00 -9.291283624420184850e+00
4.299999999999947420e+00 -9.304518977766196741e+00
4.309999999999947207e+00 -9.317281678028228598e+00
4.319999999999946994e+00 -9.329074584040329299e+00
4.329999999999946780e+00 -9.339531851150956854e+00
4.339999999999946567e+00 -9.348428135465001176e+00
4.349999999999946354e+00 -9.355679721843735308e+00
4.359999999999946141e+00 -9.361332902354314811e+00
4.369999999999945928e+00 -9.365543795579222675e+00
4.379999999999945715e+00 -9.368556737127658351e+00
4.389999999999945501e+00 -9.370686590035976593e+00
4.399999999999945288e+00 -9.372306485835473211e+00
4.409999999999945075e+00 -9.373839451889567798e+00
4.419999999999944862e+00 -9.375742347743139860e+00
4.429999999999944649e+00 -9.378478355390091892e+00
4.439999999999944436e+00 -9.382504382491051231e+00
4.449999999999944222e+00 -9.388273329844551540e+00
4.459999999999944009e+00 -9.396220871796993279e+00
4.469999999999943796e+00 -9.406734187776510936e+00
4.479999999999943583e+00 -9.420116636739212623e+00
4.489999999999943370e+00 -9.436553327691061810e+00
4.499999999999943157e+00 -9.456081074520644947e+00
4.509999999999942943e+00 -9.478570609721607809e+00
4.519999999999942730e+00 -9.503725011397392564e+00
4.529999999999942517e+00 -9.531094147358684765e+00
4.539999999999942304e+00 -9.560104475489042741e+00
4.549999999999942091e+00 -9.590100492455571057e+00
4.559999999999941878e+00 -9.620391228617638291e+00
4.569999999999941664e+00 -9.650295582725481935e+00
4.579999999999941451e+00 -9.679181747958120141e+00
4.589999999999941238e+00 -9.706495979426623677e+00
4.599999999999941025e+00 -9.731779286047457234e+00
4.609999999999940812e+00 -9.754673355444435146e+00
4.619999999999940599e+00 -9.774917918127268734e+00
4.629999999999940385e+00 -9.792343310816757906e+00
4.639999999999940172e+00 -9.806862642515211448e+00
4.649999999999939959e+00 -9.818466610345833345e+00
4.659999999999939746e+00 -9.827222215327292787e+00
4.669999999999939533e+00 -9.833275457802946207e+00
4.679999999999939320e+00 -9.836855721057066404e+00
4.689999999999939106e+00 -9.838278202566744568e+00
4.699999999999938893e+00 -9.837940917942198382e+00
4.709999999999938680e+00 -9.836313165970668848e+00
4.719999999999938467e+00 -9.833913784811908698e+00
4.729999999999938254e+00 -9.831279885769118820e+00
4.739999999999938041e+00 -9.828928896497377110e+00
4.749999999999937828e+00 -9.827318229743086775e+00
4.759999999999937614e+00 -9.826808048682586616e+00
4.769999999999937401e+00 -9.827632436261115600e+00
4.779999999999937188e+00 -9.829882795535262119e+00
4.789999999999936975e+00 -9.833504845879199152e+00
4.799999999999936762e+00 -9.838307038911432656e+00
4.809999999999936549e+00 -9.843979544083989452e+00
4.819999999999936335e+00 -9.850123486380891080e+00
4.829999999999936122e+00 -9.856284887624180868e+00
4.839999999999935909e+00 -9.861986926624295435e+00
4.849999999999935696e+00 -9.866756829666037731e+00
4.859999999999935483e+00 -9.870146040192141257e+00
4.869999999999935270e+00 -9.871743984550631623e+00
4.879999999999935056e+00 -9.871187438275640602e+00
4.889999999999934843e+00 -9.868168107863443339e+00
4.899999999999934630e+00 -9.862440597295638156e+00
4.909999999999934417e+00 -9.853832410093477989e+00
4.919999999999934204e+00 -9.842256355424630954e+00
4.929999999999933991e+00 -9.827724134239661069e+00
4.939999999999933777e+00 -9.810358471794291546e+00
4.949999999999933564e+00 -9.790400745068239985e+00
4.959999999999933351e+00 -9.768210957905314018e+00
4.969999999999933138e+00 -9.744257724325828818e+00
4.979999999999932925e+00 -9.719097565740261402e+00
4.989999999999932712e+00 -9.693344578614974338e+00
4.999999999999932498e+00 -9.667633225364044236e+00
5.009999999999932285e+00 -9.642578307212987809e+00
5.019999999999932072e+00 -9.618736739221166232e+00
5.029999999999931859e+00 -9.596575420672809997e+00
5.039999999999931646e+00 -9.576448423548439948e+00
5.049999999999931433e+00 -9.558585126060119563e+00
5.059999999999931219e+00 -9.543089221366466646e+00
5.069999999999931006e+00 -9.529947028176229296e+00
5.079999999999930793e+00 -9.519042247036985316e+00
5.089999999999930580e+00 -9.510175528583863169e+00
5.099999999999930367e+00 -9.503091860152576231e+00
5.109999999999930154e+00 -9.497516077869898155e+00
5.119999999999929940e+00 -9.493172236712673850e+00
5.129999999999929727e+00 -9.489771297496329083e+00
5.139999999999929514e+00 -9.486993755360956015e+00
5.149999999999929301e+00 -9.484488845793828560e+00
5.159999999999929088e+00 -9.481888412026904689e+00
5.169999999999928875e+00 -9.478829689330426689e+00
5.179999999999928662e+00 -9.474985549261843332e+00
5.189999999999928448e+00 -9.470096753838875614e+00
5.199999999999928235e+00 -9.463999187577357475e+00
5.209999999999928022e+00 -9.456644297528786325e+00
5.219999999999927809e+00 -9.448108211978080817e+00
5.229999999999927596e+00 -9.438586302893703817e+00
5.239999999999927383e+00 -9.428376273568282784e+00
5.249999999999927169e+00 -9.417854794267002561e+00
5.259999999999926956e+00 -9.407447732878990720e+00
5.269999999999926743e+00 -9.397596426805419512e+00
5.279999999999926530e+00 -9.388726837007926207e+00
5.289999999999926317e+00 -9.381225467926336492e+00
5.299999999999926104e+00 -9.375424156202857517e+00
5.309999999999925890e+00 -9.371593605202024335e+00
5.319999999999925677e+00 -9.369943545998811629e+00
5.329999999999925464e+00 -9.370626931337632470e+00
5.339999999999925251e+00 -9.373743916458577630e+00
5.349999999999925038e+00 -9.379341261005667008e+00
5.359999999999924825e+00 -9.387406591420026203e+00
5.369999999999924611e+00 -9.397859546231929428e+00
5.379999999999924398e+00 -9.410541381054253307e+00
5.389999999999924185e+00 -9.425206713115304780e+00
5.399999999999923972e+00 -9.441522792561119815e+00
5.409999999999923759e+00 -9.459077890408677192e+00
5.419999999999923546e+00 -9.477399127672814672e+00
5.429999999999923332e+00 -9.495982056962436246e+00
5.439999999999923119e+00 -9.514328812786578382e+00
5.449999999999922906e+00 -9.531985919652258943e+00
5.459999999999922693e+00 -9.548576166884540584e+00
5.469999999999922480e+00 -9.563821795108029988e+00
5.479999999999922267e+00 -9.577556173060697731e+00
5.489999999999922053e+00 -9.589722997811952254e+00
5.499999999999921840e+00 -9.600364785263279188e+00
5.509999999999921627e+00 -9.609603915159835807e+00
5.519999999999921414e+00 -9.617620327267530911e+00
5.529999999999921201e+00 -9.624630365840060264e+00
5.539999999999920988e+00 -9.630869797574177937e+00
5.549999999999920774e+00 -9.636582486570439698e+00
5.559999999999920561e+00 -9.642014869911363917e+00
5.569999999999920348e+00 -9.647414355316417556e+00
5.579999999999920135e+00 -9.653028670376430753e+00
5.589999999999919922e+00 -9.659103320300781448e+00
5.599999999999919709e+00 -9.665874709161274225e+00
5.609999999999919496e+00 -9.673557664625544561e+00
5.619999999999919282e+00 -9.682328074394106920e+00
5.629999999999919069e+00 -9.692302912568191431e+00
5.639999999999918856e+00 -9.703520893727072050e+00
5.649999999999918643e+00 -9.715927573211391888e+00
5.659999999999918430e+00 -9.729368271890768582e+00
5.669999999999918217e+00 -9.743590896543604885e+00
5.679999999999918003e+00 -9.758259232539122863e+00
5.689999999999917790e+00 -9.772975365478380638e+00
5.699999999999917577e+00 -9.787308173588307625e+00
5.709999999999917364e+00 -9.800824149789617579e+00
5.719999999999917151e+00 -9.813116510854904107e+00
5.729999999999916938e+00 -9.823829361254972525e+00
5.739999999999916724e+00 -9.832675006489312253e+00
5.749999999999916511e+00 -9.839443340772191959e+00
5.759999999999916298e+00 -9.844003444642478229e+00
5.769999999999916085e+00 -9.846298448180681007e+00
5.779999999999915872e+00 -9.846336886951741363e+00
5.789999999999915659e+00 -9.844184242619958169e+00
5.799999999999915445e+00 -9.839956033038857797e+00
5.809999999999915232e+00 -9.833813468390154355e+00
5.819999999999915019e+00 -9.825961945745252279e+00
5.829999999999914806e+00 -9.816650915057275384e+00
5.839999999999914593e+00 -9.806172660414022246e+00
5.849999999999914380e+00 -9.794857393623539465e+00
5.859999999999914166e+00 -9.783062735947130051e+00
5.869999999999913953e+00 -9.771156467478469665e+00
5.879999999999913740e+00 -9.759493579512682260e+00
5.889999999999913527e+00 -9.748391304614946407e+00
5.899999999999913314e+00 -9.738105667347316086e+00
5.909999999999913101e+00 -9.728812229289575342e+00
5.919999999999912887e+00 -9.720593590369428938e+00
5.929999999999912674e+00 -9.713435548339971248e+00
5.939999999999912461e+00 -9.707232422877506650e+00
5.949999999999912248e+00 -9.701800630151156568e+00
5.959999999999912035e+00 -9.696898429138753883e+00
5.969999999999911822e+00 -9.692248930370322313e+00
5.979999999999911608e+00 -9.687563348541260666e+00
5.989999999999911395e+00 -9.682561852519441459e+00
5.999999999999911182e+00 -9.676989929824415526e+00
6.009999999999910969e+00 -9.670629738285487775e+00
6.019999999999910756e+00 -9.663307619089264833e+00
6.029999999999910543e+00 -9.654898536138274423e+00
6.039999999999910330e+00 -9.645328106734121221e+00
6.049999999999910116e+00 -9.634573556869520772e+00
6.059999999999909903e+00 -9.622664670223699090e+00
6.069999999999909690e+00 -9.609688633418594250e+00
6.079999999999909477e+00 -9.595795495130214903e+00
6.089999999999909264e+00 -9.581196603428756120e+00
6.099999999999909051e+00 -9.566156541847325556e+00
6.109999999999908837e+00 -9.550982581143845351e+00
6.119999999999908624e+00 -9.536011935108540172e+00
6.129999999999908411e+00 -9.521594839470234106e+00
6.139999999999908198e+00 -9.508075514039356690e+00
6.149999999999907985e+00 -9.495769770820229994e+00
6.159999999999907772e+00 -9.484944175766385044e+00
6.169999999999907558e+00 -9.475802467990678934e+00
6.179999999999907345e+00 -9.468478206795790442e+00
6.189999999999907132e+00 -9.463033791924280180e+00
6.199999999999906919e+00 -9.459464386532170366e+00
6.209999999999906706e+00 -9.457705661191740276e+00
6.219999999999906493e+00 -9.457643157690169389e+00
6.229999999999906279e+00 -9.459121619037340167e+00
6.239999999999906066e+00 -9.461953787858886855e+00
6.249999999999905853e+00 -9.465927991709097711e+00
6.259999999999905640e+00 -9.470814124115960908e+00
6.269999999999905427e+00 -9.476368580912630790e+00
6.279999999999905214e+00 -9.482339773890753776e+00
6.289999999999905000e+00 -9.488475307216274857e+00
6.299999999999904787e+00 -9.494531414172969974e+00
6.309999999999904574e+00 -9.500284358675747498e+00
6.319999999999904361e+00 -9.505544387947676199e+00
6.329999999999904148e+00 -9.510171334426104295e+00
6.339999999999903935e+00 -9.514087093441522924e+00
6.349999999999903721e+00 -9.517282208251947040e+00
6.359999999999903508e+00 -9.519816987014495524e+00
6.369999999999903295e+00 -9.521817905809433213e+00
6.379999999999903082e+00 -9.523468688069415933e+00
6.389999999999902869e+00 -9.524992667299514437e+00
6.399999999999902656e+00 -9.526628776794309417e+00
6.409999999999902442e+00 -9.528614737615539454e+00
6.419999999999902229e+00 -9.531179471003921932e+00
6.429999999999902016e+00 -9.534534026497151871e+00
6.439999999999901803e+00 -9.538860222371569719e+00
6.449999999999901590e+00 -9.544301826401888178e+00
6.459999999999901377e+00 -9.550958809684292561e+00
6.469999999999901164e+00 -9.558883218334004894e+00
6.479999999999900950e+00 -9.568077248144710722e+00
6.489999999999900737e+00 -9.578493318243957333e+00
6.499999999999900524e+00 -9.590035146003321742e+00
6.509999999999900311e+00 -9.602560136568559557e+00
6.519999999999900098e+00 -9.615883348282466159e+00
6.529999999999899885e+00 -9.629782902974344694e+00
6.539999999999899671e+00 -9.644007084601872393e+00
6.549999999999899458e+00 -9.658283686561272674e+00
6.559999999999899245e+00 -9.672331103429463894e+00
6.569999999999899032e+00 -9.685870760241360955e+00
6.579999999999898819e+00 -9.698640414886328998e+00
6.589999999999898606e+00 -9.710407099602569758e+00
6.599999999999898392e+00 -9.720978592452041767e+00
6.609999999999898179e+00 -9.730212593260681331e+00
6.619999999999897966e+00 -9.738022728820094898e+00
6.629999999999897753e+00 -9.744380850589863030e+00
6.639999999999897540e+00 -9.749315770000539061e+00
6.649999999999897327e+00 -9.752908717002895855e+00
6.659999999999897113e+00 -9.755286076706376264e+00
6.669999999999896900e+00 -9.756610363600344726e+00
6.679999999999896687e+00 -9.757070189582796260e+00
6.689999999999896474e+00 -9.756869846501333043e+00
6.699999999999896261e+00 -9.756219122836863988e+00
6.709999999999896048e+00 -9.755323713153936538e+00
6.719999999999895834e+00 -9.754376323672595106e+00
6.729999999999895621e+00 -9.753548582709612447e+00
6.739999999999895408e+00 -9.752983813373949928e+00
6.749999999999895195e+00 -9.752790678374966049e+00
6.759999999999894982e+00 -9.753037888009865597e+00
6.769999999999894769e+00 -9.753750129402455116e+00
6.779999999999894555e+00 -9.754904694293584200e+00
6.789999999999894342e+00 -9.756429781298889381e+00
6.799999999999894129e+00 -9.758206575691362517e+00
6.809999999999893916e+00 -9.760074992444517150e+00
6.819999999999893703e+00 -9.761842234686916697e+00
6.829999999999893490e+00 -9.763293805084796162e+00
6.839999999999893276e+00 -9.764206373250253534e+00
6.849999999999893063e+00 -9.764361403613998291e+00
6.859999999999892850e+00 -9.763558524013202344e+00
6.869999999999892637e+00 -9.761627681538929124e+00
6.879999999999892424e+00 -9.758439139442801391e+00
6.889999999999892211e+00 -9.753910730928817330e+00
6.899999999999891998e+00 -9.748012107358556833e+00
6.909999999999891784e+00 -9.740766008025595113e+00
6.919999999999891571e+00 -9.732246725243260954e+00
6.929999999999891358e+00 -9.722576194254800797e+00
6.939999999999891145e+00 -9.711918162360987594e+00
6.949999999999890932e+00 -9.700470881383138178e+00
6.959999999999890719e+00 -9.688458758064728116e+00
6.969999999999890505e+00 -9.676123297475010432e+00
6.979999999999890292e+00 -9.663713609399501081e+00
6.989999999999890079e+00 -9.651476692152121117e+00
6.999999999999889866e+00 -9.639647684899623314e+00
7.009999999999889653e+00 -9.628440317416368188e+00
7.019999999999889440e+00 -9.618037899248335520e+00
7.029999999999889226e+00 -9.608585287210519965e+00
7.039999999999889013e+00 -9.600182349070196963e+00
7.049999999999888800e+00 -9.592879509152314910e+00
7.059999999999888587e+00 -9.586675806141791156e+00
7.069999999999888374e+00 -9.581520183989166384e+00
7.079999999999888161e+00 -9.577316419850474105e+00
7.089999999999887947e+00 -9.573935462449270517e+00
7.099999999999887734e+00 -9.571234781613037867e+00
7.109999999999887521e+00 -9.569069586491840695e+00
7.119999999999887308e+00 -9.567290330204972548e+00
7.129999999999887095e+00 -9.565740447672062885e+00
7.139999999999886882e+00 -9.564261740070405082e+00
7.149999999999886668e+00 -9.562703297985192918e+00
7.159999999999886455e+00 -9.560931181846777704e+00
7.169999999999886242e+00 -9.558837645542173078e+00
7.179999999999886029e+00 -9.556348785280782465e+00
7.189999999999885816e+00 -9.553430481328440749e+00
7.199999999999885603e+00 -9.550092195789808613e+00
7.209999999999885389e+00 -9.546387605729465875e+00
7.219999999999885176e+00 -9.542411640881578450e+00
7.229999999999884963e+00 -9.538295672760641608e+00
7.239999999999884750e+00 -9.534200532176981824e+00
7.249999999999884537e+00 -9.530306108810925991e+00
7.259999999999884324e+00 -9.526799501005227100e+00
7.269999999999884110e+00 -9.523863718312703952e+00
7.279999999999883897e+00 -9.521667870429189051e+00
7.289999999999883684e+00 -9.520359633111741715e+00
7.299999999999883471e+00 -9.520060297113818848e+00
7.309999999999883258e+00 -9.520861533800466958e+00
7.319999999999883045e+00 -9.522822213642713862e+00
7.329999999999882832e+00 -9.525964798632029940e+00
7.339999999999882618e+00 -9.530273982463819848e+00
7.349999999999882405e+00 -9.535698368219019727e+00
7.359999999999882192e+00 -9.542151949907182740e+00
7.369999999999881979e+00 -9.549515158160538419e+00
7.379999999999881766e+00 -9.557637650502813997e+00
7.389999999999881553e+00 -9.566343957510158091e+00
7.399999999999881339e+00 -9.575441479193502303e+00
7.409999999999881126e+00 -9.584729527627994017e+00
7.419999999999880913e+00 -9.594008980460502656e+00
7.429999999999880700e+00 -9.603092111729209179e+00
7.439999999999880487e+00 -9.611811745779474947e+00
7.449999999999880274e+00 -9.620029130207147006e+00
7.459999999999880060e+00 -9.627639962223041081e+00
7.469999999999879847e+00 -9.634578018211440664e+00
7.479999999999879634e+00 -9.640816394676635426e+00
7.489999999999879421e+00 -9.646366422246885008e+00
7.499999999999879208e+00 -9.651274394709002280e+00
7.509999999999878995e+00 -9.655616697045543262e+00
7.519999999999878781e+00 -9.659493864388863926e+00
7.529999999999878568e+00 -9.663023940180977434e+00
7.539999999999878355e+00 -9.666335628389967738e+00
7.549999999999878142e+00 -9.669561582577891556e+00
7.559999999999877929e+00 -9.672831881303887158e+00
7.569999999999877716e+00 -9.676267789599830138e+00
7.579999999999877502e+00 -9.679975873916779605e+00
7.589999999999877289e+00 -9.684042462690825914e+00
7.599999999999877076e+00 -9.688528624165204661e+00
7.609999999999876863e+00 -9.693465924248064525e+00
7.619999999999876650e+00 -9.698853261267503356e+00
7.629999999999876437e+00 -9.704655157632013029e+00
7.639999999999876223e+00 -9.710801859683153126e+00
7.649999999999876010e+00 -9.717191429569187022e+00
7.659999999999875797e+00 -9.723693889779886135e+00
7.669999999999875584e+00 -9.730157270219718768e+00
7.679999999999875371e+00 -9.736415135329288262e+00
7.689999999999875158e+00 -9.742295069874398195e+00
7.699999999999874944e+00 -9.747627384873917222e+00
7.709999999999874731e+00 -9.752253543212566100e+00
7.719999999999874518e+00 -9.756034101230586231e+00
7.729999999999874305e+00 -9.758855547819575094e+00
7.739999999999874092e+00 -9.760635420928803541e+00
7.749999999999873879e+00 -9.761325478302628866e+00
7.759999999999873666e+00 -9.760912935527631618e+00
7.769999999999873452e+00 -9.759419860081537834e+00
7.779999999999873239e+00 -9.756901131213400191e+00
7.789999999999873026e+00 -9.753441430662437739e+00
7.799999999999872813e+00 -9.749151406841930267e+00
7.809999999999872600e+00 -9.744163073003129227e+00
7.819999999999872387e+00 -9.738624469832769748e+00
7.829999999999872173e+00 -9.732693625924012437e+00
7.839999999999871960e+00 -9.726531884862353650e+00
7.849999999999871747e+00 -9.720296765400769701e+00
7.859999999999871534e+00 -9.714134644904113713e+00
7.869999999999871321e+00 -9.708173697555000814e+00
7.879999999999871108e+00 -9.702517573629648950e+00
7.889999999999870894e+00 -9.697240298713941442e+00
7.899999999999870681e+00 -9.692382865500194455e+00
7.909999999999870468e+00 -9.687951873092764288e+00
7.919999999999870255e+00 -9.683920368054835137e+00
7.929999999999870042e+00 -9.680230839398484832e+00
7.939999999999869829e+00 -9.676800125891137583e+00
7.949999999999869615e+00 -9.673525828951861527e+00
7.959999999999869402e+00 -9.670293712980051026e+00
7.969999999999869189e+00 -9.666985531314816527e+00
7.979999999999868976e+00 -9.663486685693792211e+00
7.989999999999868763e+00 -9.659693194003434513e+00
7.999999999999868550e+00 -9.655517910935774495e+00
8.009999999999868336e+00 -9.650895989673788478e+00
8.019999999999868123e+00 -9.645788988891263571e+00
8.029999999999867910e+00 -9.640187287599557564e+00
8.039999999999867697e+00 -9.634110981724363754e+00
8.049999999999867484e+00 -9.627610487208183798e+00
8.059999999999867271e+00 -9.620766678503645863e+00
8.069999999999867057e+00 -9.613687182457487879e+00
8.079999999999866844e+00 -9.606499926719919813e+00
8.089999999999866631e+00 -9.599347146264877395e+00
8.099999999999866418e+00 -9.592378395108852374e+00
8.109999999999866205e+00 -9.585742132192843101e+00
8.119999999999865992e+00 -9.579578462241725489e+00
8.129999999999865778e+00 -9.574014003505821435e+00
8.139999999999865565e+00 -9.569156624303527536e+00
8.149999999999865352e+00 -9.565090498876745784e+00
8.159999999999865139e+00 -9.561873565018833787e+00
8.169999999999864926e+00 -9.559536824041089176e+00
8.179999999999864713e+00 -9.558084876286015330e+00
8.189999999999864500e+00 -9.557497395265235340e+00
8.199999999999864286e+00 -9.557731098707963113e+00
8.209999999999864073e+00 -9.558721994669578947e+00
8.219999999999863860e+00 -9.560388163405406203e+00
8.229999999999863647e+00 -9.562632764787112549e+00
8.239999999999863434e+00 -9.565346998700793080e+00
8.249999999999863221e+00 -9.568413390535747354e+00
8.259999999999863007e+00 -9.571709718346875562e+00
8.269999999999862794e+00 -9.575113871642058072e+00
8.279999999999862581e+00 -9.578509580589264161e+00
8.289999999999862368e+00 -9.581793309723563468e+00
8.299999999999862155e+00 -9.584881816928891851e+00
8.309999999999861942e+00 -9.587718369136878138e+00
8.319999999999861728e+00 -9.590276209025393683e+00
8.329999999999861515e+00 -9.592559634497121124e+00
8.339999999999861302e+00 -9.594603327560065509e+00
8.349999999999861089e+00 -9.596468045390837531e+00
8.359999999999860876e+00 -9.598232052498650191e+00
8.369999999999860663e+00 -9.599983971282460615e+00
8.379999999999860449e+00 -9.601819502266542017e+00
8.389999999999860236e+00 -9.603837247073983008e+00
8.399999999999860023e+00 -9.606132691552357272e+00
8.409999999999859810e+00 -9.608792664731549138e+00
8.419999999999859597e+00 -9.611890894732132651e+00
8.429999999999859384e+00 -9.615484270048684223e+00
8.439999999999859170e+00 -9.619610063463175820e+00
8.449999999999858957e+00 -9.624284264143254219e+00
8.459999999999858744e+00 -9.629500601453765185e+00
8.469999999999858531e+00 -9.635230314844918098e+00
8.479999999999858318e+00 -9.641422659018560992e+00
8.489999999999858105e+00 -9.648006095450242015e+00
8.499999999999857891e+00 -9.654890150664288129e+00
8.509999999999857678e+00 -9.661968229081026038e+00
8.519999999999857465e+00 -9.669121320086006222e+00
8.529999999999857252e+00 -9.676222546328702379e+00
8.539999999999857039e+00 -9.683142570192702081e+00
8.549999999999856826e+00 -9.689755503511991108e+00
8.559999999999856612e+00 -9.695944885240187716e+00
8.569999999999856399e+00 -9.701609332176170497e+00
8.579999999999856186e+00 -9.706667373576566504e+00
8.589999999999855973e+00 -9.711060995617025071e+00
8.599999999999855760e+00 -9.714757689105239180e+00
8.609999999999855547e+00 -9.717750904938212031e+00
8.619999999999855333e+00 -9.720058944379314170e+00
8.629999999999855120e+00 -9.721722565118589898e+00
8.639999999999854907e+00 -9.722801601171962460e+00
8.649999999999854694e+00 -9.723370913020044526e+00
8.659999999999854481e+00 -9.723516007913763914e+00
8.669999999999854268e+00 -9.723328573086730486e+00
8.679999999999854055e+00 -9.722902070469022107e+00
8.689999999999853841e+00 -9.722327518373251820e+00
8.699999999999853628e+00 -9.721689527483718507e+00
8.709999999999853415e+00 -9.721062600928968678e+00
8.719999999999853202e+00 -9.720507766884614043e+00
8.729999999999852989e+00 -9.720069642495044349e+00
8.739999999999852776e+00 -9.719773942747890416e+00
8.749999999999852562e+00 -9.719625345682025852e+00
8.759999999999852349e+00 -9.719606308082939350e+00
8.769999999999852136e+00 -9.719677631361461678e+00
8.779999999999851923e+00 -9.719780648355611063e+00
8.789999999999851710e+00 -9.719840661530135151e+00
8.799999999999851497e+00 -9.719771423581700986e+00
8.809999999999851283e+00 -9.719480407034604141e+00
8.819999999999851070e+00 -9.718874461175797563e+00
8.829999999999850857e+00 -9.717865478839325277e+00
8.839999999999850644e+00 -9.716375713728730545e+00
8.849999999999850431e+00 -9.714342379875837707e+00
8.859999999999850218e+00 -9.711721293517021181e+00
8.869999999999850004e+00 -9.708489413767669163e+00
8.879999999999849791e+00 -9.704646230538282126e+00
8.889999999999849578e+00 -9.700214008716471881e+00
8.899999999999849365e+00 -9.695236993093455879e+00
8.909999999999849152e+00 -9.689779683892563611e+00
8.919999999999848939e+00 -9.683924296535799670e+00
8.929999999999848725e+00 -9.677767536148602190e+00
8.939999999999848512e+00 -9.671416809366093048e+00
8.949999999999848299e+00 -9.664985995942759089e+00
8.959999999999848086e+00 -9.658590914229641555e+00
8.969999999999847873e+00 -9.652344633340227631e+00
8.979999999999847660e+00 -9.646352807588890244e+00
8.989999999999847446e+00 -9.640709237976967216e+00
8.999999999999847233e+00 -9.635491879870892618e+00
9.009999999999847020e+00 -9.630759519713938843e+00
9.019999999999846807e+00 -9.626549409000594082e+00
9.029999999999846594e+00 -9.622876232888769366e+00
9.039999999999846381e+00 -9.619732480212368486e+00
9.049999999999846167e+00 -9.617090329084218681e+00
9.059999999999845954e+00 -9.614906985941406248e+00
9.069999999999845741e+00 -9.613131736537269489e+00
9.079999999999845528e+00 -9.611709126614028875e+00
9.089999999999845315e+00 -9.610577778062822318e+00
9.099999999999845102e+00 -9.609669034628721462e+00
9.109999999999844889e+00 -9.608908733897171928e+00
9.119999999999844675e+00 -9.608221244727440435e+00
9.129999999999844462e+00 -9.607534558087651888e+00
9.139999999999844249e+00 -9.606786044428421434e+00
9.149999999999844036e+00 -9.605927778248037896e+00
9.159999999999843823e+00 -9.604930627250041653e+00
9.169999999999843610e+00 -9.603786492479528647e+00
9.179999999999843396e+00 -9.602508469051510787e+00
9.189999999999843183e+00 -9.601129231402573794e+00
9.199999999999842970e+00 -9.599698770160287609e+00
9.209999999999842757e+00 -9.598281290978977864e+00
9.219999999999842544e+00 -9.596950581885963061e+00
9.229999999999842331e+00 -9.595784855922980583e+00
9.239999999999842117e+00 -9.594862104874023245e+00
9.249999999999841904e+00 -9.594256393036321384e+00
9.259999999999841691e+00 -9.594035147523902296e+00
9.269999999999841478e+00 -9.594257149995948808e+00
9.279999999999841265e+00 -9.594970198408255158e+00
9.289999999999841052e+00 -9.596208139445112195e+00
9.299999999999840838e+00 -9.597989473228720314e+00
9.309999999999840625e+00 -9.600317951849842046e+00
9.319999999999840412e+00 -9.603182560158325387e+00
9.329999999999840199e+00 -9.606556505023908343e+00
9.339999999999839986e+00 -9.610396941968087248e+00
9.349999999999839773e+00 -9.614645732803277056e+00
9.359999999999839559e+00 -9.619230832836649370e+00
9.369999999999839346e+00 -9.624068636964706158e+00
9.379999999999839133e+00 -9.629067377301618436e+00
9.389999999999838920e+00 -9.634131330467401000e+00
9.399999999999838707e+00 -9.639165662689164193e+00
9.409999999999838494e+00 -9.644081477320648688e+00
9.419999999999838280e+00 -9.648800523157898823e+00
9.429999999999838067e+00 -9.653259133085155597e+00
9.439999999999837854e+00 -9.657411071513729794e+00
9.449999999999837641e+00 -9.661228967224698039e+00
9.459999999999837428e+00 -9.664704300847166252e+00
9.469999999999837215e+00 -9.667846123182442852e+00
9.479999999999837001e+00 -9.670678733089435042e+00
9.489999999999836788e+00 -9.673238693312544711e+00
9.499999999999836575e+00 -9.675571600558516394e+00
9.509999999999836362e+00 -9.677728911847392368e+00
9.519999999999836149e+00 -9.679765027074225259e+00
9.529999999999835936e+00 -9.681734732068427718e+00
9.539999999999835723e+00 -9.683690925538872563e+00
9.549999999999835509e+00 -9.685682495358982180e+00
9.559999999999835296e+00 -9.687752238781472514e+00
9.569999999999835083e+00 -9.689934721347631452e+00
9.579999999999834870e+00 -9.692254083379605589e+00
9.589999999999834657e+00 -9.694721947993899747e+00
9.599999999999834444e+00 -9.697335654008382377e+00
9.609999999999834230e+00 -9.700077089369957051e+00
9.619999999999834017e+00 -9.702912413404671810e+00
9.629999999999833804e+00 -9.705792875708993961e+00
9.639999999999833591e+00 -9.708656801413550141e+00
9.649999999999833378e+00 -9.711432664096800949e+00
9.659999999999833165e+00 -9.714042974524019769e+00
9.669999999999832951e+00 -9.716408545458824264e+00
9.679999999999832738e+00 -9.718452878013662755e+00
9.689999999999832525e+00 -9.720106485624217640e+00
9.699999999999832312e+00 -9.721310687846775878e+00
9.709999999999832099e+00 -9.722020472820711134e+00
9.719999999999831886e+00 -9.722206288273467223e+00
9.729999999999831672e+00 -9.721854738406277008e+00
9.739999999999831459e+00 -9.720968361997076812e+00
9.749999999999831246e+00 -9.719564847098872917e+00
9.759999999999831033e+00 -9.717675868657241978e+00
9.769999999999830820e+00 -9.715345624613449971e+00
9.779999999999830607e+00 -9.712629128809211920e+00
9.789999999999830393e+00 -9.709590255644741319e+00
9.799999999999830180e+00 -9.706299505839572461e+00
9.809999999999829967e+00 -9.702831441188417116e+00
9.819999999999829754e+00 -9.699261772770768175e+00
9.829999999999829541e+00 -9.695664157189023413e+00
9.839999999999829328e+00 -9.692106837915982709e+00
9.849999999999829114e+00 -9.688649339492178214e+00
9.859999999999828901e+00 -9.685339476980102447e+00
9.869999999999828688e+00 -9.682210969300905745e+00
9.879999999999828475e+00 -9.679281915781027479e+00
9.889999999999828262e+00 -9.676554318859830417e+00
9.899999999999828049e+00 -9.674014729629986320e+00
9.909999999999827835e+00 -9.671635975825177312e+00
9.919999999999827622e+00 -9.669379816188104826e+00
9.929999999999827409e+00 -9.667200265343982579e+00
9.939999999999827196e+00 -9.665047277463296282e+00
9.949999999999826983e+00 -9.662870464571099660e+00
9.959999999999826770e+00 -9.660622493785719911e+00
9.969999999999826557e+00 -9.658262040983872865e+00
9.979999999999826343e+00 -9.655756384327217390e+00
9.989999999999826130e+00 -9.653083441374075591e+00
9.999999999999825917e+00 -9.650233097938574645e+00
1.000999999999982570e+01 -9.647208363249383467e+00
