0.000000000000000000e+00 7.604559788455238917e-04
5.000000000000000278e-02 -1.074974027103544477e-02
1.000000000000000056e-01 -5.913814536219730300e-02
1.500000000000000222e-01 -1.576519783334685010e-01
2.000000000000000111e-01 -2.984830688933830523e-01
2.500000000000000000e-01 -4.656359015294251336e-01
2.999999999999999889e-01 -6.418099629067945955e-01
3.499999999999999778e-01 -8.098248402499892418e-01
3.999999999999999667e-01 -9.477912330046945888e-01
4.499999999999999556e-01 -1.023190680212517245e+00
4.999999999999999445e-01 -1.004715245000764368e+00
5.499999999999999334e-01 -8.848216328676490328e-01
5.999999999999999778e-01 -6.783126721914529700e-01
6.500000000000000222e-01 -4.062968364186666514e-01
7.000000000000000666e-01 -9.336345994071115761e-02
7.500000000000001110e-01 2.299682495757068568e-01
8.000000000000001554e-01 5.283219199923437914e-01
8.500000000000001998e-01 7.651215344076421898e-01
9.000000000000002442e-01 9.108021424831270751e-01
9.500000000000002887e-01 9.511900108155494360e-01
1.000000000000000222e+00 8.883126422894982444e-01
1.050000000000000266e+00 7.344366399898776265e-01
1.100000000000000311e+00 5.068759956240974640e-01
1.150000000000000355e+00 2.275653788036847425e-01
1.200000000000000400e+00 -7.547012099353578307e-02
1.250000000000000444e+00 -3.688262243794483974e-01
1.300000000000000488e+00 -6.180136266151677882e-01
1.350000000000000533e+00 -7.940968131225830673e-01
1.400000000000000577e+00 -8.791854368392485464e-01
1.450000000000000622e+00 -8.677888534528085396e-01
1.500000000000000666e+00 -7.646742887402249167e-01
1.550000000000000711e+00 -5.823129298772894424e-01
1.600000000000000755e+00 -3.398032528835377986e-01
1.650000000000000799e+00 -6.259508552851866803e-02
1.700000000000000844e+00 2.188517220503177207e-01
1.750000000000000888e+00 4.725843129361667616e-01
1.800000000000000933e+00 6.701321451537349816e-01
1.850000000000000977e+00 7.908469937231887847e-01
1.900000000000001021e+00 8.239274825880698039e-01
1.950000000000001066e+00 7.682295740676280404e-01
2.000000000000000888e+00 6.312096021120005007e-01
2.050000000000000711e+00 4.280350593287924332e-01
2.100000000000000533e+00 1.807537995235058148e-01
2.150000000000000355e+00 -8.333993527539054758e-02
2.200000000000000178e+00 -3.347244770597536112e-01
2.250000000000000000e+00 -5.456157123055860314e-01
2.299999999999999822e+00 -6.936560649048767457e-01
2.349999999999999645e+00 -7.642832319730900048e-01
2.399999999999999467e+00 -7.516121151957561031e-01
2.449999999999999289e+00 -6.583721429766852262e-01
2.499999999999999112e+00 -4.954384260106193261e-01
2.549999999999998934e+00 -2.809827686691022675e-01
2.599999999999998757e+00 -3.886694300087534942e-02
2.649999999999998579e+00 2.039683298761585384e-01
2.699999999999998401e+00 4.208183987254853764e-01
2.749999999999998224e+00 5.884847670501389683e-01
2.799999999999998046e+00 6.897921868205914020e-01
2.849999999999997868e+00 7.150841163867369676e-01
2.899999999999997691e+00 6.628463276515761393e-01
2.949999999999997513e+00 5.396920211253697364e-01
2.999999999999997335e+00 3.597385265348512218e-01
3.049999999999997158e+00 1.432209323723915295e-01
3.099999999999996980e+00 -8.573297834625885627e-02
3.149999999999996803e+00 -3.019380704275699823e-01
3.199999999999996625e+00 -4.820998502824365151e-01
3.249999999999996447e+00 -6.073606276614088584e-01
3.299999999999996270e+00 -6.651472792959781666e-01
3.349999999999996092e+00 -6.502722053777071354e-01
3.399999999999995914e+00 -5.653369693239436167e-01
3.449999999999995737e+00 -4.204335240800347040e-01
3.499999999999995559e+00 -2.320763708753074972e-01
3.549999999999995381e+00 -2.136384753751072174e-02
3.599999999999995204e+00 1.884489117051653118e-01
3.649999999999995026e+00 3.746091297906838924e-01
3.699999999999994849e+00 5.173616406050823846e-01
3.749999999999994671e+00 6.019860638849211520e-01
3.799999999999994493e+00 6.202272696682713526e-01
3.849999999999994316e+00 5.710582098603048662e-01
3.899999999999994138e+00 4.607271515853404997e-01
3.949999999999993960e+00 3.020449980107678956e-01
3.999999999999993783e+00 1.129321915632757606e-01
4.049999999999993605e+00 -8.562921667803893855e-02
4.099999999999993427e+00 -2.719699704744572011e-01
4.149999999999993250e+00 -4.261168430411267916e-01
4.199999999999993072e+00 -5.319060095284540157e-01
4.249999999999992895e+00 -5.786302345626251897e-01
4.299999999999992717e+00 -5.620934119287986919e-01
4.349999999999992539e+00 -4.849854937958429368e-01
4.399999999999992362e+00 -3.565261707325901308e-01
4.449999999999992184e+00 -1.913906547132863123e-01
4.499999999999992006e+00 -8.028169147836173788e-03
4.549999999999991829e+00 1.734203998213375841e-01
4.599999999999991651e+00 3.333455354002055060e-01
4.649999999999991473e+00 4.547757949400857425e-01
4.699999999999991296e+00 5.251529505397604103e-01
4.749999999999991118e+00 5.376111866074828605e-01
4.799999999999990941e+00 4.916415654516553269e-01
4.849999999999990763e+00 3.930711314522069566e-01
4.899999999999990585e+00 2.533509796283052173e-01
4.949999999999990408e+00 8.822995759305610197e-02
4.999999999999990230e+00 -8.402804332832504441e-02
5.049999999999990052e+00 -2.446692653652103588e-01
5.099999999999989875e+00 -3.764858056559860500e-01
5.149999999999989697e+00 -4.656447225526058054e-01
5.199999999999989519e+00 -5.031265740595565195e-01
5.249999999999989342e+00 -4.856311225608268001e-01
5.299999999999989164e+00 -4.158580820931620514e-01
5.349999999999988987e+00 -3.021333864023279525e-01
5.399999999999988809e+00 -1.574247444112404637e-01
5.449999999999988631e+00 2.136931838551775660e-03
5.499999999999988454e+00 1.590565519252339077e-01
5.549999999999988276e+00 2.963896121661311334e-01
5.599999999999988098e+00 3.995640139544931468e-01
5.649999999999987921e+00 4.579177516070510601e-01
5.699999999999987743e+00 4.657944069321267588e-01
5.749999999999987566e+00 4.230845250003628655e-01
5.799999999999987388e+00 3.351590795382626276e-01
5.849999999999987210e+00 2.122078937083868022e-01
5.899999999999987033e+00 6.806303654013882987e-02
5.949999999999986855e+00 -8.135543132395856025e-02
5.999999999999986677e+00 -2.197949109879077934e-01
6.049999999999986500e+00 -3.324333245561065797e-01
6.099999999999986322e+00 -4.074603642988107732e-01
6.149999999999986144e+00 -4.373103900822709056e-01
6.199999999999985967e+00 -4.194194633671805561e-01
6.249999999999985789e+00 -3.564306088107350168e-01
6.299999999999985612e+00 -2.558312347065857528e-01
6.349999999999985434e+00 -1.290700584276241736e-01
6.399999999999985256e+00 9.741875912442509236e-03
6.449999999999985079e+00 1.453986795451244762e-01
6.499999999999984901e+00 2.632617028206349352e-01
6.549999999999984723e+00 3.508350966452915554e-01
6.599999999999984546e+00 3.990864992703850311e-01
6.649999999999984368e+00 4.033739195406705336e-01
6.699999999999984190e+00 3.638835580848513995e-01
6.749999999999984013e+00 2.855382867848125783e-01
6.799999999999983835e+00 1.773948330182515964e-01
6.849999999999983658e+00 5.160208548957183339e-02
6.899999999999983480e+00 -7.796016776516638547e-02
6.949999999999983302e+00 -1.972096479859743456e-01
6.999999999999983125e+00 -2.933893318356239344e-01
7.049999999999982947e+00 -3.564289626175922709e-01
7.099999999999982769e+00 -3.799951262293825849e-01
7.149999999999982592e+00 -3.621211787873178101e-01
7.199999999999982414e+00 -3.053554482231216616e-01
7.249999999999982236e+00 -2.164186858964868843e-01
7.299999999999982059e+00 -1.054150426408736602e-01
7.349999999999981881e+00 1.531154766101994191e-02
7.399999999999981704e+00 1.325469428916878356e-01
7.449999999999981526e+00 2.336506518172836444e-01
7.499999999999981348e+00 3.079160979362538519e-01
7.549999999999981171e+00 3.477010353573576351e-01
7.599999999999980993e+00 3.492091853649304523e-01
7.649999999999980815e+00 3.128438560759290721e-01
7.699999999999980638e+00 2.431020650196968058e-01
7.749999999999980460e+00 1.480275815518413418e-01
7.799999999999980282e+00 3.828807100636007904e-02
7.849999999999980105e+00 -7.401861422311657723e-02
7.899999999999979927e+00 -1.766957246841220908e-01
7.949999999999979750e+00 -2.587700122076715403e-01
7.999999999999979572e+00 -3.116617074641420126e-01
8.049999999999979394e+00 -3.300774874486134824e-01
8.099999999999980105e+00 -3.125343010539994859e-01
8.149999999999980815e+00 -2.614633444161755249e-01
8.199999999999981526e+00 -1.828892234808436879e-01
8.249999999999982236e+00 -8.572506680561690906e-02
8.299999999999982947e+00 1.923485153813390969e-02
8.349999999999983658e+00 1.205117425693266048e-01
8.399999999999984368e+00 2.071956200090620537e-01
8.449999999999985079e+00 2.701182866224722257e-01
8.499999999999985789e+00 3.028199515114681772e-01
8.549999999999986500e+00 3.022080424628173501e-01
8.599999999999987210e+00 2.688418199732838243e-01
8.649999999999987921e+00 2.068178606810206765e-01
8.699999999999988631e+00 1.232746543471895800e-01
8.749999999999989342e+00 2.757512080932233989e-02
8.799999999999990052e+00 -6.974000891639837996e-02
8.849999999999990763e+00 -1.581111617963591454e-01
8.899999999999991473e+00 -2.281037617170579013e-01
8.949999999999992184e+00 -2.724129702164355127e-01
8.999999999999992895e+00 -2.866225891223379563e-01
9.049999999999993605e+00 -2.696399785717761288e-01
9.099999999999994316e+00 -2.237650731396574888e-01
9.149999999999995026e+00 -1.543914661552974743e-01
9.199999999999995737e+00 -6.937710440329222794e-02
9.249999999999996447e+00 2.184272374883406906e-02
9.299999999999997158e+00 1.093004052119382202e-01
9.349999999999997868e+00 1.835833305350443867e-01
9.399999999999998579e+00 2.368448496600768505e-01
9.449999999999999289e+00 2.636304088838605786e-01
9.500000000000000000e+00 2.614323272572713353e-01
9.550000000000000711e+00 2.309174602577812596e-01
9.600000000000001421e+00 1.758081305436132724e-01
9.650000000000002132e+00 1.024342449086138446e-01
9.700000000000002842e+00 1.900963427777745476e-02
9.750000000000003553e+00 -6.528514289745974974e-02
9.800000000000004263e+00 -1.413112823533214379e-01
9.850000000000004974e+00 -2.009607112867008716e-01
9.900000000000005684e+00 -2.380185686536499257e-01
9.950000000000006395e+00 -2.488077190207224343e-01
1.000000000000000711e+01 -2.325490110253694009e-01
1.005000000000000782e+01 -1.914027154299877964e-01
