0.000000000000000000e+00 7.604559788455238917e-04
5.000000000000000278e-02 -1.135216052691219966e-02
1.000000000000000056e-01 -6.223373412061260213e-02
1.500000000000000222e-01 -1.649857299932057375e-01
2.000000000000000111e-01 -3.098308558312972139e-01
2.500000000000000000e-01 -4.790384818624776053e-01
2.999999999999999889e-01 -6.545044613194050953e-01
3.499999999999999778e-01 -8.217445087893169298e-01
3.999999999999999667e-01 -9.657366451440316801e-01
4.499999999999999556e-01 -1.055016231113030223e+00
4.999999999999999445e-01 -1.047570956689610311e+00
5.499999999999999334e-01 -9.256886215962213393e-01
5.999999999999999778e-01 -7.048671379575621732e-01
6.500000000000000222e-01 -4.120640076934480867e-01
7.000000000000000666e-01 -7.741890391975941865e-02
7.500000000000001110e-01 2.647006437791696309e-01
8.000000000000001554e-01 5.815376823686175811e-01
8.500000000000001998e-01 8.417107577187872280e-01
9.000000000000002442e-01 1.010669902855875213e+00
9.500000000000002887e-01 1.061794307685659522e+00
1.000000000000000222e+00 9.922012834176905383e-01
1.050000000000000266e+00 8.175056456376279534e-01
1.100000000000000311e+00 5.585407295729514221e-01
1.150000000000000355e+00 2.417105339662638797e-01
1.200000000000000400e+00 -1.003687098851404613e-01
1.250000000000000444e+00 -4.357382169330306088e-01
1.300000000000000488e+00 -7.309298073512789928e-01
1.350000000000000533e+00 -9.466294572450069111e-01
1.400000000000000577e+00 -1.051493105320805643e+00
1.450000000000000622e+00 -1.037130962983141558e+00
1.500000000000000666e+00 -9.118770602595851482e-01
1.550000000000000711e+00 -6.911335575447774549e-01
1.600000000000000755e+00 -3.990808447027851535e-01
1.650000000000000799e+00 -6.588445541285237184e-02
1.700000000000000844e+00 2.790809598008237025e-01
1.750000000000000888e+00 6.014410589729226597e-01
1.800000000000000933e+00 8.582619684403137716e-01
1.850000000000000977e+00 1.014354805476697319e+00
1.900000000000001021e+00 1.055598670906001013e+00
1.950000000000001066e+00 9.826302320405949642e-01
2.000000000000000888e+00 8.054612357868480288e-01
2.050000000000000711e+00 5.455273133934661622e-01
2.100000000000000533e+00 2.294057428271165933e-01
2.150000000000000355e+00 -1.167495814185933872e-01
2.200000000000000178e+00 -4.582591259458032584e-01
2.250000000000000000e+00 -7.498929837331741455e-01
2.299999999999999822e+00 -9.535424926728369721e-01
2.349999999999999645e+00 -1.049331699632638948e+00
2.399999999999999467e+00 -1.030264149105145632e+00
2.449999999999999289e+00 -9.011037025310020265e-01
2.499999999999999112e+00 -6.798743264213853443e-01
2.549999999999998934e+00 -3.885569163176179064e-01
2.599999999999998757e+00 -4.962283701577453049e-02
2.649999999999998579e+00 3.025422451167577020e-01
2.699999999999998401e+00 6.218144674302509278e-01
2.749999999999998224e+00 8.681679230152439253e-01
2.799999999999998046e+00 1.016031653284501513e+00
2.849999999999997868e+00 1.051105990970026216e+00
2.899999999999997691e+00 9.732320775628482412e-01
2.949999999999997513e+00 7.962597921445089266e-01
2.999999999999997335e+00 5.367964282000408094e-01
3.049999999999997158e+00 2.134461019889546951e-01
3.099999999999996980e+00 -1.405944247058952823e-01
3.149999999999996803e+00 -4.797562653700921387e-01
3.199999999999996625e+00 -7.628625342098085405e-01
3.249999999999996447e+00 -9.590328192242009164e-01
3.299999999999996270e+00 -1.047241618168257116e+00
3.349999999999996092e+00 -1.022633853430481299e+00
3.399999999999995914e+00 -8.943830816015223562e-01
3.449999999999995737e+00 -6.731360160958907990e-01
3.499999999999995559e+00 -3.733650262027130573e-01
3.549999999999995381e+00 -2.629035002798934748e-02
3.599999999999995204e+00 3.245351646768773746e-01
3.649999999999995026e+00 6.376138753041363794e-01
3.699999999999994849e+00 8.771034000064672487e-01
3.749999999999994671e+00 1.016123121486497194e+00
3.799999999999994493e+00 1.045535191832247524e+00
3.849999999999994316e+00 9.691928632009669808e-01
3.899999999999994138e+00 7.914752626058254581e-01
3.949999999999993960e+00 5.227448082898425996e-01
3.999999999999993783e+00 1.912951742356337748e-01
4.049999999999993605e+00 -1.626920486838015212e-01
4.099999999999993427e+00 -4.981035490520407949e-01
4.149999999999993250e+00 -7.748252979676046870e-01
4.199999999999993072e+00 -9.611636177134754710e-01
4.249999999999992895e+00 -1.043998411023407291e+00
4.299999999999992717e+00 -1.021425631743617668e+00
4.349999999999992539e+00 -8.915880642857434424e-01
4.399999999999992362e+00 -6.607139722050977548e-01
4.449999999999992184e+00 -3.530670967383435777e-01
4.499999999999992006e+00 -4.356836904825495127e-03
4.549999999999991829e+00 3.451657528276620424e-01
4.599999999999991651e+00 6.521148328649930548e-01
4.649999999999991473e+00 8.811892920284861708e-01
4.699999999999991296e+00 1.015487769970740306e+00
4.749999999999991118e+00 1.047183956685335149e+00
4.799999999999990941e+00 9.684594865058748780e-01
4.849999999999990763e+00 7.813043423506994545e-01
4.899999999999990585e+00 5.050112130409990518e-01
4.949999999999990408e+00 1.699389600633566533e-01
4.999999999999990230e+00 -1.850996758465046077e-01
5.049999999999990052e+00 -5.145352969873786542e-01
5.099999999999989875e+00 -7.806936014697870574e-01
5.149999999999989697e+00 -9.631659538612099558e-01
5.199999999999989519e+00 -1.048224381710710418e+00
5.249999999999989342e+00 -1.022606206511490035e+00
5.299999999999989164e+00 -8.839900157836781958e-01
5.349999999999988987e+00 -6.458253695336000355e-01
5.399999999999988809e+00 -3.325054054151924121e-01
5.449999999999988631e+00 1.924559521645801893e-02
5.499999999999988454e+00 3.629493728404687425e-01
5.549999999999988276e+00 6.596438165225942951e-01
5.599999999999988098e+00 8.857766198898471277e-01
5.649999999999987921e+00 1.021992817705402512e+00
5.699999999999987743e+00 1.050143167638468711e+00
5.749999999999987566e+00 9.636741675868693013e-01
5.799999999999987388e+00 7.694560275467592358e-01
5.849999999999987210e+00 4.853436206037333167e-01
5.899999999999987033e+00 1.455428601253680732e-01
5.949999999999986855e+00 -2.038576445222241296e-01
5.999999999999986677e+00 -5.238704011225158164e-01
6.049999999999986500e+00 -7.880253509736241391e-01
6.099999999999986322e+00 -9.718398467167869148e-01
6.149999999999986144e+00 -1.053211033218973247e+00
6.199999999999985967e+00 -1.021244011377724803e+00
6.249999999999985789e+00 -8.756261271665082280e-01
6.299999999999985612e+00 -6.275957136929790625e-01
6.349999999999985434e+00 -3.082265692750328911e-01
6.399999999999985256e+00 3.827202512372654408e-02
6.449999999999985079e+00 3.738262058941445587e-01
6.499999999999984901e+00 6.693610678236988631e-01
6.549999999999984723e+00 8.961033440216792378e-01
6.599999999999984546e+00 1.028883627905450959e+00
6.649999999999984368e+00 1.052359205066237591e+00
6.699999999999984190e+00 9.587739873152729686e-01
6.749999999999984013e+00 7.528734512281426428e-01
6.799999999999983835e+00 4.618879527594514922e-01
6.849999999999983658e+00 1.267279437434407074e-01
6.899999999999983480e+00 -2.161580259792103276e-01
6.949999999999983302e+00 -5.355784712049304064e-01
6.999999999999983125e+00 -7.995765533807631664e-01
7.049999999999982947e+00 -9.806733900631534606e-01
7.099999999999982769e+00 -1.059085539594824654e+00
7.149999999999982592e+00 -1.019745636370517516e+00
7.199999999999982414e+00 -8.610440411233469815e-01
7.249999999999982236e+00 -6.056486904567081053e-01
7.299999999999982059e+00 -2.899921540352247695e-01
7.349999999999981881e+00 5.180919520084904806e-02
7.399999999999981704e+00 3.870616462049799589e-01
7.449999999999981526e+00 6.817422153268309915e-01
7.499999999999981348e+00 9.068783233315501624e-01
7.549999999999981171e+00 1.038362203662080985e+00
7.599999999999980993e+00 1.054142660780799101e+00
7.649999999999980815e+00 9.465658476673639576e-01
7.699999999999980638e+00 7.330660973254674584e-01
7.749999999999980460e+00 4.445550510973654279e-01
7.799999999999980282e+00 1.122450728135981762e-01
7.849999999999980105e+00 -2.303759736926030699e-01
7.899999999999979927e+00 -5.484050877065443919e-01
7.949999999999979750e+00 -8.121991360877438559e-01
7.999999999999979572e+00 -9.935650809273744999e-01
8.049999999999979394e+00 -1.063968590895462363e+00
8.099999999999980105e+00 -1.010232385486287132e+00
8.149999999999980815e+00 -8.439392750550072098e-01
8.199999999999981526e+00 -5.894768345378549323e-01
8.249999999999982236e+00 -2.748498737545033155e-01
8.299999999999982947e+00 6.641008594468436610e-02
8.349999999999983658e+00 3.999832095991151526e-01
8.399999999999984368e+00 6.961460829113071958e-01
8.449999999999985079e+00 9.228506730962864335e-01
8.499999999999985789e+00 1.046116096640862470e+00
8.549999999999986500e+00 1.047705844666346087e+00
8.599999999999987210e+00 9.326208856831840199e-01
8.649999999999987921e+00 7.182485505943809745e-01
8.699999999999988631e+00 4.291596364317977197e-01
8.749999999999989342e+00 9.786750034288625721e-02
8.799999999999990052e+00 -2.431000753090626076e-01
8.849999999999990763e+00 -5.644129085108595678e-01
8.899999999999991473e+00 -8.307760299906079560e-01
8.949999999999992184e+00 -1.003906927198437549e+00
8.999999999999992895e+00 -1.060921586430670471e+00
9.049999999999993605e+00 -9.997424042961491342e-01
9.099999999999994316e+00 -8.305748729575739286e-01
9.149999999999995026e+00 -5.743008334643755486e-01
9.199999999999995737e+00 -2.612785555543939986e-01
9.249999999999996447e+00 7.876136089476552804e-02
9.299999999999997158e+00 4.173138068460111039e-01
9.349999999999997868e+00 7.167331968091311678e-01
9.399999999999998579e+00 9.355820480997081301e-01
9.449999999999999289e+00 1.046693333615070998e+00
9.500000000000000000e+00 1.040785352627361604e+00
9.550000000000000711e+00 9.208585387066889894e-01
9.600000000000001421e+00 7.038009199273629335e-01
9.650000000000002132e+00 4.168757256307243364e-01
9.700000000000002842e+00 8.610073247955669917e-02
9.750000000000003553e+00 -2.613628024607374534e-01
9.800000000000004263e+00 -5.863990446225813002e-01
9.850000000000004974e+00 -8.456696668013594653e-01
9.900000000000005684e+00 -1.008249042365367831e+00
9.950000000000006395e+00 -1.057597395457765987e+00
1.000000000000000711e+01 -9.897221040287956795e-01
1.005000000000000782e+01 -8.173663509338425781e-01
