0.000000000000000000e+00 7.604559788455238917e-04
1.000000000000000021e-02 2.118639603417449974e-05
2.000000000000000042e-02 -3.589741902714972243e-03
2.999999999999999889e-02 -1.266115324531925414e-02
4.000000000000000083e-02 -2.935414131200075535e-02
5.000000000000000278e-02 -5.536905243946421001e-02
6.000000000000000472e-02 -9.196802840316015137e-02
7.000000000000000666e-02 -1.400327071972672366e-01
8.000000000000000167e-02 -2.001354739646904191e-01
8.999999999999999667e-02 -2.726056352599721122e-01
9.999999999999999167e-02 -3.575787753916679357e-01
1.099999999999999867e-01 -4.550251179501592080e-01
1.199999999999999817e-01 -5.647598607009112204e-01
1.299999999999999767e-01 -6.864430529208694898e-01
1.399999999999999856e-01 -8.195784761130955332e-01
1.499999999999999944e-01 -9.635201437631174537e-01
1.600000000000000033e-01 -1.117492144800017906e+00
1.700000000000000122e-01 -1.280624624249680821e+00
1.800000000000000211e-01 -1.451972571265839118e+00
1.900000000000000300e-01 -1.630507983859922572e+00
2.000000000000000389e-01 -1.815477161090990110e+00
2.100000000000000477e-01 -2.007597529390920510e+00
2.200000000000000566e-01 -2.209785001312299713e+00
2.300000000000000655e-01 -2.425924818887619683e+00
2.400000000000000744e-01 -2.659288948281446796e+00
2.500000000000000555e-01 -2.912046654349083052e+00
2.600000000000000644e-01 -3.185163261411420699e+00
2.700000000000000733e-01 -3.478498277764112689e+00
2.800000000000000822e-01 -3.791313345136575030e+00
2.900000000000000910e-01 -4.122710406233527358e+00
3.000000000000000999e-01 -4.471614425517265623e+00
3.100000000000001088e-01 -4.836695345733215134e+00
3.200000000000001177e-01 -5.216409672600277325e+00
3.300000000000001266e-01 -5.609028544947954664e+00
3.400000000000001354e-01 -6.012643305074282019e+00
3.500000000000001443e-01 -6.425166980792803351e+00
3.600000000000001532e-01 -6.844210787453161693e+00
3.700000000000001621e-01 -7.266906302897861103e+00
3.800000000000001710e-01 -7.690124987812160917e+00
3.900000000000001799e-01 -8.110748484660788904e+00
4.000000000000001887e-01 -8.525741359918436402e+00
4.100000000000001976e-01 -8.932248075220183381e+00
4.200000000000002065e-01 -9.327631214861956011e+00
4.300000000000002154e-01 -9.709342192762587587e+00
4.400000000000002243e-01 -1.007470255396889058e+01
4.500000000000002331e-01 -1.042089686106188573e+01
4.600000000000002420e-01 -1.074518980215263930e+01
4.700000000000002509e-01 -1.104492172000345818e+01
4.800000000000002598e-01 -1.131839207158942529e+01
4.900000000000002687e-01 -1.156600639949495424e+01
5.000000000000002220e-01 -1.178938342637565917e+01
5.100000000000002309e-01 -1.199028992279208694e+01
5.200000000000002398e-01 -1.217037057463767979e+01
5.300000000000002487e-01 -1.233083631750466758e+01
5.400000000000002576e-01 -1.247248140838475372e+01
5.500000000000002665e-01 -1.259582894840951006e+01
5.600000000000002753e-01 -1.270121272519263655e+01
5.700000000000002842e-01 -1.278887928732612700e+01
5.800000000000002931e-01 -1.285910524147736922e+01
5.900000000000003020e-01 -1.291229132149997838e+01
6.000000000000003109e-01 -1.294899743310045359e+01
6.100000000000003197e-01 -1.297005891536836053e+01
6.200000000000003286e-01 -1.297681187451169649e+01
6.300000000000003375e-01 -1.297120320478176581e+01
6.400000000000003464e-01 -1.295568433870539771e+01
6.500000000000003553e-01 -1.293291465633307880e+01
6.600000000000003642e-01 -1.290546008189110694e+01
6.700000000000003730e-01 -1.287560945795919842e+01
6.800000000000003819e-01 -1.284526467890170487e+01
6.900000000000003908e-01 -1.281588556225499786e+01
7.000000000000003997e-01 -1.278849797372311237e+01
7.100000000000004086e-01 -1.276376869513503287e+01
7.200000000000004174e-01 -1.274205594814878850e+01
7.300000000000004263e-01 -1.272333703580200215e+01
7.400000000000004352e-01 -1.270721425718624431e+01
7.500000000000004441e-01 -1.269307886801180807e+01
7.600000000000004530e-01 -1.268023755025649635e+01
7.700000000000004619e-01 -1.266806484894828699e+01
7.800000000000004707e-01 -1.265614058802200326e+01
7.900000000000004796e-01 -1.264412892573805891e+01
8.000000000000004885e-01 -1.263153784214104469e+01
8.100000000000004974e-01 -1.261752320223812163e+01
8.200000000000005063e-01 -1.260075995236073787e+01
8.300000000000005151e-01 -1.257943134478708735e+01
8.400000000000005240e-01 -1.255133410469691135e+01
8.500000000000005329e-01 -1.251408188219657980e+01
8.600000000000005418e-01 -1.246536332098498256e+01
8.700000000000005507e-01 -1.240320739570919883e+01
8.800000000000005596e-01 -1.232620958329204797e+01
8.900000000000005684e-01 -1.223368582721351139e+01
9.000000000000005773e-01 -1.212573724804701669e+01
9.100000000000005862e-01 -1.200321644578153268e+01
9.200000000000005951e-01 -1.186762778984526001e+01
9.300000000000006040e-01 -1.172101899864316898e+01
9.400000000000006128e-01 -1.156585393983739607e+01
9.500000000000006217e-01 -1.140484533746146845e+01
9.600000000000006306e-01 -1.124078006516899286e+01
9.700000000000006395e-01 -1.107642102668708795e+01
9.800000000000006484e-01 -1.091456775464737738e+01
9.900000000000006573e-01 -1.075797081668307698e+01
1.000000000000000666e+00 -1.060892247886689077e+01
1.010000000000000675e+00 -1.046893150162732944e+01
1.020000000000000684e+00 -1.033876240925003742e+01
1.030000000000000693e+00 -1.021876253581734240e+01
1.040000000000000702e+00 -1.010914616628157603e+01
1.050000000000000711e+00 -1.001004661730017986e+01
1.060000000000000719e+00 -9.921450222824157450e+00
1.070000000000000728e+00 -9.843157031208377816e+00
1.080000000000000737e+00 -9.774770452884521177e+00
1.090000000000000746e+00 -9.715674799297307374e+00
1.100000000000000755e+00 -9.665039417769865082e+00
1.110000000000000764e+00 -9.621842458957685196e+00
1.120000000000000773e+00 -9.584902718408905287e+00
1.130000000000000782e+00 -9.552898631227749959e+00
1.140000000000000790e+00 -9.524426970736751485e+00
1.150000000000000799e+00 -9.498148911516459236e+00
1.160000000000000808e+00 -9.472899402897278165e+00
1.170000000000000817e+00 -9.447692144832272376e+00
1.180000000000000826e+00 -9.421710886606293300e+00
1.190000000000000835e+00 -9.394377175338961550e+00
1.200000000000000844e+00 -9.365421876764996156e+00
1.210000000000000853e+00 -9.334868156981576348e+00
1.220000000000000862e+00 -9.302967650718038328e+00
1.230000000000000870e+00 -9.270129291657665860e+00
1.240000000000000879e+00 -9.236841189814899877e+00
1.250000000000000888e+00 -9.203602472502426579e+00
1.260000000000000897e+00 -9.170880200472089072e+00
1.270000000000000906e+00 -9.139093015528118258e+00
1.280000000000000915e+00 -9.108591940368667039e+00
1.290000000000000924e+00 -9.079677163253473182e+00
1.300000000000000933e+00 -9.052719155366794723e+00
1.310000000000000941e+00 -9.028289233380204948e+00
1.320000000000000950e+00 -9.007204731832452183e+00
1.330000000000000959e+00 -8.990506264484482202e+00
1.340000000000000968e+00 -8.979399026134998962e+00
1.350000000000000977e+00 -8.975147485792701829e+00
1.360000000000000986e+00 -8.978928823800320203e+00
1.370000000000000995e+00 -8.991698637638815939e+00
1.380000000000001004e+00 -9.014094415901061197e+00
1.390000000000001013e+00 -9.046376799593250695e+00
1.400000000000001021e+00 -9.088415932925050456e+00
1.410000000000001030e+00 -9.139719556347467133e+00
1.420000000000001039e+00 -9.199491819377000112e+00
1.430000000000001048e+00 -9.266710608657660941e+00
1.440000000000001057e+00 -9.340209345304820943e+00
1.450000000000001066e+00 -9.418752785752035450e+00
1.460000000000001075e+00 -9.501099476154845291e+00
1.470000000000001084e+00 -9.586048342319934079e+00
1.480000000000001092e+00 -9.672469430530536982e+00
1.490000000000001101e+00 -9.759314478334284004e+00
1.500000000000001110e+00 -9.845587834259793780e+00
1.510000000000001119e+00 -9.930315529938702923e+00
1.520000000000001128e+00 -1.001261475001199841e+01
1.530000000000001137e+00 -1.009182700396334731e+01
1.540000000000001146e+00 -1.016756893615665369e+01
1.541000000000001036e+00 -1.017494503377455572e+01
1.542000000000000925e+00 -1.018228453299792058e+01
1.543000000000000815e+00 -1.018958747643665852e+01
1.544000000000000705e+00 -1.019685391936271301e+01
1.545000000000000595e+00 -1.020408393638354916e+01
1.546000000000000485e+00 -1.021127761938644518e+01
1.547000000000000375e+00 -1.021843508068660178e+01
1.548000000000000265e+00 -1.022555644901235183e+01
1.549000000000000155e+00 -1.023264187243000478e+01
1.550000000000000044e+00 -1.023969151495090024e+01
1.550999999999999934e+00 -1.024670555827392349e+01
1.551999999999999824e+00 -1.025368419962186550e+01
1.552999999999999714e+00 -1.026062765251164066e+01
1.553999999999999604e+00 -1.026753614495452283e+01
1.554999999999999494e+00 -1.027440992012332899e+01
1.555999999999999384e+00 -1.028124923443976257e+01
1.556999999999999273e+00 -1.028805435853489492e+01
1.557999999999999163e+00 -1.029482557514334395e+01
1.558999999999999053e+00 -1.030156317998970117e+01
1.559999999999998943e+00 -1.030826748012379213e+01
1.560999999999998833e+00 -1.031493879400504809e+01
1.561999999999998723e+00 -1.032157745103837243e+01
1.562999999999998613e+00 -1.032818379022229394e+01
1.563999999999998503e+00 -1.033475816126647828e+01
1.564999999999998392e+00 -1.034130092175519877e+01
1.565999999999998282e+00 -1.034781243955052332e+01
1.566999999999998172e+00 -1.035429308909249713e+01
1.567999999999998062e+00 -1.036074325421330045e+01
1.568999999999997952e+00 -1.036716332460610346e+01
1.569999999999997842e+00 -1.037355369800412497e+01
1.579999999999997851e+00 -1.043595275017771584e+01
1.589999999999997859e+00 -1.049585911222689738e+01
1.599999999999997868e+00 -1.055371733734741824e+01
1.609999999999997877e+00 -1.060995875237390251e+01
1.610999999999997767e+00 -1.061550653102300679e+01
1.611999999999997657e+00 -1.062104261045758591e+01
1.612999999999997547e+00 -1.062656737189550782e+01
1.613999999999997437e+00 -1.063208118866555552e+01
1.614999999999997327e+00 -1.063758443064476644e+01
1.615999999999997216e+00 -1.064307746179817826e+01
1.616999999999997106e+00 -1.064856064352803067e+01
1.617999999999996996e+00 -1.065403433139071510e+01
1.618999999999996886e+00 -1.065949887825274978e+01
1.619999999999996776e+00 -1.066495463156685197e+01
1.629999999999996785e+00 -1.071912648187472605e+01
1.639999999999996794e+00 -1.077276081247118533e+01
1.649999999999996803e+00 -1.082612645683103558e+01
1.659999999999996811e+00 -1.087943349700135265e+01
1.669999999999996820e+00 -1.093281964948788954e+01
1.679999999999996829e+00 -1.098633394886960524e+01
1.689999999999996838e+00 -1.103992052334841567e+01
1.699999999999996847e+00 -1.109340586153897767e+01
1.709999999999996856e+00 -1.114649273304076260e+01
1.719999999999996865e+00 -1.119876297229007456e+01
1.729999999999996874e+00 -1.124968997150171113e+01
1.739999999999996882e+00 -1.129866024064332741e+01
1.749999999999996891e+00 -1.134500212126264707e+01
1.759999999999996900e+00 -1.138801886537642361e+01
1.769999999999996909e+00 -1.142702295369772081e+01
1.779999999999996918e+00 -1.146136868005189413e+01
1.789999999999996927e+00 -1.149048059864343330e+01
1.799999999999996936e+00 -1.151387621969573161e+01
1.809999999999996945e+00 -1.153118222576951268e+01
1.819999999999996954e+00 -1.154214412790556388e+01
1.829999999999996962e+00 -1.154662821618963164e+01
1.839999999999996971e+00 -1.154461095325022768e+01
1.849999999999996980e+00 -1.153616628370252251e+01
1.859999999999996989e+00 -1.152146515562587936e+01
1.869999999999996998e+00 -1.150077618061079399e+01
1.879999999999997007e+00 -1.147445936081176221e+01
1.889999999999997016e+00 -1.144295480878810523e+01
1.899999999999997025e+00 -1.140676570348606766e+01
1.909999999999997033e+00 -1.136643660533683331e+01
1.919999999999997042e+00 -1.132252889954294517e+01
1.929999999999997051e+00 -1.127559568582857352e+01
1.939999999999997060e+00 -1.122615849308271052e+01
1.949999999999997069e+00 -1.117468786768724698e+01
1.959999999999997078e+00 -1.112158929172113275e+01
1.969999999999997087e+00 -1.106719513925946785e+01
1.979999999999997096e+00 -1.101176266558741546e+01
1.989999999999997105e+00 -1.095547741113439422e+01
1.999999999999997113e+00 -1.089846101430449998e+01
2.009999999999997122e+00 -1.084078222667216629e+01
2.019999999999996909e+00 -1.078246994764817579e+01
2.029999999999996696e+00 -1.072352722263983971e+01
2.039999999999996483e+00 -1.066394537887310712e+01
2.049999999999996270e+00 -1.060371707575845512e+01
2.059999999999996056e+00 -1.054287149863991857e+01
2.069999999999995843e+00 -1.048156538999484511e+01
2.079999999999995630e+00 -1.042012818106413974e+01
2.089999999999995417e+00 -1.035895162469250863e+01
2.099999999999995204e+00 -1.029835863397642370e+01
2.109999999999994991e+00 -1.023857551840949398e+01
2.119999999999994778e+00 -1.017976452211700256e+01
2.129999999999994564e+00 -1.012205782544104693e+01
2.139999999999994351e+00 -1.006558238380868175e+01
2.149999999999994138e+00 -1.001048546359316660e+01
2.159999999999993925e+00 -9.956945423187033128e+00
2.169999999999993712e+00 -9.905174518252803040e+00
2.179999999999993499e+00 -9.855419590027793220e+00
2.189999999999993285e+00 -9.807951676373400929e+00
2.199999999999993072e+00 -9.763048826657602319e+00
2.209999999999992859e+00 -9.720979639743910994e+00
2.219999999999992646e+00 -9.681984909121137406e+00
2.229999999999992433e+00 -9.646250995464139777e+00
2.239999999999992220e+00 -9.613894524807923503e+00
2.249999999999992006e+00 -9.584966351140643326e+00
2.259999999999991793e+00 -9.559462841150763168e+00
2.269999999999991580e+00 -9.537341124875164056e+00
2.279999999999991367e+00 -9.518535349266834089e+00
2.289999999999991154e+00 -9.502971044199441053e+00
2.299999999999990941e+00 -9.490575905876404761e+00
2.309999999999990727e+00 -9.481285746989534857e+00
2.319999999999990514e+00 -9.475046061337252468e+00
2.329999999999990301e+00 -9.471810181816540108e+00
2.339999999999990088e+00 -9.471536000770855779e+00
2.349999999999989875e+00 -9.474189981037422825e+00
2.359999999999989662e+00 -9.479757085529339378e+00
2.369999999999989448e+00 -9.488238789898534975e+00
2.379999999999989235e+00 -9.499641356854732877e+00
2.389999999999989022e+00 -9.513967765913150743e+00
2.399999999999988809e+00 -9.531214281183460812e+00
2.409999999999988596e+00 -9.551369493280857270e+00
2.419999999999988383e+00 -9.574415114249338998e+00
2.429999999999988169e+00 -9.600327159815169153e+00
2.439999999999987956e+00 -9.629076148294016591e+00
2.449999999999987743e+00 -9.660625555766879202e+00
2.459999999999987530e+00 -9.694927135354145520e+00
2.469999999999987317e+00 -9.731914471946124578e+00
2.479999999999987104e+00 -9.771498576413629067e+00
2.489999999999986890e+00 -9.813563950879268916e+00
2.499999999999986677e+00 -9.857963634195153091e+00
2.509999999999986464e+00 -9.904502253194163330e+00
2.519999999999986251e+00 -9.952871429794020841e+00
2.529999999999986038e+00 -1.000264361639896116e+01
2.539999999999985825e+00 -1.005339959674096306e+01
2.549999999999985612e+00 -1.010480896774333104e+01
2.559999999999985398e+00 -1.015661522409371464e+01
2.569999999999985185e+00 -1.020861431448390100e+01
2.579999999999984972e+00 -1.026063257668125850e+01
2.589999999999984759e+00 -1.031250336621582164e+01
2.599999999999984546e+00 -1.036405030750898604e+01
2.609999999999984333e+00 -1.041507763486942295e+01
2.619999999999984119e+00 -1.046536612072913641e+01
2.629999999999983906e+00 -1.051468114535227727e+01
2.639999999999983693e+00 -1.056279060518001067e+01
2.649999999999983480e+00 -1.060948344130179066e+01
2.659999999999983267e+00 -1.065458566311802002e+01
2.669999999999983054e+00 -1.069797049641662134e+01
2.679999999999982840e+00 -1.073956062083695429e+01
2.689999999999982627e+00 -1.077932283571523797e+01
2.699999999999982414e+00 -1.081725659148804830e+01
2.709999999999982201e+00 -1.085337908411078089e+01
2.719999999999981988e+00 -1.088770976276456004e+01
2.729999999999981775e+00 -1.092025688568572761e+01
2.739999999999981561e+00 -1.095100792733749628e+01
2.749999999999981348e+00 -1.097992469430056239e+01
2.759999999999981135e+00 -1.100694298308501473e+01
2.769999999999980922e+00 -1.103197588422850117e+01
2.779999999999980709e+00 -1.105491935908298906e+01
2.789999999999980496e+00 -1.107565866855463632e+01
2.799999999999980282e+00 -1.109407442837863123e+01
2.809999999999980069e+00 -1.111004752003022311e+01
2.819999999999979856e+00 -1.112346255971336362e+01
2.829999999999979643e+00 -1.113421009637279724e+01
2.839999999999979430e+00 -1.114218799516079450e+01
2.849999999999979217e+00 -1.114730259986195549e+01
2.859999999999979003e+00 -1.114946552898352827e+01
2.869999999999978790e+00 -1.114858676884530908e+01
2.879999999999978577e+00 -1.114457702513138138e+01
2.889999999999978364e+00 -1.113735958353971789e+01
2.899999999999978151e+00 -1.112688148413129774e+01
2.909999999999977938e+00 -1.111312240812544339e+01
2.919999999999977724e+00 -1.109610089078318573e+01
2.929999999999977511e+00 -1.107587694945686785e+01
2.939999999999977298e+00 -1.105255133231206877e+01
2.949999999999977085e+00 -1.102626189838380988e+01
2.959999999999976872e+00 -1.099717814016726258e+01
2.969999999999976659e+00 -1.096549481919265467e+01
2.979999999999976446e+00 -1.093142564287235174e+01
2.989999999999976232e+00 -1.089519759182902803e+01
2.999999999999976019e+00 -1.085704621787972357e+01
3.009999999999975806e+00 -1.081721192221234595e+01
3.019999999999975593e+00 -1.077593701833198381e+01
3.029999999999975380e+00 -1.073346328558809759e+01
3.039999999999975167e+00 -1.069002972659096784e+01
3.049999999999974953e+00 -1.064587034527300879e+01
3.059999999999974740e+00 -1.060121189334134506e+01
3.069999999999974527e+00 -1.055627168362202895e+01
3.079999999999974314e+00 -1.051125543294587139e+01
3.089999999999974101e+00 -1.046635561227931355e+01
3.099999999999973888e+00 -1.042177382075892922e+01
3.109999999999973674e+00 -1.037777386478768271e+01
3.119999999999973461e+00 -1.033468314611640437e+01
3.129999999999973248e+00 -1.029281248104432223e+01
3.139999999999973035e+00 -1.025238816330482017e+01
3.149999999999972822e+00 -1.021353550075537697e+01
3.159999999999972609e+00 -1.017629037255529667e+01
3.169999999999972395e+00 -1.014063780213901467e+01
3.179999999999972182e+00 -1.010654975651823051e+01
3.189999999999971969e+00 -1.007399768082440161e+01
3.199999999999971756e+00 -1.004296773639665297e+01
3.209999999999971543e+00 -1.001347256817158637e+01
3.219999999999971330e+00 -9.985543703773247515e+00
3.229999999999971116e+00 -9.959225594875363186e+00
3.239999999999970903e+00 -9.934570779136063123e+00
3.249999999999970690e+00 -9.911630404953712059e+00
3.259999999999970477e+00 -9.890447828247195261e+00
3.269999999999970264e+00 -9.871055630753398091e+00
3.279999999999970051e+00 -9.853475490176675677e+00
3.289999999999969837e+00 -9.837721685034262364e+00
3.299999999999969624e+00 -9.823805659446421146e+00
3.309999999999969411e+00 -9.811741372389761295e+00
3.319999999999969198e+00 -9.801551042972899808e+00
3.329999999999968985e+00 -9.793269296648638544e+00
3.339999999999968772e+00 -9.786944692118892064e+00
3.349999999999968558e+00 -9.782638216559178090e+00
3.359999999999968345e+00 -9.780421191009153858e+00
3.369999999999968132e+00 -9.780377661145172041e+00
3.379999999999967919e+00 -9.782603834916233865e+00
3.389999999999967706e+00 -9.787195666493223811e+00
3.399999999999967493e+00 -9.794234336715305744e+00
3.409999999999967280e+00 -9.803776221583472505e+00
3.419999999999967066e+00 -9.815846234562073391e+00
3.429999999999966853e+00 -9.830435238118973018e+00
3.439999999999966640e+00 -9.847500888826440146e+00
3.449999999999966427e+00 -9.866970876417328284e+00
3.459999999999966214e+00 -9.888747356111485587e+00
3.469999999999966001e+00 -9.912711448397898195e+00
3.479999999999965787e+00 -9.938727039198631985e+00
3.489999999999965574e+00 -9.966643522786403864e+00
3.499999999999965361e+00 -9.996297302942185325e+00
3.509999999999965148e+00 -1.002751132085771069e+01
3.519999999999964935e+00 -1.006008407749323474e+01
3.529999999999964722e+00 -1.009375787313030948e+01
3.539999999999964508e+00 -1.012822906911780407e+01
3.549999999999964295e+00 -1.016322280824512170e+01
3.559999999999964082e+00 -1.019852798728540044e+01
3.569999999999963869e+00 -1.023398244180429373e+01
3.579999999999963656e+00 -1.026945999299666390e+01
3.589999999999963443e+00 -1.030485680899930223e+01
3.599999999999963229e+00 -1.034007836215321596e+01
3.609999999999963016e+00 -1.037503041334578491e+01
3.619999999999962803e+00 -1.040961269135013190e+01
3.629999999999962590e+00 -1.044371691570687943e+01
3.639999999999962377e+00 -1.047723195972253940e+01
3.649999999999962164e+00 -1.051005267947643596e+01
3.659999999999961950e+00 -1.054208794303507979e+01
3.669999999999961737e+00 -1.057326659565842242e+01
3.679999999999961524e+00 -1.060353962552029472e+01
3.689999999999961311e+00 -1.063287803921800290e+01
3.699999999999961098e+00 -1.066126705375927486e+01
3.709999999999960885e+00 -1.068869781107605199e+01
3.719999999999960671e+00 -1.071515831171762834e+01
3.729999999999960458e+00 -1.074062518591172299e+01
3.739999999999960245e+00 -1.076505762370825892e+01
3.749999999999960032e+00 -1.078839422047274788e+01
3.759999999999959819e+00 -1.081055289925201102e+01
3.769999999999959606e+00 -1.083143352257314618e+01
3.779999999999959392e+00 -1.085092243806152545e+01
3.789999999999959179e+00 -1.086889802949641748e+01
3.799999999999958966e+00 -1.088523639099525475e+01
3.809999999999958753e+00 -1.089981643187354088e+01
3.819999999999958540e+00 -1.091252401118806148e+01
3.829999999999958327e+00 -1.092325498787611693e+01
3.839999999999958114e+00 -1.093191732177119668e+01
3.849999999999957900e+00 -1.093843249838975140e+01
3.859999999999957687e+00 -1.094273659885005578e+01
3.869999999999957474e+00 -1.094478053785113580e+01
3.879999999999957261e+00 -1.094452668134811724e+01
3.889999999999957048e+00 -1.094194586195143515e+01
3.899999999999956835e+00 -1.093702160374709997e+01
3.909999999999956621e+00 -1.092975628973234414e+01
3.919999999999956408e+00 -1.092017492326567663e+01
3.929999999999956195e+00 -1.090832735779634532e+01
3.939999999999955982e+00 -1.089428830388559533e+01
3.949999999999955769e+00 -1.087815526351308471e+01
3.959999999999955556e+00 -1.086004486325575691e+01
3.969999999999955342e+00 -1.084008822763034985e+01
3.979999999999955129e+00 -1.081842613712794687e+01
3.989999999999954916e+00 -1.079520457632099451e+01
3.999999999999954703e+00 -1.077057111890179186e+01
4.009999999999954490e+00 -1.074467233571773583e+01
4.019999999999954277e+00 -1.071765221648970012e+01
4.029999999999954063e+00 -1.068965141274651387e+01
4.039999999999953850e+00 -1.066080704336016183e+01
4.049999999999953637e+00 -1.063125277977075456e+01
4.059999999999953424e+00 -1.060111900126849882e+01
4.069999999999953211e+00 -1.057053288669217750e+01
4.079999999999952998e+00 -1.053961842399330706e+01
4.089999999999952784e+00 -1.050849638378665674e+01
4.099999999999952571e+00 -1.047728421025187373e+01
4.109999999999952358e+00 -1.044609605522441420e+01
4.119999999999952145e+00 -1.041505480760878655e+01
4.129999999999951932e+00 -1.038432129735529763e+01
4.139999999999951719e+00 -1.035410362835332165e+01
4.149999999999951505e+00 -1.032462396720766762e+01
4.159999999999951292e+00 -1.029607768931448142e+01
4.169999999999951079e+00 -1.026860947807577595e+01
4.179999999999950866e+00 -1.024230416543935718e+01
4.189999999999950653e+00 -1.021719379097902092e+01
4.199999999999950440e+00 -1.019327715233825238e+01
4.209999999999950226e+00 -1.017054653758079752e+01
4.219999999999950013e+00 -1.014900596344329919e+01
4.229999999999949800e+00 -1.012867177914095507e+01
4.239999999999949587e+00 -1.010957220259464506e+01
4.249999999999949374e+00 -1.009174745890978642e+01
4.259999999999949161e+00 -1.007524551625708398e+01
4.269999999999948948e+00 -1.006011672594643791e+01
4.279999999999948734e+00 -1.004640569241969139e+01
4.289999999999948521e+00 -1.003414306006402690e+01
4.299999999999948308e+00 -1.002334243789227308e+01
4.309999999999948095e+00 -1.001400182707717690e+01
4.319999999999947882e+00 -1.000610811527896438e+01
4.329999999999947669e+00 -9.999643587719242888e+00
4.339999999999947455e+00 -9.994592260180970911e+00
4.349999999999947242e+00 -9.990944759867211644e+00
4.359999999999947029e+00 -9.988701429843144908e+00
4.369999999999946816e+00 -9.987873922398030402e+00
4.379999999999946603e+00 -9.988489695920607758e+00
4.389999999999946390e+00 -9.990594296890451531e+00
4.399999999999946176e+00 -9.994242658804560975e+00
4.409999999999945963e+00 -9.999487860288011731e+00
4.419999999999945750e+00 -1.000637300507259653e+01
4.429999999999945537e+00 -1.001492494834137759e+01
4.439999999999945324e+00 -1.002515101378873119e+01
4.449999999999945111e+00 -1.003703837146074029e+01
4.459999999999944897e+00 -1.005055513387587141e+01
4.469999999999944684e+00 -1.006565237659930645e+01
4.479999999999944471e+00 -1.008226740548415101e+01
4.489999999999944258e+00 -1.010032701762163754e+01
4.499999999999944045e+00 -1.011974692983305779e+01
4.509999999999943832e+00 -1.014043053575938025e+01
4.519999999999943618e+00 -1.016226292093179140e+01
4.529999999999943405e+00 -1.018509048222795066e+01
4.539999999999943192e+00 -1.020872653058209067e+01
4.549999999999942979e+00 -1.023299531896358516e+01
4.559999999999942766e+00 -1.025775160686423071e+01
4.569999999999942553e+00 -1.028287145223815457e+01
4.579999999999942339e+00 -1.030824514338528886e+01
4.589999999999942126e+00 -1.033377054448555121e+01
4.599999999999941913e+00 -1.035934697591163633e+01
4.609999999999941700e+00 -1.038487059928450762e+01
4.619999999999941487e+00 -1.041023235316172446e+01
4.629999999999941274e+00 -1.043532088584916195e+01
4.639999999999941060e+00 -1.046002844553102840e+01
4.649999999999940847e+00 -1.048425715208766107e+01
4.659999999999940634e+00 -1.050792451962564122e+01
4.669999999999940421e+00 -1.053096686145777028e+01
4.679999999999940208e+00 -1.055333984413269022e+01
4.689999999999939995e+00 -1.057501622442543443e+01
4.699999999999939782e+00 -1.059598126469748713e+01
4.709999999999939568e+00 -1.061622679990053442e+01
4.719999999999939355e+00 -1.063574501316228904e+01
4.729999999999939142e+00 -1.065452293254174876e+01
4.739999999999938929e+00 -1.067253836856301241e+01
4.749999999999938716e+00 -1.068975767279510691e+01
4.759999999999938503e+00 -1.070613531634511872e+01
4.769999999999938289e+00 -1.072161499953351615e+01
4.779999999999938076e+00 -1.073613181116360948e+01
4.789999999999937863e+00 -1.074961490884383686e+01
4.799999999999937650e+00 -1.076199024819444183e+01
4.809999999999937437e+00 -1.077318303355902707e+01
4.819999999999937224e+00 -1.078311973373972776e+01
4.829999999999937010e+00 -1.079172966995236571e+01
4.839999999999936797e+00 -1.079894629787002280e+01
4.849999999999936584e+00 -1.080470835860454670e+01
4.859999999999936371e+00 -1.080896106173299387e+01
4.869999999999936158e+00 -1.081165740903028194e+01
4.879999999999935945e+00 -1.081275837658248307e+01
4.889999999999935731e+00 -1.081223096222297109e+01
4.899999999999935518e+00 -1.081004840290691682e+01
4.909999999999935305e+00 -1.080619450421333028e+01
4.919999999999935092e+00 -1.080066774954718056e+01
4.929999999999934879e+00 -1.079348377541856685e+01
4.939999999999934666e+00 -1.078467657946242930e+01
4.949999999999934452e+00 -1.077429815551905179e+01
4.959999999999934239e+00 -1.076241681465540090e+01
4.969999999999934026e+00 -1.074911454339288319e+01
4.979999999999933813e+00 -1.073448389214748211e+01
4.989999999999933600e+00 -1.071862483486151696e+01
4.999999999999933387e+00 -1.070164196489232644e+01
5.009999999999933173e+00 -1.068364223285510839e+01
5.019999999999932960e+00 -1.066473329146960225e+01
5.029999999999932747e+00 -1.064502238285229829e+01
5.039999999999932534e+00 -1.062461562911315305e+01
5.049999999999932321e+00 -1.060361756102196118e+01
5.059999999999932108e+00 -1.058213074180064872e+01
5.069999999999931894e+00 -1.056025539640190836e+01
5.079999999999931681e+00 -1.053808902100108824e+01
5.089999999999931468e+00 -1.051572600653517497e+01
5.099999999999931255e+00 -1.049325734646528119e+01
5.109999999999931042e+00 -1.047077044149645531e+01
5.119999999999930829e+00 -1.044834904511489526e+01
5.129999999999930616e+00 -1.042607437705575180e+01
5.139999999999930402e+00 -1.040404000170971521e+01
5.149999999999930189e+00 -1.038237328168280449e+01
5.159999999999929976e+00 -1.036122720898875649e+01
5.169999999999929763e+00 -1.034074933228807147e+01
5.179999999999929550e+00 -1.032106297806111783e+01
5.189999999999929337e+00 -1.030225884391598434e+01
5.199999999999929123e+00 -1.028438826699303732e+01
5.209999999999928910e+00 -1.026746699246136885e+01
5.219999999999928697e+00 -1.025148736995881116e+01
5.229999999999928484e+00 -1.023643317949836806e+01
5.239999999999928271e+00 -1.022229308043262996e+01
5.249999999999928058e+00 -1.020906949247580187e+01
5.259999999999927844e+00 -1.019678024861090648e+01
5.269999999999927631e+00 -1.018545242445342325e+01
5.279999999999927418e+00 -1.017511685175422897e+01
5.289999999999927205e+00 -1.016580425508368180e+01
5.299999999999926992e+00 -1.015754073370544397e+01
5.309999999999926779e+00 -1.015034475595617458e+01
5.319999999999926565e+00 -1.014422614283611956e+01
5.329999999999926352e+00 -1.013918690211980156e+01
5.339999999999926139e+00 -1.013522350666108984e+01
5.349999999999925926e+00 -1.013232981142110134e+01
5.359999999999925713e+00 -1.013049967063260226e+01
5.369999999999925500e+00 -1.012972910063619558e+01
5.379999999999925286e+00 -1.013002074205808789e+01
5.389999999999925073e+00 -1.013138883009062852e+01
5.399999999999924860e+00 -1.013385755182862091e+01
5.409999999999924647e+00 -1.013745502105701846e+01
5.419999999999924434e+00 -1.014220778103487675e+01
5.429999999999924221e+00 -1.014813599215888651e+01
5.439999999999924007e+00 -1.015524984996081059e+01
5.449999999999923794e+00 -1.016354751827557301e+01
5.459999999999923581e+00 -1.017301448813380915e+01
5.469999999999923368e+00 -1.018362326903501902e+01
5.479999999999923155e+00 -1.019533374331621367e+01
5.489999999999922942e+00 -1.020809549025603147e+01
5.499999999999922728e+00 -1.022184987129747036e+01
5.509999999999922515e+00 -1.023652796174535773e+01
5.519999999999922302e+00 -1.025203943110520299e+01
5.529999999999922089e+00 -1.026826957657296546e+01
5.539999999999921876e+00 -1.028510146795514935e+01
5.549999999999921663e+00 -1.030243407623804330e+01
5.559999999999921450e+00 -1.032018035481918972e+01
5.569999999999921236e+00 -1.033826141024550616e+01
5.579999999999921023e+00 -1.035660120998789679e+01
5.589999999999920810e+00 -1.037512110508069263e+01
5.599999999999920597e+00 -1.039373670079666034e+01
5.609999999999920384e+00 -1.041235830222890968e+01
5.619999999999920171e+00 -1.043089391176154912e+01
5.629999999999919957e+00 -1.044925365198306721e+01
5.639999999999919744e+00 -1.046735467516493401e+01
5.649999999999919531e+00 -1.048512533096625887e+01
5.659999999999919318e+00 -1.050250776567645161e+01
5.669999999999919105e+00 -1.051945850034795882e+01
5.679999999999918892e+00 -1.053594700600372214e+01
5.689999999999918678e+00 -1.055195267841384066e+01
5.699999999999918465e+00 -1.056746086555759057e+01
5.709999999999918252e+00 -1.058245868931099309e+01
5.719999999999918039e+00 -1.059693132732779119e+01
5.729999999999917826e+00 -1.061085923746494508e+01
5.739999999999917613e+00 -1.062421655704003953e+01
5.749999999999917399e+00 -1.063697066859571372e+01
5.759999999999917186e+00 -1.064908272626248120e+01
5.769999999999916973e+00 -1.066050882714653625e+01
5.779999999999916760e+00 -1.067120148314147343e+01
5.789999999999916547e+00 -1.068111110275705755e+01
5.799999999999916334e+00 -1.069018728865513523e+01
5.809999999999916120e+00 -1.069837987807207291e+01
5.819999999999915907e+00 -1.070563975425277725e+01
5.829999999999915694e+00 -1.071191953207917358e+01
5.839999999999915481e+00 -1.071717424293643361e+01
5.849999999999915268e+00 -1.072136213139405037e+01
5.859999999999915055e+00 -1.072444562258526268e+01
5.869999999999914841e+00 -1.072639246154064452e+01
5.879999999999914628e+00 -1.072717618759918601e+01
5.889999999999914415e+00 -1.072677506688908977e+01
5.899999999999914202e+00 -1.072517209753894463e+01
5.909999999999913989e+00 -1.072235776798744666e+01
5.919999999999913776e+00 -1.071833273234149253e+01
5.929999999999913562e+00 -1.071310927811932245e+01
5.939999999999913349e+00 -1.070671198520801326e+01
5.949999999999913136e+00 -1.069917738988268319e+01
5.959999999999912923e+00 -1.069055284548097617e+01
5.969999999999912710e+00 -1.068089482408593405e+01
5.979999999999912497e+00 -1.067026696636452598e+01
5.989999999999912283e+00 -1.065873815248510326e+01
5.999999999999912070e+00 -1.064638080149856059e+01
6.009999999999911857e+00 -1.063326951055121228e+01
6.019999999999911644e+00 -1.061948005223542246e+01
6.029999999999911431e+00 -1.060508867830778357e+01
6.039999999999911218e+00 -1.059017163419527563e+01
6.049999999999911005e+00 -1.057480478466456653e+01
6.059999999999910791e+00 -1.055906326787189897e+01
6.069999999999910578e+00 -1.054302113560020260e+01
6.079999999999910365e+00 -1.052675097607069787e+01
6.089999999999910152e+00 -1.051032355348301905e+01
6.099999999999909939e+00 -1.049380751566658887e+01
6.109999999999909726e+00 -1.047726920420110375e+01
6.119999999999909512e+00 -1.046077253937749418e+01
6.129999999999909299e+00 -1.044437924877258261e+01
6.139999999999909086e+00 -1.042815255038708422e+01
6.149999999999908873e+00 -1.041216744507844716e+01
6.159999999999908660e+00 -1.039652033318590263e+01
6.169999999999908447e+00 -1.038132214430374489e+01
6.179999999999908233e+00 -1.036667846768657952e+01
6.189999999999908020e+00 -1.035267670461438350e+01
6.199999999999907807e+00 -1.033938091898534495e+01
6.209999999999907594e+00 -1.032682813907505626e+01
6.219999999999907381e+00 -1.031502997200157168e+01
6.229999999999907168e+00 -1.030398032700480293e+01
6.239999999999906954e+00 -1.029366536192486770e+01
6.249999999999906741e+00 -1.028407284215684392e+01
6.259999999999906528e+00 -1.027519812703603641e+01
6.269999999999906315e+00 -1.026704516872121253e+01
6.279999999999906102e+00 -1.025962534103785906e+01
6.289999999999905889e+00 -1.025295607688094712e+01
6.299999999999905675e+00 -1.024705764921268347e+01
6.309999999999905462e+00 -1.024194806496573129e+01
6.319999999999905249e+00 -1.023763968638295019e+01
6.329999999999905036e+00 -1.023413850977597228e+01
6.339999999999904823e+00 -1.023144472026143248e+01
6.349999999999904610e+00 -1.022955429298719920e+01
6.359999999999904396e+00 -1.022846116846615594e+01
6.369999999999904183e+00 -1.022815957968244938e+01
6.379999999999903970e+00 -1.022864866561534392e+01
6.389999999999903757e+00 -1.022993664450497775e+01
6.399999999999903544e+00 -1.023203883143104065e+01
6.409999999999903331e+00 -1.023497335476854175e+01
6.419999999999903117e+00 -1.023875765804581128e+01
6.429999999999902904e+00 -1.024340467547449940e+01
6.439999999999902691e+00 -1.024891980374217759e+01
6.449999999999902478e+00 -1.025529964519840398e+01
6.459999999999902265e+00 -1.026253187985716586e+01
6.469999999999902052e+00 -1.027059544455837248e+01
6.479999999999901839e+00 -1.027946116282850220e+01
6.489999999999901625e+00 -1.028909187851641072e+01
6.499999999999901412e+00 -1.029944102818820006e+01
6.509999999999901199e+00 -1.031044745640712712e+01
6.519999999999900986e+00 -1.032203498472886416e+01
6.529999999999900773e+00 -1.033412601845792622e+01
6.539999999999900560e+00 -1.034665212298281389e+01
6.549999999999900346e+00 -1.035955171368907557e+01
6.559999999999900133e+00 -1.037276536478969469e+01
6.569999999999899920e+00 -1.038623261933148179e+01
6.579999999999899707e+00 -1.039988987469433113e+01
6.589999999999899494e+00 -1.041366978593561932e+01
6.599999999999899281e+00 -1.042750228448212546e+01
6.609999999999899067e+00 -1.044131690421360759e+01
6.619999999999898854e+00 -1.045504579825153257e+01
6.629999999999898641e+00 -1.046862676162388262e+01
6.639999999999898428e+00 -1.048200561622441107e+01
6.649999999999898215e+00 -1.049513752919358289e+01
6.659999999999898002e+00 -1.050798707546086774e+01
6.669999999999897788e+00 -1.052052713102628800e+01
6.679999999999897575e+00 -1.053273688023841359e+01
6.689999999999897362e+00 -1.054459934931996301e+01
6.699999999999897149e+00 -1.055609889801387702e+01
6.709999999999896936e+00 -1.056721904061341988e+01
6.719999999999896723e+00 -1.057794084701703241e+01
6.729999999999896509e+00 -1.058824202709620543e+01
6.739999999999896296e+00 -1.059809666889518276e+01
6.749999999999896083e+00 -1.060747549646221088e+01
6.759999999999895870e+00 -1.061634646561513051e+01
6.769999999999895657e+00 -1.062467550880771583e+01
6.779999999999895444e+00 -1.063242728313886154e+01
6.789999999999895230e+00 -1.063956583105807496e+01
6.799999999999895017e+00 -1.064605513466052678e+01
6.809999999999894804e+00 -1.065185959268644744e+01
6.819999999999894591e+00 -1.065694448713811049e+01
6.829999999999894378e+00 -1.066127650578229691e+01
6.839999999999894165e+00 -1.066482437524877902e+01
6.849999999999893951e+00 -1.066755961924038587e+01
6.859999999999893738e+00 -1.066945742351597914e+01
6.869999999999893525e+00 -1.067049754273907070e+01
6.879999999999893312e+00 -1.067066406637867182e+01
6.889999999999893099e+00 -1.066994445432031213e+01
6.899999999999892886e+00 -1.066833048983085952e+01
6.909999999999892673e+00 -1.066582026671550132e+01
6.919999999999892459e+00 -1.066241943681218451e+01
6.929999999999892246e+00 -1.065814191085410911e+01
6.939999999999892033e+00 -1.065300994136919677e+01
6.949999999999891820e+00 -1.064705361659110139e+01
6.959999999999891607e+00 -1.064030992308286372e+01
6.969999999999891394e+00 -1.063282154346197395e+01
6.979999999999891180e+00 -1.062463559156880777e+01
6.989999999999890967e+00 -1.061580242898675230e+01
6.999999999999890754e+00 -1.060637467115211230e+01
7.009999999999890541e+00 -1.059640641472781120e+01
7.019999999999890328e+00 -1.058595267725721989e+01
7.029999999999890115e+00 -1.057506899393558975e+01
7.039999999999889901e+00 -1.056381111152947128e+01
7.049999999999889688e+00 -1.055223471678622182e+01
7.059999999999889475e+00 -1.054039516434953150e+01
7.069999999999889262e+00 -1.052834718833318384e+01
7.079999999999889049e+00 -1.051614461352951579e+01
7.089999999999888836e+00 -1.050384009322053380e+01
7.099999999999888622e+00 -1.049148491325736643e+01
7.109999999999888409e+00 -1.047912886238278851e+01
7.119999999999888196e+00 -1.046682016962980200e+01
7.129999999999887983e+00 -1.045460573410232463e+01
7.139999999999887770e+00 -1.044253221034939472e+01
7.149999999999887557e+00 -1.043065379335226872e+01
7.159999999999887343e+00 -1.041904014477540130e+01
7.169999999999887130e+00 -1.040777075175619437e+01
7.179999999999886917e+00 -1.039692475342367217e+01
7.189999999999886704e+00 -1.038657203240875759e+01
7.199999999999886491e+00 -1.037676633557700434e+01
7.209999999999886278e+00 -1.036754408619252033e+01
7.219999999999886064e+00 -1.035892366985262392e+01
7.229999999999885851e+00 -1.035090599839310599e+01
7.239999999999885638e+00 -1.034348005240735091e+01
7.249999999999885425e+00 -1.033663069899806786e+01
7.259999999999885212e+00 -1.033034567507659851e+01
7.269999999999884999e+00 -1.032461973821215295e+01
7.279999999999884785e+00 -1.031945498741624867e+01
7.289999999999884572e+00 -1.031485919618101832e+01
7.299999999999884359e+00 -1.031084344973028877e+01
7.309999999999884146e+00 -1.030741930981133159e+01
7.319999999999883933e+00 -1.030459638286304447e+01
7.329999999999883720e+00 -1.030238072276281613e+01
7.339999999999883507e+00 -1.030077429713385939e+01
7.349999999999883293e+00 -1.029977548369628870e+01
7.359999999999883080e+00 -1.029938031356088324e+01
7.369999999999882867e+00 -1.029958543656936065e+01
7.379999999999882654e+00 -1.030039191637701812e+01
7.389999999999882441e+00 -1.030180603921141191e+01
7.399999999999882228e+00 -1.030383750438242352e+01
7.409999999999882014e+00 -1.030649736053205068e+01
7.419999999999881801e+00 -1.030979582658596883e+01
7.429999999999881588e+00 -1.031374017242496954e+01
7.439999999999881375e+00 -1.031833297998406707e+01
7.449999999999881162e+00 -1.032357091281324024e+01
7.459999999999880949e+00 -1.032944403866218863e+01
7.469999999999880735e+00 -1.033593524829618282e+01
7.479999999999880522e+00 -1.034301964666722462e+01
7.489999999999880309e+00 -1.035066297491145093e+01
7.499999999999880096e+00 -1.035881852321994501e+01
7.509999999999879883e+00 -1.036743023404767428e+01
7.519999999999879670e+00 -1.037644287630945961e+01
7.529999999999879456e+00 -1.038580634313855100e+01
7.539999999999879243e+00 -1.039547337291852180e+01
7.549999999999879030e+00 -1.040539752038503352e+01
7.559999999999878817e+00 -1.041553150139143469e+01
7.569999999999878604e+00 -1.042582600302742613e+01
7.579999999999878391e+00 -1.043622948098904679e+01
7.589999999999878177e+00 -1.044668889001181711e+01
7.599999999999877964e+00 -1.045715119874676091e+01
7.609999999999877751e+00 -1.046756530777612326e+01
7.619999999999877538e+00 -1.047788395732807309e+01
7.629999999999877325e+00 -1.048806523749423114e+01
7.639999999999877112e+00 -1.049807343568099505e+01
7.649999999999876898e+00 -1.050787910625381549e+01
7.659999999999876685e+00 -1.051745841070254173e+01
7.669999999999876472e+00 -1.052679189797219195e+01
7.679999999999876259e+00 -1.053586297517349379e+01
7.689999999999876046e+00 -1.054465633132532965e+01
7.699999999999875833e+00 -1.055315654470401476e+01
7.709999999999875619e+00 -1.056134703111167639e+01
7.719999999999875406e+00 -1.056920940411283638e+01
7.729999999999875193e+00 -1.057672323674558790e+01
7.739999999999874980e+00 -1.058386615071617065e+01
7.749999999999874767e+00 -1.059061412847919925e+01
7.759999999999874554e+00 -1.059694193705883869e+01
7.769999999999874341e+00 -1.060282357678219078e+01
7.779999999999874127e+00 -1.060823269906327759e+01
7.789999999999873914e+00 -1.061314297992605482e+01
7.799999999999873701e+00 -1.061752846320999488e+01
7.809999999999873488e+00 -1.062136391072839992e+01
7.819999999999873275e+00 -1.062462519514162373e+01
7.829999999999873062e+00 -1.062728976534224756e+01
7.839999999999872848e+00 -1.062933718910487180e+01
7.849999999999872635e+00 -1.063074975896846119e+01
7.859999999999872422e+00 -1.063151312474532162e+01
7.869999999999872209e+00 -1.063161613361882907e+01
7.879999999999871996e+00 -1.063105014941756110e+01
7.889999999999871783e+00 -1.062980970948931869e+01
7.899999999999871569e+00 -1.062789392474098094e+01
7.909999999999871356e+00 -1.062530736454694846e+01
7.919999999999871143e+00 -1.062206055867137700e+01
7.929999999999870930e+00 -1.061817007154693293e+01
7.939999999999870717e+00 -1.061365816061629630e+01
7.949999999999870504e+00 -1.060855213125319629e+01
7.959999999999870290e+00 -1.060288350150384318e+01
7.969999999999870077e+00 -1.059668711797170104e+01
7.979999999999869864e+00 -1.059000032376539480e+01
7.989999999999869651e+00 -1.058286225406993530e+01
7.999999999999869438e+00 -1.057531328285418759e+01
8.009999999999870113e+00 -1.056739461470949237e+01
8.019999999999869900e+00 -1.055914798442729996e+01
8.029999999999869686e+00 -1.055061542265020336e+01
8.039999999999869473e+00 -1.054183904443598330e+01
8.049999999999869260e+00 -1.053286083638191073e+01
8.059999999999869047e+00 -1.052372243157831733e+01
8.069999999999868834e+00 -1.051446488369642296e+01
8.079999999999868621e+00 -1.050512845946141915e+01
8.089999999999868407e+00 -1.049575247758748020e+01
8.099999999999868194e+00 -1.048637520592509809e+01
8.109999999999867981e+00 -1.047703377845810735e+01
8.119999999999867768e+00 -1.046776429116475526e+01
8.129999999999867555e+00 -1.045860228686749949e+01
8.139999999999867342e+00 -1.044958733226210690e+01
8.149999999999867129e+00 -1.044076793598478403e+01
8.159999999999866915e+00 -1.043220089436669085e+01
8.169999999999866702e+00 -1.042394662336196021e+01
8.179999999999866489e+00 -1.041606103768943115e+01
8.189999999999866276e+00 -1.040858959112954629e+01
8.199999999999866063e+00 -1.040156521490276376e+01
8.209999999999865850e+00 -1.039500852310821699e+01
8.219999999999865636e+00 -1.038892841913972553e+01
8.229999999999865423e+00 -1.038332249531236151e+01
8.239999999999865210e+00 -1.037818053559899489e+01
8.249999999999864997e+00 -1.037348951966146160e+01
8.259999999999864784e+00 -1.036923797896618993e+01
8.269999999999864571e+00 -1.036541863704550615e+01
8.279999999999864357e+00 -1.036202895661154777e+01
8.289999999999864144e+00 -1.035907066222644701e+01
8.299999999999863931e+00 -1.035654862734076609e+01
8.309999999999863718e+00 -1.035446934540570929e+01
8.319999999999863505e+00 -1.035283948049772462e+01
8.329999999999863292e+00 -1.035166469005531376e+01
8.339999999999863078e+00 -1.035094886967069172e+01
8.349999999999862865e+00 -1.035069397198954810e+01
8.359999999999862652e+00 -1.035090169340376498e+01
8.369999999999862439e+00 -1.035157589843035630e+01
8.379999999999862226e+00 -1.035272249894608620e+01
8.389999999999862013e+00 -1.035434814313357421e+01
8.399999999999861799e+00 -1.035645929601188087e+01
8.409999999999861586e+00 -1.035906113958158947e+01
8.419999999999861373e+00 -1.036215651345554178e+01
8.429999999999861160e+00 -1.036574504771681582e+01
8.439999999999860947e+00 -1.036982243479302568e+01
8.449999999999860734e+00 -1.037437948646914521e+01
8.459999999999860520e+00 -1.037940151442930770e+01
8.469999999999860307e+00 -1.038486791343633620e+01
8.479999999999860094e+00 -1.039075032401333054e+01
8.489999999999859881e+00 -1.039701234324708068e+01
8.499999999999859668e+00 -1.040361459031921143e+01
8.509999999999859455e+00 -1.041051978969028369e+01
8.519999999999859241e+00 -1.041769279750963761e+01
8.529999999999859028e+00 -1.042509882136169708e+01
8.539999999999858815e+00 -1.043270219418247358e+01
8.549999999999858602e+00 -1.044046546970343670e+01
8.559999999999858389e+00 -1.044834914013759608e+01
8.569999999999858176e+00 -1.045631205790240514e+01
8.579999999999857963e+00 -1.046431246452713637e+01
8.589999999999857749e+00 -1.047230939339712386e+01
8.599999999999857536e+00 -1.048026415055328719e+01
8.609999999999857323e+00 -1.048814158223205872e+01
8.619999999999857110e+00 -1.049591091241240548e+01
8.629999999999856897e+00 -1.050354603151034993e+01
8.639999999999856684e+00 -1.051102523906101283e+01
8.649999999999856470e+00 -1.051833053371369431e+01
8.659999999999856257e+00 -1.052544661609387333e+01
8.669999999999856044e+00 -1.053235978749768798e+01
8.679999999999855831e+00 -1.053905691892746965e+01
8.689999999999855618e+00 -1.054552461589286416e+01
8.699999999999855405e+00 -1.055174865074425483e+01
8.709999999999855191e+00 -1.055771367052737908e+01
8.719999999999854978e+00 -1.056340314488297238e+01
8.729999999999854765e+00 -1.056879948561620886e+01
8.739999999999854552e+00 -1.057388426553364624e+01
8.749999999999854339e+00 -1.057863847056151663e+01
8.759999999999854126e+00 -1.058304274511060861e+01
8.769999999999853912e+00 -1.058707761339149656e+01
8.779999999999853699e+00 -1.059072368670932818e+01
8.789999999999853486e+00 -1.059396187837227643e+01
8.799999999999853273e+00 -1.059677365630378354e+01
8.809999999999853060e+00 -1.059914135395709600e+01
8.819999999999852847e+00 -1.060104855060921913e+01
8.829999999999852633e+00 -1.060248051130617419e+01
8.839999999999852420e+00 -1.060342466434435771e+01
8.849999999999852207e+00 -1.060387100851885833e+01
8.859999999999851994e+00 -1.060381183576045316e+01
8.869999999999851781e+00 -1.060324131363908684e+01
8.879999999999851568e+00 -1.060215622142169600e+01
8.889999999999851354e+00 -1.060055696485117060e+01
8.899999999999851141e+00 -1.059844811233988970e+01
8.909999999999850928e+00 -1.059583869504977294e+01
8.919999999999850715e+00 -1.059274218259067979e+01
8.929999999999850502e+00 -1.058917617964508473e+01
8.939999999999850289e+00 -1.058516192543892842e+01
8.949999999999850075e+00 -1.058072368327603918e+01
8.959999999999849862e+00 -1.057588811552917818e+01
8.969999999999849649e+00 -1.057068371002348250e+01
8.979999999999849436e+00 -1.056514030172370511e+01
8.989999999999849223e+00 -1.055928869837433126e+01
8.999999999999849010e+00 -1.055316039935816796e+01
9.009999999999848797e+00 -1.054678737826980317e+01
9.019999999999848583e+00 -1.054020189990748868e+01
9.029999999999848370e+00 -1.053343634405262819e+01
9.039999999999848157e+00 -1.052652302342504953e+01
9.049999999999847944e+00 -1.051949399321491541e+01
9.059999999999847731e+00 -1.051238086452174336e+01
9.069999999999847518e+00 -1.050521463810907363e+01
9.079999999999847304e+00 -1.049802557930038382e+01
9.089999999999847091e+00 -1.049084313712444683e+01
9.099999999999846878e+00 -1.048369588295604338e+01
9.109999999999846665e+00 -1.047661160727983010e+01
9.119999999999846452e+00 -1.046961770374824496e+01
9.129999999999846239e+00 -1.046274421883442685e+01
9.139999999999846025e+00 -1.045602765222873387e+01
9.149999999999845812e+00 -1.044951049239102581e+01
9.159999999999845599e+00 -1.044323772891296187e+01
9.169999999999845386e+00 -1.043725144160524465e+01
9.179999999999845173e+00 -1.043158675227856591e+01
9.189999999999844960e+00 -1.042627026379324562e+01
9.199999999999844746e+00 -1.042131925521239566e+01
9.209999999999844533e+00 -1.041674277269157045e+01
9.219999999999844320e+00 -1.041254234739453288e+01
9.229999999999844107e+00 -1.040871272067001030e+01
9.239999999999843894e+00 -1.040524450410007873e+01
9.249999999999843681e+00 -1.040212741845439837e+01
9.259999999999843467e+00 -1.039935292605144390e+01
9.269999999999843254e+00 -1.039691548696471202e+01
9.279999999999843041e+00 -1.039481256460664049e+01
9.289999999999842828e+00 -1.039304413764727286e+01
9.299999999999842615e+00 -1.039161200234658544e+01
9.309999999999842402e+00 -1.039051893225699885e+01
9.319999999999842188e+00 -1.038976790749295809e+01
9.329999999999841975e+00 -1.038936158000358922e+01
9.339999999999841762e+00 -1.038930239516997389e+01
9.349999999999841549e+00 -1.038959390831720597e+01
9.359999999999841336e+00 -1.039024170388624313e+01
9.369999999999841123e+00 -1.039125246868948516e+01
9.379999999999840909e+00 -1.039263278664540913e+01
9.389999999999840696e+00 -1.039438834888891705e+01
9.399999999999840483e+00 -1.039652319585133178e+01
9.409999999999840270e+00 -1.039903912830415500e+01
9.419999999999840057e+00 -1.040193524830160854e+01
9.429999999999839844e+00 -1.040520725499549215e+01
9.439999999999839631e+00 -1.040884709556343601e+01
9.449999999999839417e+00 -1.041284296352760741e+01
9.459999999999839204e+00 -1.041717784597080687e+01
9.469999999999838991e+00 -1.042182808615942058e+01
9.479999999999838778e+00 -1.042676590502074774e+01
9.489999999999838565e+00 -1.043196358830204495e+01
9.499999999999838352e+00 -1.043739410864342787e+01
9.509999999999838138e+00 -1.044302980731454333e+01
9.519999999999837925e+00 -1.044884167704866584e+01
9.529999999999837712e+00 -1.045479892682853773e+01
9.539999999999837499e+00 -1.046086897143758065e+01
9.549999999999837286e+00 -1.046701791292877814e+01
9.559999999999837073e+00 -1.047321142256697613e+01
9.569999999999836859e+00 -1.047941585940105824e+01
9.579999999999836646e+00 -1.048559941443582311e+01
9.589999999999836433e+00 -1.049173308087099876e+01
9.599999999999836220e+00 -1.049779130072905353e+01
9.609999999999836007e+00 -1.050375221108209622e+01
9.619999999999835794e+00 -1.050959749248848318e+01
9.629999999999835580e+00 -1.051531188866654887e+01
9.639999999999835367e+00 -1.052088251015383413e+01
9.649999999999835154e+00 -1.052629805062502300e+01
9.659999999999834941e+00 -1.053154803351888980e+01
9.669999999999834728e+00 -1.053662217777672083e+01
9.679999999999834515e+00 -1.054150993118793700e+01
9.689999999999834301e+00 -1.054620018178311014e+01
9.699999999999834088e+00 -1.055068112534268820e+01
9.709999999999833875e+00 -1.055494024989337021e+01
9.719999999999833662e+00 -1.055896439209846882e+01
9.729999999999833449e+00 -1.056273982876407302e+01
9.739999999999833236e+00 -1.056625237977891096e+01
9.749999999999833022e+00 -1.056948751684222820e+01
9.759999999999832809e+00 -1.057243048529846163e+01
9.769999999999832596e+00 -1.057506645628650688e+01
9.779999999999832383e+00 -1.057738072643441640e+01
9.789999999999832170e+00 -1.057935897829180938e+01
9.799999999999831957e+00 -1.058098760318237730e+01
9.809999999999831743e+00 -1.058225407733656098e+01
9.819999999999831530e+00 -1.058314736958762481e+01
9.829999999999831317e+00 -1.058365835226392271e+01
9.839999999999831104e+00 -1.058377981698868275e+01
9.849999999999830891e+00 -1.058350616052581472e+01
9.859999999999830678e+00 -1.058283367137078379e+01
9.869999999999830465e+00 -1.058176130508246793e+01
9.879999999999830251e+00 -1.058029124073875415e+01
9.889999999999830038e+00 -1.057842917927955817e+01
9.899999999999829825e+00 -1.057618440567887852e+01
9.909999999999829612e+00 -1.057356961083622160e+01
9.919999999999829399e+00 -1.057060053321308679e+01
9.929999999999829186e+00 -1.056729548640229055e+01
9.939999999999828972e+00 -1.056367484939774393e+01
9.949999999999828759e+00 -1.055976057982385541e+01
9.959999999999828546e+00 -1.055557579215576958e+01
9.969999999999828333e+00 -1.055114441806604475e+01
9.979999999999828120e+00 -1.054649094570651791e+01
9.989999999999827907e+00 -1.054164022051572580e+01
9.999999999999827693e+00 -1.053661728396854080e+01
1.000999999999982748e+01 -1.053144722882723094e+01
