0.000000000000000000e+00 7.604559788455238917e-04
1.000000000000000021e-02 4.043906136292741116e-06
2.000000000000000042e-02 -3.723711799696646785e-03
2.999999999999999889e-02 -1.318602090597856269e-02
4.000000000000000083e-02 -3.076379461615455155e-02
5.000000000000000278e-02 -5.834184255438581296e-02
6.000000000000000472e-02 -9.726929104450554586e-02
7.000000000000000666e-02 -1.483926671959946986e-01
8.000000000000000167e-02 -2.121454039257259228e-01
8.999999999999999667e-02 -2.886669087122614163e-01
9.999999999999999167e-02 -3.779204272510525153e-01
1.099999999999999867e-01 -4.797821645775104948e-01
1.199999999999999817e-01 -5.940834087584361267e-01
1.299999999999999767e-01 -7.206010656189409946e-01
1.399999999999999856e-01 -8.590061570617983921e-01
1.499999999999999944e-01 -1.008791286139257837e+00
1.600000000000000033e-01 -1.169204330749410881e+00
1.700000000000000122e-01 -1.339216864538423257e+00
1.800000000000000211e-01 -1.517544636458630691e+00
1.900000000000000300e-01 -1.702649567122221708e+00
2.000000000000000389e-01 -1.892817339953930089e+00
2.100000000000000477e-01 -2.087327169599456411e+00
2.200000000000000566e-01 -2.288188177876385510e+00
2.300000000000000655e-01 -2.499569588509451989e+00
2.400000000000000744e-01 -2.725673677753202018e+00
2.500000000000000555e-01 -2.969834530111898907e+00
2.600000000000000644e-01 -3.234246836622709509e+00
2.700000000000000733e-01 -3.519623039704214751e+00
2.800000000000000822e-01 -3.825407292379996438e+00
2.900000000000000910e-01 -4.150469247477572843e+00
3.000000000000000999e-01 -4.493515375313145377e+00
3.100000000000001088e-01 -4.853091457619564508e+00
3.200000000000001177e-01 -5.227669581797416143e+00
3.300000000000001266e-01 -5.615723250869156580e+00
3.400000000000001354e-01 -6.015691900832511152e+00
3.500000000000001443e-01 -6.425934059136005239e+00
3.600000000000001532e-01 -6.844617005035953383e+00
3.700000000000001621e-01 -7.269477981088491525e+00
3.800000000000001710e-01 -7.697861340640196559e+00
3.900000000000001799e-01 -8.126952086523369090e+00
4.000000000000001887e-01 -8.553736236963761286e+00
4.100000000000001976e-01 -8.975154416920005929e+00
4.200000000000002065e-01 -9.388295987415153476e+00
4.300000000000002154e-01 -9.790221717664641332e+00
4.400000000000002243e-01 -1.017765151678917768e+01
4.500000000000002331e-01 -1.054694445173510076e+01
4.600000000000002420e-01 -1.089449838892728906e+01
4.700000000000002509e-01 -1.121685248410330438e+01
4.800000000000002598e-01 -1.151153571545378362e+01
4.900000000000002687e-01 -1.177831741909124830e+01
5.000000000000002220e-01 -1.201852445556363058e+01
5.100000000000002309e-01 -1.223390623304763736e+01
5.200000000000002398e-01 -1.242623187897427783e+01
5.300000000000002487e-01 -1.259710504238636730e+01
5.400000000000002576e-01 -1.274795217849907480e+01
5.500000000000002665e-01 -1.287999229951579139e+01
5.600000000000002753e-01 -1.299416080779688265e+01
5.700000000000002842e-01 -1.309104667498322172e+01
5.800000000000002931e-01 -1.317100991374473473e+01
5.900000000000003020e-01 -1.323416363265243945e+01
6.000000000000003109e-01 -1.328049308110154492e+01
6.100000000000003197e-01 -1.331013250513213286e+01
6.200000000000003286e-01 -1.332347561169502193e+01
6.300000000000003375e-01 -1.332153664198525789e+01
6.400000000000003464e-01 -1.330609534817416417e+01
6.500000000000003553e-01 -1.327954890767204255e+01
6.600000000000003642e-01 -1.324485097834232583e+01
6.700000000000003730e-01 -1.320522832995407647e+01
6.800000000000003819e-01 -1.316386776635600953e+01
6.900000000000003908e-01 -1.312362172370179181e+01
7.000000000000003997e-01 -1.308673313919815939e+01
7.100000000000004086e-01 -1.305480433450094324e+01
7.200000000000004174e-01 -1.302871739651894956e+01
7.300000000000004263e-01 -1.300856983292301727e+01
7.400000000000004352e-01 -1.299383303168672299e+01
7.500000000000004441e-01 -1.298348821144981358e+01
7.600000000000004530e-01 -1.297616306422921362e+01
7.700000000000004619e-01 -1.297046230085895502e+01
7.800000000000004707e-01 -1.296526605330267934e+01
7.900000000000004796e-01 -1.295996204511413374e+01
8.000000000000004885e-01 -1.295458571983150087e+01
8.100000000000004974e-01 -1.294958599953913847e+01
8.200000000000005063e-01 -1.294540336821222759e+01
8.300000000000005151e-01 -1.294189653121176065e+01
8.400000000000005240e-01 -1.293773049631361438e+01
8.500000000000005329e-01 -1.293011143373837690e+01
8.600000000000005418e-01 -1.291496825412779081e+01
8.700000000000005507e-01 -1.288740335599008269e+01
8.800000000000005596e-01 -1.284244239885720695e+01
8.900000000000005684e-01 -1.277599021541123570e+01
9.000000000000005773e-01 -1.268537402770326494e+01
9.100000000000005862e-01 -1.256973038978514623e+01
9.200000000000005951e-01 -1.243036967417041971e+01
9.300000000000006040e-01 -1.227058731948324422e+01
9.400000000000006128e-01 -1.209522052429012540e+01
9.500000000000006217e-01 -1.191009340879839584e+01
9.600000000000006306e-01 -1.172109912444276070e+01
9.700000000000006395e-01 -1.153337634937065204e+01
9.800000000000006484e-01 -1.135094945134680700e+01
9.900000000000006573e-01 -1.117653259142251443e+01
1.000000000000000666e+00 -1.101171410265756201e+01
1.010000000000000675e+00 -1.085743868060542283e+01
1.020000000000000684e+00 -1.071406035257757594e+01
1.030000000000000693e+00 -1.058142244864281523e+01
1.040000000000000702e+00 -1.045934958317111274e+01
1.050000000000000711e+00 -1.034814921553597422e+01
1.060000000000000719e+00 -1.024881841962815798e+01
1.070000000000000728e+00 -1.016280840889819004e+01
1.080000000000000737e+00 -1.009164544460752033e+01
1.090000000000000746e+00 -1.003665769332134516e+01
1.100000000000000755e+00 -9.998559523072394484e+00
1.110000000000000764e+00 -9.976951830120462716e+00
1.120000000000000773e+00 -9.970197564860541206e+00
1.130000000000000782e+00 -9.975408812057915853e+00
1.140000000000000790e+00 -9.988450445880918238e+00
1.150000000000000799e+00 -1.000453158092166106e+01
1.160000000000000808e+00 -1.001898553881870058e+01
1.170000000000000817e+00 -1.002766277106147541e+01
1.180000000000000826e+00 -1.002735008745313827e+01
1.190000000000000835e+00 -1.001629313953514533e+01
1.200000000000000844e+00 -9.994326140077300025e+00
1.210000000000000853e+00 -9.962715857087035332e+00
1.220000000000000862e+00 -9.923921099381464828e+00
1.230000000000000870e+00 -9.881002198166648043e+00
1.240000000000000879e+00 -9.836838086783270541e+00
1.250000000000000888e+00 -9.793593191795665120e+00
1.260000000000000897e+00 -9.752365683870447555e+00
1.261000000000000787e+00 -9.748365881882815387e+00
1.262000000000000677e+00 -9.744386023741736125e+00
1.263000000000000567e+00 -9.740424791806002958e+00
1.264000000000000457e+00 -9.736480609317936796e+00
1.265000000000000346e+00 -9.732552065374020955e+00
1.266000000000000236e+00 -9.728637732053803333e+00
1.267000000000000126e+00 -9.724735839151090744e+00
1.268000000000000016e+00 -9.720844479529446858e+00
1.268999999999999906e+00 -9.716961736248652670e+00
1.269999999999999796e+00 -9.713085537342688980e+00
1.279999999999999805e+00 -9.673966628998917017e+00
1.289999999999999813e+00 -9.632939069661242470e+00
1.299999999999999822e+00 -9.587900900374894064e+00
1.309999999999999831e+00 -9.537491856160295711e+00
1.319999999999999840e+00 -9.481797547370074852e+00
1.329999999999999849e+00 -9.422769276182457077e+00
1.339999999999999858e+00 -9.364240546963708667e+00
1.349999999999999867e+00 -9.311509033285409132e+00
1.359999999999999876e+00 -9.270543172755006722e+00
1.369999999999999885e+00 -9.247002041132079242e+00
1.379999999999999893e+00 -9.245207967741974286e+00
1.389999999999999902e+00 -9.267331886932348439e+00
1.399999999999999911e+00 -9.313055714284232067e+00
1.409999999999999920e+00 -9.379646855656710969e+00
1.419999999999999929e+00 -9.462471588267252542e+00
1.429999999999999938e+00 -9.555963056634599440e+00
1.439999999999999947e+00 -9.654643120635915565e+00
1.449999999999999956e+00 -9.754017805743394831e+00
1.459999999999999964e+00 -9.851215211025051488e+00
1.469999999999999973e+00 -9.945142858918991635e+00
1.479999999999999982e+00 -1.003620349580917370e+01
1.489999999999999991e+00 -1.012577584714133394e+01
1.500000000000000000e+00 -1.021546854755783151e+01
1.510000000000000009e+00 -1.030616258548468345e+01
1.520000000000000018e+00 -1.039743880767333195e+01
1.520999999999999908e+00 -1.040656276804468661e+01
1.521999999999999797e+00 -1.041567501953802477e+01
1.522999999999999687e+00 -1.042477246949449565e+01
1.523999999999999577e+00 -1.043385198438955186e+01
1.524999999999999467e+00 -1.044291034439330623e+01
1.525999999999999357e+00 -1.045194420634535604e+01
1.526999999999999247e+00 -1.046094995872262601e+01
1.527999999999999137e+00 -1.046992351307910063e+01
1.528999999999999027e+00 -1.047886064923323346e+01
1.529999999999998916e+00 -1.048775729296089310e+01
1.539999999999998925e+00 -1.057328786765006079e+01
1.549999999999998934e+00 -1.065042969919582561e+01
1.559999999999998943e+00 -1.071552488989276597e+01
1.560999999999998833e+00 -1.072126971881280788e+01
1.561999999999998723e+00 -1.072686061507427979e+01
1.562999999999998613e+00 -1.073229587483915104e+01
1.563999999999998503e+00 -1.073757370320802629e+01
1.564999999999998392e+00 -1.074269255557655001e+01
1.565999999999998282e+00 -1.074765121649535438e+01
1.566999999999998172e+00 -1.075244884306561666e+01
1.567999999999998062e+00 -1.075708516130675463e+01
1.568999999999997952e+00 -1.076156052237024241e+01
1.569999999999997842e+00 -1.076587540938549381e+01
1.579999999999997851e+00 -1.080055181046716584e+01
1.580099999999997840e+00 -1.080082113285447853e+01
1.580199999999997829e+00 -1.080108899280295631e+01
1.580299999999997818e+00 -1.080135539246569820e+01
1.580399999999997807e+00 -1.080162033330639204e+01
1.580499999999997796e+00 -1.080188381652670060e+01
1.580599999999997785e+00 -1.080214584340748907e+01
1.580699999999997774e+00 -1.080240641510655131e+01
1.580799999999997763e+00 -1.080266553253950335e+01
1.580899999999997751e+00 -1.080292319692718905e+01
1.580999999999997740e+00 -1.080317941021029604e+01
1.581999999999997630e+00 -1.080566256462878805e+01
1.582999999999997520e+00 -1.080800389180703469e+01
1.583999999999997410e+00 -1.081020664716455393e+01
1.584999999999997300e+00 -1.081227394642655604e+01
1.585999999999997190e+00 -1.081420915895013302e+01
1.586999999999997080e+00 -1.081601610182526230e+01
1.587999999999996970e+00 -1.081769845719985668e+01
1.588999999999996859e+00 -1.081926003583691198e+01
1.589999999999996749e+00 -1.082070536543778516e+01
1.590999999999996639e+00 -1.082203950802090553e+01
1.600999999999996648e+00 -1.083094519093570618e+01
1.601999999999996538e+00 -1.083142310724474200e+01
1.602999999999996428e+00 -1.083185723277190071e+01
1.603999999999996318e+00 -1.083225358203104172e+01
1.604999999999996207e+00 -1.083261845625035846e+01
1.605999999999996097e+00 -1.083295834613729980e+01
1.606999999999995987e+00 -1.083327965359851852e+01
1.607999999999995877e+00 -1.083358871939812218e+01
1.608999999999995767e+00 -1.083389203085345720e+01
1.609999999999995657e+00 -1.083419586641133847e+01
1.610999999999995547e+00 -1.083450611017256371e+01
1.611999999999995437e+00 -1.083482884147573522e+01
1.612999999999995326e+00 -1.083517039498019763e+01
1.613999999999995216e+00 -1.083553706916698545e+01
1.614999999999995106e+00 -1.083593551903448748e+01
1.615999999999994996e+00 -1.083637261412888897e+01
1.616999999999994886e+00 -1.083685449308775972e+01
1.617999999999994776e+00 -1.083738684259607510e+01
1.618999999999994666e+00 -1.083797556444511123e+01
1.619999999999994555e+00 -1.083862632840210338e+01
1.620999999999994445e+00 -1.083934464608080717e+01
1.621999999999994335e+00 -1.084013632546171912e+01
1.622999999999994225e+00 -1.084100714826021594e+01
1.623999999999994115e+00 -1.084196264865303938e+01
1.624999999999994005e+00 -1.084300806596748856e+01
1.625999999999993895e+00 -1.084414837438244916e+01
1.626999999999993785e+00 -1.084538823683446296e+01
1.627999999999993674e+00 -1.084673189016024786e+01
1.628999999999993564e+00 -1.084818358466334409e+01
1.629999999999993454e+00 -1.084974772512073748e+01
1.630999999999993344e+00 -1.085142844480226287e+01
1.640999999999993353e+00 -1.087543101854818950e+01
1.650999999999993362e+00 -1.091326041709553785e+01
1.660999999999993371e+00 -1.096508322584462292e+01
1.670999999999993380e+00 -1.102900642480352644e+01
1.680999999999993388e+00 -1.110164320384738090e+01
1.690999999999993397e+00 -1.117905495050945675e+01
1.700999999999993406e+00 -1.125754654464662607e+01
1.710999999999993415e+00 -1.133435908599667030e+01
1.720999999999993424e+00 -1.140820232692041181e+01
1.730999999999993433e+00 -1.147924814996102860e+01
1.740999999999993442e+00 -1.154866800495596912e+01
1.750999999999993451e+00 -1.161811587082573283e+01
1.760999999999993459e+00 -1.168899406331377833e+01
1.770999999999993468e+00 -1.176161237319951702e+01
1.780999999999993477e+00 -1.183485381951308391e+01
1.790999999999993486e+00 -1.190605140336930212e+01
1.800999999999993495e+00 -1.197101213910764628e+01
1.810999999999993504e+00 -1.202473248692656149e+01
1.820999999999993513e+00 -1.206238722249742423e+01
1.830999999999993522e+00 -1.208018288356521275e+01
1.840999999999993531e+00 -1.207620626810273201e+01
1.850999999999993539e+00 -1.205088464283237926e+01
1.860999999999993548e+00 -1.200681388050268694e+01
1.870999999999993557e+00 -1.194836927439987484e+01
1.880999999999993566e+00 -1.188103378384765740e+01
1.890999999999993575e+00 -1.181037292594838917e+01
1.900999999999993584e+00 -1.174121414532853080e+01
1.910999999999993593e+00 -1.167699352646702415e+01
1.920999999999993602e+00 -1.161925011307303102e+01
1.930999999999993610e+00 -1.156767875477797247e+01
1.940999999999993619e+00 -1.152063865209814608e+01
1.950999999999993628e+00 -1.147575545538392561e+01
1.960999999999993637e+00 -1.143074846587470184e+01
1.970999999999993646e+00 -1.138422797851602120e+01
1.980999999999993655e+00 -1.133605697789477418e+01
1.990999999999993664e+00 -1.128750457934735785e+01
2.000999999999993673e+00 -1.124099227151556413e+01
2.010999999999993459e+00 -1.119933143567224576e+01
2.020999999999993246e+00 -1.116490499044009788e+01
2.030999999999993033e+00 -1.113894733817233096e+01
2.040999999999992820e+00 -1.112095274790725163e+01
2.050999999999992607e+00 -1.110849233087268573e+01
2.060999999999992394e+00 -1.109754444657127515e+01
2.070999999999992180e+00 -1.108311706461948098e+01
2.080999999999991967e+00 -1.106014376304287516e+01
2.090999999999991754e+00 -1.102450182006511348e+01
2.100999999999991541e+00 -1.097370102266267011e+01
2.110999999999991328e+00 -1.090730068722315238e+01
2.120999999999991115e+00 -1.082707527902899969e+01
2.130999999999990902e+00 -1.073665314398128245e+01
2.140999999999990688e+00 -1.064073178453022450e+01
2.150999999999990475e+00 -1.054417050441671755e+01
2.160999999999990262e+00 -1.045114291969384901e+01
2.170999999999990049e+00 -1.036450927858536986e+01
2.180999999999989836e+00 -1.028550710990857198e+01
2.190999999999989623e+00 -1.021380296961190837e+01
2.200999999999989409e+00 -1.014786931915552692e+01
2.210999999999989196e+00 -1.008562728675327236e+01
2.220999999999988983e+00 -1.002524197254371430e+01
2.230999999999988770e+00 -9.965854176235994899e+00
2.240999999999988557e+00 -9.908055722227214090e+00
2.250999999999988344e+00 -9.853938119647999372e+00
2.260999999999988130e+00 -9.806713643579261230e+00
2.270999999999987917e+00 -9.770084256777744613e+00
2.280999999999987704e+00 -9.747429222749477873e+00
2.290999999999987491e+00 -9.740968030936713262e+00
2.300999999999987278e+00 -9.751166354225487609e+00
2.310999999999987065e+00 -9.776438723170127076e+00
2.320999999999986851e+00 -9.813266546758613984e+00
2.330999999999986638e+00 -9.856788331653520530e+00
2.340999999999986425e+00 -9.901631499513280588e+00
2.350999999999986212e+00 -9.942766358403764215e+00
2.360999999999985999e+00 -9.976321397125213153e+00
2.370999999999985786e+00 -1.000018133767274442e+01
2.380999999999985572e+00 -1.001417430834697875e+01
2.390999999999985359e+00 -1.001992017875010710e+01
2.400999999999985146e+00 -1.002037998493844917e+01
2.410999999999984933e+00 -1.001905555862427732e+01
2.420999999999984720e+00 -1.001909809019086062e+01
2.430999999999984507e+00 -1.002263706958322231e+01
2.440999999999984293e+00 -1.003037212166953651e+01
2.450999999999984080e+00 -1.004156823399223342e+01
2.460999999999983867e+00 -1.005445931893831180e+01
2.470999999999983654e+00 -1.006689158958138286e+01
2.480999999999983441e+00 -1.007708224935764996e+01
2.490999999999983228e+00 -1.008426930700568924e+01
2.500999999999983014e+00 -1.008921741076763290e+01
2.510999999999982801e+00 -1.009436232910782927e+01
2.520999999999982588e+00 -1.010339651767082714e+01
2.530999999999982375e+00 -1.012057299311172187e+01
2.540999999999982162e+00 -1.014994818475946303e+01
2.550999999999981949e+00 -1.019449879795515024e+01
2.560999999999981735e+00 -1.025534817522945197e+01
2.570999999999981522e+00 -1.033152879598611129e+01
2.580999999999981309e+00 -1.042007061658659417e+01
2.590999999999981096e+00 -1.051638661941718844e+01
2.600999999999980883e+00 -1.061516082496681967e+01
2.610999999999980670e+00 -1.071129242035659246e+01
2.620999999999980457e+00 -1.080062997549598869e+01
2.630999999999980243e+00 -1.088065161224771060e+01
2.640999999999980030e+00 -1.095073320927271610e+01
2.650999999999979817e+00 -1.101182317062087712e+01
2.660999999999979604e+00 -1.106595495675620811e+01
2.670999999999979391e+00 -1.111561357408426076e+01
2.680999999999979178e+00 -1.116286716070301921e+01
2.690999999999978964e+00 -1.120877296154253955e+01
2.700999999999978751e+00 -1.125311666945665046e+01
2.710999999999978538e+00 -1.129432027755028756e+01
2.720999999999978325e+00 -1.132982774110443991e+01
2.730999999999978112e+00 -1.135688912173823439e+01
2.740999999999977899e+00 -1.137329323123599600e+01
2.750999999999977685e+00 -1.137801476480054319e+01
2.760999999999977472e+00 -1.137175032237809269e+01
2.770999999999977259e+00 -1.135696292199588875e+01
2.780999999999977046e+00 -1.133757994466821017e+01
2.790999999999976833e+00 -1.131845535605254405e+01
2.800999999999976620e+00 -1.130454087245171735e+01
2.810999999999976406e+00 -1.129995581104104119e+01
2.820999999999976193e+00 -1.130719213337392581e+01
2.830999999999975980e+00 -1.132670064406792321e+01
2.840999999999975767e+00 -1.135685739704724817e+01
2.850999999999975554e+00 -1.139434633093463312e+01
2.860999999999975341e+00 -1.143489922739982489e+01
2.870999999999975127e+00 -1.147415817124175597e+01
2.880999999999974914e+00 -1.150845756136685694e+01
2.890999999999974701e+00 -1.153541942082432215e+01
2.900999999999974488e+00 -1.155426814853118600e+01
2.910999999999974275e+00 -1.156569400342989518e+01
2.920999999999974062e+00 -1.157138818527499602e+01
2.930999999999973848e+00 -1.157338194198003656e+01
2.940999999999973635e+00 -1.157325020967241080e+01
2.950999999999973422e+00 -1.157150349219117302e+01
2.960999999999973209e+00 -1.156731632449137237e+01
2.970999999999972996e+00 -1.155854492578902359e+01
2.980999999999972783e+00 -1.154209958228916300e+01
2.990999999999972569e+00 -1.151468620416922661e+01
3.000999999999972356e+00 -1.147358022461982685e+01
3.010999999999972143e+00 -1.141740217707887339e+01
3.020999999999971930e+00 -1.134673372211691955e+01
3.030999999999971717e+00 -1.126414706661419807e+01
3.040999999999971504e+00 -1.117391918201833789e+01
3.050999999999971291e+00 -1.108144578916513545e+01
3.060999999999971077e+00 -1.099229215397896908e+01
3.070999999999970864e+00 -1.091128062624980544e+01
3.080999999999970651e+00 -1.084181293548850178e+01
3.090999999999970438e+00 -1.078532456202741230e+01
3.100999999999970225e+00 -1.074111610541204698e+01
3.110999999999970012e+00 -1.070682694763805820e+01
3.120999999999969798e+00 -1.067909979459796332e+01
3.130999999999969585e+00 -1.065441758651981807e+01
3.140999999999969372e+00 -1.063012758095725552e+01
3.150999999999969159e+00 -1.060495826424249621e+01
3.160999999999968946e+00 -1.057905673590085094e+01
3.170999999999968733e+00 -1.055383286834264389e+01
3.180999999999968519e+00 -1.053139640175404068e+01
3.190999999999968306e+00 -1.051375448544392910e+01
3.200999999999968093e+00 -1.050225079353605118e+01
3.210999999999967880e+00 -1.049703627932615646e+01
3.220999999999967667e+00 -1.049664867785315359e+01
3.230999999999967454e+00 -1.049820494560681894e+01
3.240999999999967240e+00 -1.049791703934692144e+01
3.250999999999967027e+00 -1.049169842144685916e+01
3.260999999999966814e+00 -1.047598604394121402e+01
3.270999999999966601e+00 -1.044856684090860988e+01
3.280999999999966388e+00 -1.040898352546598460e+01
3.290999999999966175e+00 -1.035867964155540655e+01
3.300999999999965961e+00 -1.030091270242497181e+01
3.310999999999965748e+00 -1.024007884584272077e+01
3.320999999999965535e+00 -1.018088940199182346e+01
3.330999999999965322e+00 -1.012761768176472721e+01
3.340999999999965109e+00 -1.008333725371489464e+01
3.350999999999964896e+00 -1.004952214853578774e+01
3.360999999999964682e+00 -1.002606123593789356e+01
3.370999999999964469e+00 -1.001153674763038026e+01
3.380999999999964256e+00 -1.000370964979543054e+01
3.390999999999964043e+00 -1.000025673583711061e+01
3.400999999999963830e+00 -9.999481251028187856e+00
3.410999999999963617e+00 -1.000079301602631254e+01
3.420999999999963403e+00 -1.000498491651751110e+01
3.430999999999963190e+00 -1.001400603369242859e+01
3.440999999999962977e+00 -1.003037951628326319e+01
3.450999999999962764e+00 -1.005652924729847797e+01
3.460999999999962551e+00 -1.009401677021114985e+01
3.470999999999962338e+00 -1.014294712466389115e+01
3.480999999999962125e+00 -1.020176278782298063e+01
3.490999999999961911e+00 -1.026731691610602404e+01
3.500999999999961698e+00 -1.033520945441165750e+01
3.510999999999961485e+00 -1.040056732470647383e+01
3.520999999999961272e+00 -1.045889509084384272e+01
3.530999999999961059e+00 -1.050680885726038838e+01
3.540999999999960846e+00 -1.054268695808502088e+01
3.550999999999960632e+00 -1.056687360953637977e+01
3.560999999999960419e+00 -1.058143499424813605e+01
3.570999999999960206e+00 -1.058971717003453428e+01
3.580999999999959993e+00 -1.059567240953309231e+01
3.590999999999959780e+00 -1.060290690689002879e+01
3.600999999999959567e+00 -1.061396440894101190e+01
3.610999999999959353e+00 -1.062999815856287533e+01
3.620999999999959140e+00 -1.065066174634185714e+01
3.630999999999958927e+00 -1.067442502394165516e+01
3.640999999999958714e+00 -1.069921079942353259e+01
3.650999999999958501e+00 -1.072304697369066773e+01
3.660999999999958288e+00 -1.074464372511186561e+01
3.670999999999958074e+00 -1.076388890434873957e+01
3.680999999999957861e+00 -1.078203277196503507e+01
3.690999999999957648e+00 -1.080145954599638891e+01
3.700999999999957435e+00 -1.082526920854320629e+01
3.710999999999957222e+00 -1.085659597085809480e+01
3.720999999999957009e+00 -1.089775314056030275e+01
3.730999999999956795e+00 -1.094958923893440250e+01
3.740999999999956582e+00 -1.101120202887225830e+01
3.750999999999956369e+00 -1.107996427628445701e+01
3.760999999999956156e+00 -1.115186647223229066e+01
3.770999999999955943e+00 -1.122223831238070346e+01
3.780999999999955730e+00 -1.128651986146888930e+01
3.790999999999955516e+00 -1.134091769435936037e+01
3.800999999999955303e+00 -1.138307703400473869e+01
3.810999999999955090e+00 -1.141245041587024112e+01
3.820999999999954877e+00 -1.143012508930510229e+01
3.830999999999954664e+00 -1.143846211565439397e+01
3.840999999999954451e+00 -1.144049371177118601e+01
3.850999999999954237e+00 -1.143902988481590732e+01
3.860999999999954024e+00 -1.143607112783906921e+01
3.870999999999953811e+00 -1.143246503636592770e+01
3.880999999999953598e+00 -1.142768681222234406e+01
3.890999999999953385e+00 -1.142013410079971969e+01
3.900999999999953172e+00 -1.140774649832829724e+01
3.910999999999952959e+00 -1.138861642961706977e+01
3.920999999999952745e+00 -1.136168128179483539e+01
3.930999999999952532e+00 -1.132733722438858237e+01
3.940999999999952319e+00 -1.128748054666973566e+01
3.950999999999952106e+00 -1.124524761021025476e+01
3.960999999999951893e+00 -1.120464784130736113e+01
3.970999999999951680e+00 -1.116973370243594843e+01
3.980999999999951466e+00 -1.114378134069515092e+01
3.990999999999951253e+00 -1.112872238118558954e+01
4.000999999999951484e+00 -1.112462768042391659e+01
4.010999999999951271e+00 -1.112959870087088987e+01
4.020999999999951058e+00 -1.114023499737710665e+01
4.030999999999950845e+00 -1.115228382718340150e+01
4.040999999999950631e+00 -1.116141641144017349e+01
4.050999999999950418e+00 -1.116412312434463239e+01
4.060999999999950205e+00 -1.115822919374472555e+01
4.070999999999949992e+00 -1.114308647345480097e+01
4.080999999999949779e+00 -1.111959227539498052e+01
4.090999999999949566e+00 -1.108982144420376414e+01
4.100999999999949353e+00 -1.105634659931125441e+01
4.110999999999949139e+00 -1.102155795504824276e+01
4.120999999999948926e+00 -1.098704371994370277e+01
4.130999999999948713e+00 -1.095312405198690975e+01
4.140999999999948500e+00 -1.091886730448621101e+01
4.150999999999948287e+00 -1.088240403638051568e+01
4.160999999999948074e+00 -1.084142438323812208e+01
4.170999999999947860e+00 -1.079393434990450729e+01
4.180999999999947647e+00 -1.073897302642871487e+01
4.190999999999947434e+00 -1.067704516081217747e+01
4.200999999999947221e+00 -1.061024351584630843e+01
4.210999999999947008e+00 -1.054207852646180044e+01
4.220999999999946795e+00 -1.047689466762717636e+01
4.230999999999946581e+00 -1.041903791121482925e+01
4.240999999999946368e+00 -1.037213833322645762e+01
4.250999999999946155e+00 -1.033846952831911281e+01
4.260999999999945942e+00 -1.031853048813960960e+01
4.270999999999945729e+00 -1.031106211679184170e+01
4.280999999999945516e+00 -1.031336834033498029e+01
4.290999999999945302e+00 -1.032185236101884485e+01
4.300999999999945089e+00 -1.033275794694894145e+01
4.310999999999944876e+00 -1.034295891502348930e+01
4.320999999999944663e+00 -1.035051953131630853e+01
4.330999999999944450e+00 -1.035495388020359009e+01
4.340999999999944237e+00 -1.035712602560743356e+01
4.350999999999944023e+00 -1.035880501942568976e+01
4.360999999999943810e+00 -1.036205081748984469e+01
4.370999999999943597e+00 -1.036859660858425336e+01
4.380999999999943384e+00 -1.037929002162688619e+01
4.390999999999943171e+00 -1.039370097666692061e+01
4.400999999999942958e+00 -1.041007044819323468e+01
4.410999999999942744e+00 -1.042558034876381612e+01
4.420999999999942531e+00 -1.043695734798163777e+01
4.430999999999942318e+00 -1.044123809655233792e+01
4.440999999999942105e+00 -1.043651725022118804e+01
4.450999999999941892e+00 -1.042252873749980679e+01
4.460999999999941679e+00 -1.040077417763988521e+01
4.470999999999941465e+00 -1.037431511138536955e+01
4.480999999999941252e+00 -1.034730832827926328e+01
4.490999999999941039e+00 -1.032426178339792777e+01
4.500999999999940826e+00 -1.030920533159983776e+01
4.510999999999940613e+00 -1.030498320517038380e+01
4.520999999999940400e+00 -1.031279426774981900e+01
4.530999999999940187e+00 -1.033205271395653213e+01
4.540999999999939973e+00 -1.036067354779106431e+01
4.550999999999939760e+00 -1.039568236711191673e+01
4.560999999999939547e+00 -1.043393852541799127e+01
4.570999999999939334e+00 -1.047280647580186930e+01
4.580999999999939121e+00 -1.051068915312692020e+01
4.590999999999938908e+00 -1.054731007079231730e+01
4.600999999999938694e+00 -1.058359287072856070e+01
4.610999999999938481e+00 -1.062125914092507628e+01
4.620999999999938268e+00 -1.066223702930501638e+01
4.630999999999938055e+00 -1.070795342285331664e+01
4.640999999999937842e+00 -1.075872912014912686e+01
4.650999999999937629e+00 -1.081356314554533249e+01
4.660999999999937415e+00 -1.087016173694626708e+01
4.670999999999937202e+00 -1.092514745733228487e+01
4.680999999999936989e+00 -1.097472273235449691e+01
4.690999999999936776e+00 -1.101538373650119595e+01
4.700999999999936563e+00 -1.104452331290815614e+01
4.710999999999936350e+00 -1.106108489371387371e+01
4.720999999999936136e+00 -1.106589276156865509e+01
4.730999999999935923e+00 -1.106139511823608146e+01
4.740999999999935710e+00 -1.105118853517115696e+01
4.750999999999935497e+00 -1.103942134685403431e+01
4.760999999999935284e+00 -1.102987848243337865e+01
4.770999999999935071e+00 -1.102533980116332657e+01
4.780999999999934857e+00 -1.102729073390774239e+01
4.790999999999934644e+00 -1.103564168423590530e+01
4.800999999999934431e+00 -1.104892671912268831e+01
4.810999999999934218e+00 -1.106490762298175667e+01
4.820999999999934005e+00 -1.108116505029055077e+01
4.830999999999933792e+00 -1.109573253546471250e+01
4.840999999999933578e+00 -1.110771853117178232e+01
4.850999999999933365e+00 -1.111748637193142564e+01
4.860999999999933152e+00 -1.112646911498547908e+01
4.870999999999932939e+00 -1.113688865362614422e+01
4.880999999999932726e+00 -1.115114964303057832e+01
4.890999999999932513e+00 -1.117109142447538161e+01
4.900999999999932299e+00 -1.119740440706018880e+01
4.910999999999932086e+00 -1.122925558481516539e+01
4.920999999999931873e+00 -1.126420918112102321e+01
4.930999999999931660e+00 -1.129860860489661967e+01
4.940999999999931447e+00 -1.132823886989774564e+01
4.950999999999931234e+00 -1.134904778626862942e+01
4.960999999999931021e+00 -1.135791935261328334e+01
4.970999999999930807e+00 -1.135322057646431837e+01
4.980999999999930594e+00 -1.133508876507132968e+01
4.990999999999930381e+00 -1.130540599614806396e+01
5.000999999999930168e+00 -1.126738661559910426e+01
5.010999999999929955e+00 -1.122493127737726404e+01
5.020999999999929742e+00 -1.118175081752644040e+01
5.030999999999929528e+00 -1.114064420306621983e+01
5.040999999999929315e+00 -1.110308831584553424e+01
5.050999999999929102e+00 -1.106909651100616188e+01
5.060999999999928889e+00 -1.103750027380788268e+01
5.070999999999928676e+00 -1.100648593700067934e+01
5.080999999999928463e+00 -1.097420203622538182e+01
5.090999999999928249e+00 -1.093937974756515885e+01
5.100999999999928036e+00 -1.090187801926162869e+01
5.110999999999927823e+00 -1.086285690689739170e+01
5.120999999999927610e+00 -1.082463174924319205e+01
5.130999999999927397e+00 -1.079026540292877634e+01
5.140999999999927184e+00 -1.076279932309076415e+01
5.150999999999926970e+00 -1.074452184403741839e+01
5.160999999999926757e+00 -1.073644678993200863e+01
5.170999999999926544e+00 -1.073793015353168379e+01
5.180999999999926331e+00 -1.074662776794349739e+01
5.190999999999926118e+00 -1.075902172152127889e+01
5.200999999999925905e+00 -1.077103725585568661e+01
5.210999999999925691e+00 -1.077867202560457649e+01
5.220999999999925478e+00 -1.077886110661579444e+01
5.230999999999925265e+00 -1.076995687992615380e+01
5.240999999999925052e+00 -1.075185618634755436e+01
5.250999999999924839e+00 -1.072598088154408202e+01
5.260999999999924626e+00 -1.069487638755227898e+01
5.270999999999924412e+00 -1.066152727525825661e+01
5.280999999999924199e+00 -1.062876202561119321e+01
5.290999999999923986e+00 -1.059872646275962715e+01
5.300999999999923773e+00 -1.057230984524511719e+01
5.310999999999923560e+00 -1.054909203963088338e+01
5.320999999999923347e+00 -1.052767252004795928e+01
5.330999999999923133e+00 -1.050607628487005130e+01
5.340999999999922920e+00 -1.048243895701043549e+01
5.350999999999922707e+00 -1.045568071834146551e+01
5.360999999999922494e+00 -1.042586557850001050e+01
5.370999999999922281e+00 -1.039428826972094200e+01
5.380999999999922068e+00 -1.036343925987225845e+01
5.390999999999921855e+00 -1.033661520492528751e+01
5.400999999999921641e+00 -1.031723931543889883e+01
5.410999999999921428e+00 -1.030821172775648442e+01
5.420999999999921215e+00 -1.031127098787289320e+01
5.430999999999921002e+00 -1.032653320815251696e+01
5.440999999999920789e+00 -1.035243139321656791e+01
5.450999999999920576e+00 -1.038605939223362462e+01
5.460999999999920362e+00 -1.042367975223799093e+01
5.470999999999920149e+00 -1.046144107455818961e+01
5.480999999999919936e+00 -1.049612279797170267e+01
5.490999999999919723e+00 -1.052559828111775708e+01
5.500999999999919510e+00 -1.054914525373210310e+01
5.510999999999919297e+00 -1.056745073554733239e+01
5.520999999999919083e+00 -1.058225642176258496e+01
5.530999999999918870e+00 -1.059576304234781929e+01
5.540999999999918657e+00 -1.061000635835633155e+01
5.550999999999918444e+00 -1.062632921673246322e+01
5.560999999999918231e+00 -1.064500282934715258e+01
5.570999999999918018e+00 -1.066517986869110146e+01
5.580999999999917804e+00 -1.068505566813667862e+01
5.590999999999917591e+00 -1.070234077125711813e+01
5.600999999999917378e+00 -1.071488199532062779e+01
5.610999999999917165e+00 -1.072121033675933965e+01
5.620999999999916952e+00 -1.072108429604187485e+01
5.630999999999916739e+00 -1.071570563345357918e+01
5.640999999999916525e+00 -1.070753600025930297e+01
5.650999999999916312e+00 -1.069987980968343777e+01
5.660999999999916099e+00 -1.069633293600930024e+01
5.670999999999915886e+00 -1.070006532957512135e+01
5.680999999999915673e+00 -1.071323032781396911e+01
5.690999999999915460e+00 -1.073661845585356289e+01
5.700999999999915246e+00 -1.076939726271025322e+01
5.710999999999915033e+00 -1.080929420400901542e+01
5.720999999999914820e+00 -1.085314449440810947e+01
5.730999999999914607e+00 -1.089750766247582270e+01
5.740999999999914394e+00 -1.093936503054245613e+01
5.750999999999914181e+00 -1.097673492415523810e+01
5.760999999999913967e+00 -1.100891691663098371e+01
5.770999999999913754e+00 -1.103640866951108990e+01
5.780999999999913541e+00 -1.106068725634330718e+01
5.790999999999913328e+00 -1.108367489119890159e+01
5.800999999999913115e+00 -1.110708375366518652e+01
5.810999999999912902e+00 -1.113188406003482633e+01
5.820999999999912689e+00 -1.115791504058170425e+01
5.830999999999912475e+00 -1.118382701980718075e+01
5.840999999999912262e+00 -1.120728531945802153e+01
5.850999999999912049e+00 -1.122549513508549168e+01
5.860999999999911836e+00 -1.123583105017361206e+01
5.870999999999911623e+00 -1.123640912402965597e+01
5.880999999999911410e+00 -1.122663315916745219e+01
5.890999999999911196e+00 -1.120742942962154487e+01
5.900999999999910983e+00 -1.118116567722368337e+01
5.910999999999910770e+00 -1.115127450909223406e+01
5.920999999999910557e+00 -1.112163199981578110e+01
5.930999999999910344e+00 -1.109576809647546014e+01
5.940999999999910131e+00 -1.107624319097509691e+01
5.950999999999909917e+00 -1.106433040112426802e+01
5.960999999999909704e+00 -1.105979219132487401e+01
5.970999999999909491e+00 -1.106104068931624518e+01
5.980999999999909278e+00 -1.106563105277990111e+01
5.990999999999909065e+00 -1.107077143180316092e+01
6.000999999999908852e+00 -1.107396684629899575e+01
6.010999999999908638e+00 -1.107370565130163165e+01
6.020999999999908425e+00 -1.106971448377792022e+01
6.030999999999908212e+00 -1.106288323224913306e+01
6.040999999999907999e+00 -1.105501943928582165e+01
6.050999999999907786e+00 -1.104816604494569177e+01
6.060999999999907573e+00 -1.104395180613420990e+01
6.070999999999907359e+00 -1.104318386025277476e+01
6.080999999999907146e+00 -1.104543833496560090e+01
6.090999999999906933e+00 -1.104897506097608861e+01
6.100999999999906720e+00 -1.105110780194590703e+01
6.110999999999906507e+00 -1.104868216809154191e+01
6.120999999999906294e+00 -1.103867059478706203e+01
6.130999999999906080e+00 -1.101899294339184010e+01
6.140999999999905867e+00 -1.098898297042551597e+01
6.141999999999906201e+00 -1.098541762258324717e+01
6.142999999999906535e+00 -1.098175479483986017e+01
6.143999999999906869e+00 -1.097799659554186036e+01
6.144999999999907203e+00 -1.097414538981505494e+01
6.145999999999907537e+00 -1.097020341761123241e+01
6.146999999999907871e+00 -1.096617307164158994e+01
6.147999999999908205e+00 -1.096205709041269039e+01
6.148999999999908539e+00 -1.095785841466209654e+01
6.149999999999908873e+00 -1.095358012440197193e+01
6.150999999999909207e+00 -1.094922558898048237e+01
6.160999999999908994e+00 -1.090255097570126175e+01
6.170999999999908781e+00 -1.085223839533602685e+01
6.180999999999908567e+00 -1.080211226992520324e+01
6.190999999999908354e+00 -1.075575657864420975e+01
6.200999999999908141e+00 -1.071580990480162043e+01
6.210999999999907928e+00 -1.068352235740806933e+01
6.220999999999907715e+00 -1.065874095060562610e+01
6.230999999999907502e+00 -1.064014179213771705e+01
6.240999999999907288e+00 -1.062565320494398691e+01
6.250999999999907075e+00 -1.061310139479128267e+01
6.260999999999906862e+00 -1.060075864607078877e+01
6.270999999999906649e+00 -1.058770837099571871e+01
6.280999999999906436e+00 -1.057409399777328041e+01
6.290999999999906223e+00 -1.056113709219013153e+01
6.300999999999906009e+00 -1.055080159144461049e+01
6.310999999999905796e+00 -1.054521485020448957e+01
6.320999999999905583e+00 -1.054609482530752551e+01
6.330999999999905370e+00 -1.055419230612526960e+01
6.340999999999905157e+00 -1.056891981433063421e+01
6.350999999999904944e+00 -1.058842552897128364e+01
6.360999999999904730e+00 -1.060990019543628549e+01
6.370999999999904517e+00 -1.062999760713173281e+01
6.380999999999904304e+00 -1.064549082234231925e+01
6.390999999999904091e+00 -1.065388988418522231e+01
6.400999999999903878e+00 -1.065382620466938057e+01
6.410999999999903665e+00 -1.064536565622801945e+01
6.420999999999903451e+00 -1.063002011198604713e+01
6.430999999999903238e+00 -1.061036192810344758e+01
6.440999999999903025e+00 -1.058946109046917883e+01
6.450999999999902812e+00 -1.057029497856792233e+01
6.460999999999902599e+00 -1.055518693094562011e+01
6.470999999999902386e+00 -1.054535877498077667e+01
6.480999999999902172e+00 -1.054083085553135568e+01
6.490999999999901959e+00 -1.054057571633578227e+01
6.500999999999901746e+00 -1.054288327861819319e+01
6.510999999999901533e+00 -1.054594476902277833e+01
6.520999999999901320e+00 -1.054840244806253047e+01
6.530999999999901107e+00 -1.054976955420034557e+01
6.540999999999900893e+00 -1.055060583254105921e+01
6.550999999999900680e+00 -1.055245073158689273e+01
6.560999999999900467e+00 -1.055751712640243767e+01
6.570999999999900254e+00 -1.056817188195520885e+01
6.580999999999900041e+00 -1.058639126958307841e+01
6.590999999999899828e+00 -1.061320418393045451e+01
6.600999999999899615e+00 -1.064829686469271053e+01
6.610999999999899401e+00 -1.068994333719691703e+01
6.620999999999899188e+00 -1.073527292840013025e+01
6.630999999999898975e+00 -1.078075884759244651e+01
6.640999999999898762e+00 -1.082288494840423354e+01
6.650999999999898549e+00 -1.085880776661966429e+01
6.660999999999898336e+00 -1.088678576297186673e+01
6.670999999999898122e+00 -1.090642628652341628e+01
6.680999999999897909e+00 -1.091864066468818883e+01
6.690999999999897696e+00 -1.092536761522471167e+01
6.700999999999897483e+00 -1.092911815357179961e+01
6.710999999999897270e+00 -1.093234865724049776e+01
6.720999999999897057e+00 -1.093688730769194883e+01
6.730999999999896843e+00 -1.094358963219688263e+01
6.740999999999896630e+00 -1.095219248864253991e+01
6.750999999999896417e+00 -1.096144326307621419e+01
6.760999999999896204e+00 -1.096959170748811552e+01
6.770999999999895991e+00 -1.097487685217381603e+01
6.780999999999895778e+00 -1.097602220881450208e+01
6.790999999999895564e+00 -1.097277274391563395e+01
6.800999999999895351e+00 -1.096605018377620233e+01
6.810999999999895138e+00 -1.095782448947882770e+01
6.820999999999894925e+00 -1.095082932326759995e+01
6.830999999999894712e+00 -1.094797504580296099e+01
6.840999999999894499e+00 -1.095167243205061069e+01
6.850999999999894285e+00 -1.096339803827826032e+01
6.860999999999894072e+00 -1.098335804624712253e+01
6.870999999999893859e+00 -1.101027477929965848e+01
6.880999999999893646e+00 -1.104165859702303898e+01
6.890999999999893433e+00 -1.107425938958328082e+01
6.900999999999893220e+00 -1.110459374526972276e+01
6.910999999999893006e+00 -1.112970166723061816e+01
6.920999999999892793e+00 -1.114769901071279357e+01
6.930999999999892580e+00 -1.115796878576529849e+01
6.940999999999892367e+00 -1.116116054098325350e+01
6.950999999999892154e+00 -1.115889219631657525e+01
6.960999999999891941e+00 -1.115320250511354772e+01
6.970999999999891727e+00 -1.114608871149081892e+01
6.980999999999891514e+00 -1.113900418694817418e+01
6.990999999999891301e+00 -1.113243399174775483e+01
7.000999999999891088e+00 -1.112584239621485693e+01
7.010999999999890875e+00 -1.111777985322669693e+01
7.020999999999890662e+00 -1.110630340126042448e+01
7.030999999999890449e+00 -1.108958373632529337e+01
7.040999999999890235e+00 -1.106646275007240554e+01
7.050999999999890022e+00 -1.103687801676282554e+01
7.060999999999889809e+00 -1.100202448105400599e+01
7.070999999999889596e+00 -1.096426306650456084e+01
7.080999999999889383e+00 -1.092671726359532869e+01
7.090999999999889170e+00 -1.089275761075714577e+01
7.100999999999888956e+00 -1.086532595433510728e+01
7.110999999999888743e+00 -1.084631536759916770e+01
7.120999999999888530e+00 -1.083627642525833679e+01
7.130999999999888317e+00 -1.083429084894421912e+01
7.140999999999888104e+00 -1.083820966447919432e+01
7.150999999999887891e+00 -1.084514697432951458e+01
7.160999999999887677e+00 -1.085204135431971828e+01
7.170999999999887464e+00 -1.085627188180709446e+01
7.180999999999887251e+00 -1.085615679323325899e+01
7.190999999999887038e+00 -1.085122256978941024e+01
7.200999999999886825e+00 -1.084222568161296429e+01
7.210999999999886612e+00 -1.083086245774422451e+01
7.220999999999886398e+00 -1.081914300935325102e+01
7.230999999999886185e+00 -1.080882818714994364e+01
7.240999999999885972e+00 -1.080094596565741050e+01
7.250999999999885759e+00 -1.079544680148501712e+01
7.260999999999885546e+00 -1.079125676037689274e+01
7.270999999999885333e+00 -1.078651160156146993e+01
7.280999999999885119e+00 -1.077892005252307328e+01
7.290999999999884906e+00 -1.076633632937759799e+01
7.300999999999884693e+00 -1.074735088125026827e+01
7.310999999999884480e+00 -1.072165656448519044e+01
7.320999999999884267e+00 -1.069027874964154989e+01
7.330999999999884054e+00 -1.065553336734381062e+01
7.340999999999883840e+00 -1.062052347407572483e+01
7.350999999999883627e+00 -1.058858325208670514e+01
7.360999999999883414e+00 -1.056271551171598055e+01
7.370999999999883201e+00 -1.054500476473481640e+01
7.380999999999882988e+00 -1.053626922196527538e+01
7.390999999999882775e+00 -1.053599938869115427e+01
7.400999999999882561e+00 -1.054253961468512912e+01
7.410999999999882348e+00 -1.055346367714461486e+01
7.420999999999882135e+00 -1.056619250444886937e+01
7.430999999999881922e+00 -1.057856887520452460e+01
7.440999999999881709e+00 -1.058925695562876079e+01
7.450999999999881496e+00 -1.059798119567236618e+01
7.460999999999881283e+00 -1.060550497458216412e+01
7.470999999999881069e+00 -1.061332869679688784e+01
7.480999999999880856e+00 -1.062321008868643801e+01
7.490999999999880643e+00 -1.063666066979725144e+01
7.500999999999880430e+00 -1.065441701181102374e+01
7.510999999999880217e+00 -1.067610412481136173e+01
7.520999999999880004e+00 -1.070025241587732268e+01
7.530999999999879790e+00 -1.072456206284332225e+01
7.540999999999879577e+00 -1.074631825229056403e+01
7.550999999999879364e+00 -1.076297826520227829e+01
7.560999999999879151e+00 -1.077275260767834197e+01
7.570999999999878938e+00 -1.077491585668785667e+01
7.580999999999878725e+00 -1.077003016925479528e+01
7.590999999999878511e+00 -1.075996328793603318e+01
7.600999999999878298e+00 -1.074748542481821012e+01
7.610999999999878085e+00 -1.073571983517985906e+01
7.620999999999877872e+00 -1.072751921015171916e+01
7.630999999999877659e+00 -1.072492872848889256e+01
7.640999999999877446e+00 -1.072885497720024972e+01
7.650999999999877232e+00 -1.073897512119417641e+01
7.660999999999877019e+00 -1.075394767259155770e+01
7.670999999999876806e+00 -1.077179275353210031e+01
7.680999999999876593e+00 -1.079038736535992982e+01
7.690999999999876380e+00 -1.080798835124298840e+01
7.700999999999876167e+00 -1.082366478398194864e+01
7.710999999999875953e+00 -1.083747649308256555e+01
7.720999999999875740e+00 -1.085042355519113855e+01
7.730999999999875527e+00 -1.086419250534867409e+01
7.740999999999875314e+00 -1.088061166965304061e+01
7.750999999999875101e+00 -1.090113976912084226e+01
7.760999999999874888e+00 -1.092648814320067530e+01
7.770999999999874674e+00 -1.095624920016683568e+01
7.780999999999874461e+00 -1.098882162266840190e+01
7.790999999999874248e+00 -1.102171241834990312e+01
7.800999999999874035e+00 -1.105192548995882795e+01
7.810999999999873822e+00 -1.107652108994247264e+01
7.820999999999873609e+00 -1.109332192234503722e+01
7.830999999999873395e+00 -1.110128319180431689e+01
7.840999999999873182e+00 -1.110061067240285659e+01
7.850999999999872969e+00 -1.109275864111003607e+01
7.860999999999872756e+00 -1.108010818134878939e+01
7.870999999999872543e+00 -1.106544771713414299e+01
7.880999999999872330e+00 -1.105147287420479252e+01
7.890999999999872117e+00 -1.104024528801335769e+01
7.900999999999871903e+00 -1.103273541022176829e+01
7.910999999999871690e+00 -1.102874573943184977e+01
7.920999999999871477e+00 -1.102709485275723011e+01
7.930999999999871264e+00 -1.102601898396409119e+01
7.940999999999871051e+00 -1.102373435416454228e+01
7.950999999999870838e+00 -1.101893357966972609e+01
7.960999999999870624e+00 -1.101116264502350539e+01
7.970999999999870411e+00 -1.100095886740071549e+01
7.980999999999870198e+00 -1.098975629324185022e+01
7.990999999999869985e+00 -1.097964006489516287e+01
8.000999999999869772e+00 -1.097284145817993029e+01
8.010999999999869559e+00 -1.097113552326949737e+01
8.020999999999869345e+00 -1.097540935063210732e+01
8.030999999999869132e+00 -1.098535343297957567e+01
8.040999999999868919e+00 -1.099938971506455587e+01
8.050999999999868706e+00 -1.101498919842496171e+01
8.060999999999868493e+00 -1.102911716163408506e+01
8.070999999999868280e+00 -1.103875013395407478e+01
8.080999999999868066e+00 -1.104152791054655047e+01
8.090999999999867853e+00 -1.103621501345560496e+01
8.100999999999867640e+00 -1.102284844511476081e+01
8.110999999999867427e+00 -1.100275150857415163e+01
8.120999999999867214e+00 -1.097819531607965615e+01
8.130999999999867001e+00 -1.095175529194423625e+01
8.140999999999866787e+00 -1.092583830402774581e+01
8.150999999999866574e+00 -1.090223533399839084e+01
8.160999999999866361e+00 -1.088169276216323311e+01
8.170999999999866148e+00 -1.086392010385399942e+01
8.180999999999865935e+00 -1.084777372960249764e+01
8.190999999999865722e+00 -1.083154374698757216e+01
8.200999999999865508e+00 -1.081357369672208790e+01
8.210999999999865295e+00 -1.079282451083706817e+01
8.220999999999865082e+00 -1.076919113710429166e+01
8.230999999999864869e+00 -1.074368442470721341e+01
8.240999999999864656e+00 -1.071828241078323174e+01
8.250999999999864443e+00 -1.069544838377808382e+01
8.260999999999864229e+00 -1.067767065753487543e+01
8.270999999999864016e+00 -1.066698325287399030e+01
8.280999999999863803e+00 -1.066445380778918661e+01
8.290999999999863590e+00 -1.066992116991188766e+01
8.300999999999863377e+00 -1.068201035410486455e+01
8.310999999999863164e+00 -1.069828280094273332e+01
8.320999999999862951e+00 -1.071570475480044493e+01
8.330999999999862737e+00 -1.073130845933264510e+01
8.340999999999862524e+00 -1.074270498852865074e+01
8.350999999999862311e+00 -1.074851097852333126e+01
8.360999999999862098e+00 -1.074855765033325916e+01
8.370999999999861885e+00 -1.074382116364235706e+01
8.380999999999861672e+00 -1.073611115350670531e+01
8.390999999999861458e+00 -1.072757745718530842e+01
8.400999999999861245e+00 -1.072020371212598988e+01
8.410999999999861032e+00 -1.071529156466037946e+01
8.420999999999860819e+00 -1.071314231983891752e+01
8.430999999999860606e+00 -1.071308401418126266e+01
8.440999999999860393e+00 -1.071367308405341312e+01
8.450999999999860179e+00 -1.071307539146621401e+01
8.460999999999859966e+00 -1.070958279662870538e+01
8.470999999999859753e+00 -1.070210410335727502e+01
8.480999999999859540e+00 -1.069048015785594963e+01
8.490999999999859327e+00 -1.067568401048968596e+01
8.500999999999859114e+00 -1.065976543030801693e+01
8.510999999999858900e+00 -1.064540728700581518e+01
8.520999999999858687e+00 -1.063540049211710325e+01
8.530999999999858474e+00 -1.063208664593042307e+01
8.540999999999858261e+00 -1.063686417747024038e+01
8.550999999999858048e+00 -1.064994097699077003e+01
8.560999999999857835e+00 -1.067032576899507568e+01
8.570999999999857621e+00 -1.069599071424516445e+01
8.580999999999857408e+00 -1.072425648621623573e+01
8.590999999999857195e+00 -1.075233432968553515e+01
8.600999999999856982e+00 -1.077786025052263241e+01
8.610999999999856769e+00 -1.079937565776187114e+01
8.620999999999856556e+00 -1.081653961999856506e+01
8.630999999999856342e+00 -1.083007900045871885e+01
8.640999999999856129e+00 -1.084149458775593722e+01
8.650999999999855916e+00 -1.085253832819740083e+01
8.660999999999855703e+00 -1.086474985597736520e+01
8.670999999999855490e+00 -1.087902166289868333e+01
8.680999999999855277e+00 -1.089528662350249810e+01
8.690999999999855063e+00 -1.091250655930351066e+01
8.700999999999854850e+00 -1.092891231074774616e+01
8.710999999999854637e+00 -1.094236985176224586e+01
8.720999999999854424e+00 -1.095090027926192278e+01
8.730999999999854211e+00 -1.095325861843075188e+01
8.740999999999853998e+00 -1.094920064515079083e+01
8.750999999999853785e+00 -1.093960825752893662e+01
8.760999999999853571e+00 -1.092645527350221002e+01
8.770999999999853358e+00 -1.091243107805830093e+01
8.780999999999853145e+00 -1.090044991118805306e+01
8.790999999999852932e+00 -1.089311254843459409e+01
8.800999999999852719e+00 -1.089216445267919120e+01
8.810999999999852506e+00 -1.089814303287886688e+01
8.820999999999852292e+00 -1.091035190473934513e+01
8.830999999999852079e+00 -1.092708653971315336e+01
8.840999999999851866e+00 -1.094604793151520994e+01
8.850999999999851653e+00 -1.096484750691901766e+01
8.860999999999851440e+00 -1.098148879022463298e+01
8.870999999999851227e+00 -1.099477097288917982e+01
8.880999999999851013e+00 -1.100446295969454091e+01
8.890999999999850800e+00 -1.101130699044017902e+01
8.900999999999850587e+00 -1.101678593233687309e+01
8.910999999999850374e+00 -1.102261186896199696e+01
8.920999999999850161e+00 -1.103017460826527163e+01
8.930999999999849948e+00 -1.104013597142467873e+01
8.940999999999849734e+00 -1.105216107260174496e+01
8.950999999999849521e+00 -1.106487169173139584e+01
8.960999999999849308e+00 -1.107619685983912916e+01
8.970999999999849095e+00 -1.108375093666578692e+01
8.980999999999848882e+00 -1.108528737507881701e+01
8.990999999999848669e+00 -1.107933639799529857e+01
9.000999999999848455e+00 -1.106549474942283773e+01
9.010999999999848242e+00 -1.104457033323306447e+01
9.020999999999848029e+00 -1.101855276003660045e+01
9.030999999999847816e+00 -1.099016921505477207e+01
9.040999999999847603e+00 -1.096235942412726594e+01
9.050999999999847390e+00 -1.093779700498978258e+01
9.060999999999847176e+00 -1.091838222177615236e+01
9.070999999999846963e+00 -1.090485855547392902e+01
9.080999999999846750e+00 -1.089682703357811455e+01
9.090999999999846537e+00 -1.089288479726015879e+01
9.100999999999846324e+00 -1.089098420868504569e+01
9.110999999999846111e+00 -1.088908495048229419e+01
9.120999999999845897e+00 -1.088563112060462146e+01
9.130999999999845684e+00 -1.087986427536065293e+01
9.140999999999845471e+00 -1.087203103888693434e+01
9.150999999999845258e+00 -1.086323782279100669e+01
9.160999999999845045e+00 -1.085508476224207008e+01
9.170999999999844832e+00 -1.084933124643420932e+01
9.180999999999844619e+00 -1.084737830091640198e+01
9.190999999999844405e+00 -1.084976856308959547e+01
9.200999999999844192e+00 -1.085602064230279318e+01
9.210999999999843979e+00 -1.086460064256056057e+01
9.220999999999843766e+00 -1.087318392047776427e+01
9.230999999999843553e+00 -1.087917774542452243e+01
9.240999999999843340e+00 -1.088024200481105375e+01
9.250999999999843126e+00 -1.087477019198370520e+01
9.260999999999842913e+00 -1.086220950679623698e+01
9.270999999999842700e+00 -1.084319345437166326e+01
9.280999999999842487e+00 -1.081941903019988693e+01
9.290999999999842274e+00 -1.079333981639299900e+01
9.300999999999842061e+00 -1.076768285022579441e+01
9.310999999999841847e+00 -1.074489897007580552e+01
9.320999999999841634e+00 -1.072669732161640432e+01
9.330999999999841421e+00 -1.071374557954392337e+01
9.340999999999841208e+00 -1.070567945693788126e+01
9.350999999999840995e+00 -1.070125844624905653e+01
9.360999999999840782e+00 -1.069870824560165090e+01
9.370999999999840568e+00 -1.069626498271138182e+01
9.380999999999840355e+00 -1.069262864976336580e+01
9.390999999999840142e+00 -1.068728500067989629e+01
9.400999999999839929e+00 -1.068072785966338145e+01
9.410999999999839716e+00 -1.067435783245170278e+01
9.420999999999839503e+00 -1.067004573111167964e+01
9.430999999999839289e+00 -1.066970832560692450e+01
9.440999999999839076e+00 -1.067485094779447330e+01
9.450999999999838863e+00 -1.068610343838140686e+01
9.460999999999838650e+00 -1.070304962910260649e+01
9.470999999999838437e+00 -1.072424479408688036e+01
9.480999999999838224e+00 -1.074738500688886234e+01
9.490999999999838010e+00 -1.076971943445333579e+01
9.500999999999837797e+00 -1.078863857797865755e+01
9.510999999999837584e+00 -1.080216820920533571e+01
9.520999999999837371e+00 -1.080935137153531578e+01
9.530999999999837158e+00 -1.081043893847985160e+01
9.540999999999836945e+00 -1.080673053920829396e+01
9.550999999999836731e+00 -1.080024463723046502e+01
9.560999999999836518e+00 -1.079327594803930701e+01
9.570999999999836305e+00 -1.078793999711314378e+01
9.580999999999836092e+00 -1.078572061938776905e+01
9.590999999999835879e+00 -1.078713761558673667e+01
9.600999999999835666e+00 -1.079174536574051047e+01
9.610999999999835453e+00 -1.079828266772752876e+01
9.620999999999835239e+00 -1.080502804771381875e+01
9.630999999999835026e+00 -1.081035256325034766e+01
9.640999999999834813e+00 -1.081314948865162684e+01
9.650999999999834600e+00 -1.081313620177152757e+01
9.660999999999834387e+00 -1.081102640070380616e+01
9.670999999999834174e+00 -1.080841397513049351e+01
9.680999999999833960e+00 -1.080740161611409711e+01
9.690999999999833747e+00 -1.081017232368870395e+01
9.700999999999833534e+00 -1.081847066725170059e+01
9.710999999999833321e+00 -1.083311288693196595e+01
9.720999999999833108e+00 -1.085380289761821970e+01
9.730999999999832895e+00 -1.087917173544947680e+01
9.740999999999832681e+00 -1.090697869754718496e+01
9.750999999999832468e+00 -1.093453905076126631e+01
9.760999999999832255e+00 -1.095924069842275550e+01
9.770999999999832042e+00 -1.097900602138867043e+01
9.780999999999831829e+00 -1.099269804745421730e+01
9.790999999999831616e+00 -1.100030834158251380e+01
9.800999999999831402e+00 -1.100288506239894559e+01
9.810999999999831189e+00 -1.100224933999735555e+01
9.820999999999830976e+00 -1.100043919019523386e+01
9.830999999999830763e+00 -1.099920775378875248e+01
9.840999999999830550e+00 -1.099968903801085141e+01
9.850999999999830337e+00 -1.100211574688353622e+01
9.860999999999830123e+00 -1.100581334977224124e+01
9.870999999999829910e+00 -1.100945433429780529e+01
9.880999999999829697e+00 -1.101133539154985108e+01
9.890999999999829484e+00 -1.100981846374011042e+01
9.900999999999829271e+00 -1.100389186277255327e+01
9.910999999999829058e+00 -1.099345331626923361e+01
9.920999999999828844e+00 -1.097940727426795426e+01
9.930999999999828631e+00 -1.096362079669274614e+01
9.940999999999828418e+00 -1.094850866928165978e+01
9.950999999999828205e+00 -1.093649427313138567e+01
9.960999999999827992e+00 -1.092959270932617954e+01
9.970999999999827779e+00 -1.092893225198431395e+01
9.980999999999827565e+00 -1.093445169734523503e+01
9.990999999999827352e+00 -1.094497589555201778e+01
1.000099999999982714e+01 -1.095841827971356430e+01
1.001099999999982693e+01 -1.097220524920388662e+01
