0.000000000000000000e+00 1.300570505950021487e-03
5.000000000000000278e-02 -1.455040125786172429e-02
1.000000000000000056e-01 -8.947546730867454723e-02
1.500000000000000222e-01 -2.629684999122603450e-01
2.000000000000000111e-01 -5.391917205260187140e-01
2.500000000000000000e-01 -8.927931010754138752e-01
2.999999999999999889e-01 -1.288762948682163012e+00
3.499999999999999778e-01 -1.685335158236641151e+00
3.999999999999999667e-01 -2.021824132499828508e+00
4.499999999999999556e-01 -2.220041978149111195e+00
4.999999999999999445e-01 -2.210141871589221374e+00
5.499999999999999334e-01 -1.962951412303890031e+00
5.999999999999999778e-01 -1.499916745881943791e+00
6.500000000000000222e-01 -8.776919635187414581e-01
7.000000000000000666e-01 -1.658288340871473809e-01
7.500000000000001110e-01 5.649869721748455031e-01
8.000000000000001554e-01 1.239943373772470547e+00
8.500000000000001998e-01 1.782319718308078116e+00
9.000000000000002442e-01 2.129158319076077888e+00
9.500000000000002887e-01 2.241393131496434155e+00
1.000000000000000222e+00 2.105439352429542055e+00
1.050000000000000266e+00 1.738570893485227087e+00
1.100000000000000311e+00 1.187788690291424309e+00
1.150000000000000355e+00 5.136966849661696033e-01
1.200000000000000400e+00 -2.182682653346864898e-01
1.250000000000000444e+00 -9.323499028024476720e-01
1.300000000000000488e+00 -1.547258927722784172e+00
1.350000000000000533e+00 -1.992994711439954436e+00
1.400000000000000577e+00 -2.219050695632399872e+00
1.450000000000000622e+00 -2.198258308427702090e+00
1.500000000000000666e+00 -1.936082149615607761e+00
1.550000000000000711e+00 -1.468869689648760080e+00
1.600000000000000755e+00 -8.476012740521620126e-01
1.650000000000000799e+00 -1.322707648027302008e-01
1.700000000000000844e+00 6.024115395868240297e-01
1.750000000000000888e+00 1.274028541203582776e+00
1.800000000000000933e+00 1.807604476265356030e+00
1.850000000000000977e+00 2.141832666744971636e+00
1.900000000000001021e+00 2.236582291930131916e+00
1.950000000000001066e+00 2.085563144487998954e+00
2.000000000000000888e+00 1.713349118174481323e+00
2.050000000000000711e+00 1.160023812712819735e+00
2.100000000000000533e+00 4.790096459319175826e-01
2.150000000000000355e+00 -2.580576539063356711e-01
2.200000000000000178e+00 -9.700161152594053426e-01
2.250000000000000000e+00 -1.578417712693908292e+00
2.299999999999999822e+00 -2.012469197969242618e+00
2.349999999999999645e+00 -2.220430317605154524e+00
2.399999999999999467e+00 -2.184394364558048807e+00
2.449999999999999289e+00 -1.916291561210345273e+00
2.499999999999999112e+00 -1.444488735139950908e+00
2.549999999999998934e+00 -8.146793849436000379e-01
2.599999999999998757e+00 -9.342167175147847447e-02
2.649999999999998579e+00 6.415169027563314419e-01
2.699999999999998401e+00 1.309845602477673232e+00
2.749999999999998224e+00 1.832878930130030115e+00
2.799999999999998046e+00 2.148884769189939981e+00
2.849999999999997868e+00 2.228785213381473618e+00
2.899999999999997691e+00 2.071250283819973781e+00
2.949999999999997513e+00 1.692504195269707967e+00
2.999999999999997335e+00 1.129595113958602237e+00
3.049999999999997158e+00 4.419248760486556016e-01
3.099999999999996980e+00 -2.980635342498654805e-01
3.149999999999996803e+00 -1.009838779684426147e+00
3.199999999999996625e+00 -1.608885435726607138e+00
3.249999999999996447e+00 -2.025181334681639633e+00
3.299999999999996270e+00 -2.219040359184100808e+00
3.349999999999996092e+00 -2.175858976560995472e+00
3.399999999999995914e+00 -1.899501023301727320e+00
3.449999999999995737e+00 -1.417543850759941604e+00
3.499999999999995559e+00 -7.804889403947449233e-01
3.549999999999995381e+00 -5.351455273610454533e-02
3.599999999999995204e+00 6.842078827026532029e-01
3.649999999999995026e+00 1.344397866359088090e+00
3.699999999999994849e+00 1.850836123275910738e+00
3.749999999999994671e+00 2.153930642417665187e+00
3.799999999999994493e+00 2.225957366827385098e+00
3.849999999999994316e+00 2.058803921203780529e+00
3.899999999999994138e+00 1.669869112097351005e+00
3.949999999999993960e+00 1.099050812765163032e+00
3.999999999999993783e+00 4.028772177916714048e-01
4.049999999999993605e+00 -3.425025413789462014e-01
4.099999999999993427e+00 -1.047502275542058436e+00
4.149999999999993250e+00 -1.631694921351637406e+00
4.199999999999993072e+00 -2.036504307884938747e+00
4.249999999999992895e+00 -2.221818877682746773e+00
4.299999999999992717e+00 -2.168116501844679966e+00
4.349999999999992539e+00 -1.882004954692141574e+00
4.399999999999992362e+00 -1.391402728674347111e+00
4.449999999999992184e+00 -7.430695534097863098e-01
4.499999999999992006e+00 -8.475101898283734364e-03
4.549999999999991829e+00 7.240478250563946450e-01
4.599999999999991651e+00 1.371745943124927702e+00
4.649999999999991473e+00 1.868142097338352459e+00
4.699999999999991296e+00 2.162056846252866205e+00
4.749999999999991118e+00 2.223304687202102947e+00
4.799999999999990941e+00 2.047180780820070378e+00
4.849999999999990763e+00 1.648808456570659109e+00
4.899999999999990585e+00 1.064254715688219388e+00
4.949999999999990408e+00 3.585522208280293444e-01
4.999999999999990230e+00 -3.835190595110979372e-01
5.049999999999990052e+00 -1.078813376130694390e+00
5.099999999999989875e+00 -1.654417113571302167e+00
5.149999999999989697e+00 -2.049545248841370793e+00
5.199999999999989519e+00 -2.224337632431276912e+00
5.249999999999989342e+00 -2.162648924410100815e+00
5.299999999999989164e+00 -1.866271349314372330e+00
5.349999999999988987e+00 -1.359946829943515123e+00
5.399999999999988809e+00 -7.006272858636604095e-01
5.449999999999988631e+00 3.277727056930693911e-02
5.499999999999988454e+00 7.585658368870347168e-01
5.549999999999988276e+00 1.399022214171715239e+00
5.599999999999988098e+00 1.885510845190067508e+00
5.649999999999987921e+00 2.169634250206037507e+00
5.699999999999987743e+00 2.223973388199654622e+00
5.749999999999987566e+00 2.036795375053874313e+00
5.799999999999987388e+00 1.621138382321424043e+00
5.849999999999987210e+00 1.024483360971837786e+00
5.899999999999987033e+00 3.176309598319315697e-01
5.949999999999986855e+00 -4.209115265134849015e-01
5.999999999999986677e+00 -1.110199965053899618e+00
6.049999999999986500e+00 -1.675938786026648808e+00
6.099999999999986322e+00 -2.062573786537208687e+00
6.149999999999986144e+00 -2.231575179460323799e+00
6.199999999999985967e+00 -2.158116664839746512e+00
6.249999999999985789e+00 -1.843550057369909512e+00
6.299999999999985612e+00 -1.324286051386437180e+00
6.349999999999985434e+00 -6.611695051693017300e-01
6.399999999999985256e+00 7.190778144409382122e-02
6.449999999999985079e+00 7.928434362876124464e-01
6.499999999999984901e+00 1.423924593218096168e+00
6.549999999999984723e+00 1.903652704242717153e+00
6.599999999999984546e+00 2.183087912847524237e+00
6.649999999999984368e+00 2.225165016957566522e+00
6.699999999999984190e+00 2.019595438633625673e+00
6.749999999999984013e+00 1.590454523592687019e+00
6.799999999999983835e+00 9.871946999756507912e-01
6.849999999999983658e+00 2.777055007255034291e-01
6.899999999999983480e+00 -4.569495367950501818e-01
6.949999999999983302e+00 -1.137871198391550154e+00
6.999999999999983125e+00 -1.698873974883203797e+00
7.049999999999982947e+00 -2.081763455231426807e+00
7.099999999999982769e+00 -2.238425512010538299e+00
7.149999999999982592e+00 -2.147041278427015865e+00
7.199999999999982414e+00 -1.818514455497331817e+00
7.249999999999982236e+00 -1.289857926915010333e+00
7.299999999999982059e+00 -6.214780303265281525e-01
7.349999999999981881e+00 1.086940906513838012e-01
7.399999999999981704e+00 8.226763806402451751e-01
7.449999999999981526e+00 1.451163087601871737e+00
7.499999999999981348e+00 1.928025457261940634e+00
7.549999999999981171e+00 2.195459865704255442e+00
7.599999999999980993e+00 2.220658906197544802e+00
7.649999999999980815e+00 2.000766339434868701e+00
7.699999999999980638e+00 1.559549780038991917e+00
7.749999999999980460e+00 9.488063323040919483e-01
7.799999999999980282e+00 2.412308607641628633e-01
7.849999999999980105e+00 -4.882707554930209581e-01
7.899999999999979927e+00 -1.168735056756519120e+00
7.949999999999979750e+00 -1.727694787482601635e+00
7.999999999999979572e+00 -2.099400353197985236e+00
8.049999999999979394e+00 -2.240741605701660255e+00
8.099999999999980105e+00 -2.134780636660360997e+00
8.149999999999980815e+00 -1.791705249742387984e+00
8.199999999999981526e+00 -1.253786202264610905e+00
8.249999999999982236e+00 -5.863275269752005192e-01
8.299999999999982947e+00 1.408447443372355112e-01
8.349999999999983658e+00 8.564238660650905777e-01
8.399999999999984368e+00 1.483571216205650689e+00
8.449999999999985079e+00 1.950624069137766314e+00
8.499999999999985789e+00 2.204755294561080436e+00
8.549999999999986500e+00 2.215111996663751803e+00
8.599999999999987210e+00 1.978583760922705936e+00
8.649999999999987921e+00 1.526865731289683614e+00
8.699999999999988631e+00 9.158784065969207688e-01
8.749999999999989342e+00 2.089129548276794368e-01
8.799999999999990052e+00 -5.239491553592039441e-01
8.849999999999990763e+00 -1.203796102979702631e+00
8.899999999999991473e+00 -1.754880264404204970e+00
8.949999999999992184e+00 -2.115552628705664073e+00
8.999999999999992895e+00 -2.241824305005188478e+00
9.049999999999993605e+00 -2.117689299562862448e+00
9.099999999999994316e+00 -1.763363991719947732e+00
9.149999999999995026e+00 -1.223824631089165393e+00
9.199999999999995737e+00 -5.545196555339695355e-01
9.249999999999996447e+00 1.773903456582830995e-01
9.299999999999997158e+00 8.932138053304513603e-01
9.349999999999997868e+00 1.514919228893457426e+00
9.399999999999998579e+00 1.973253797362234607e+00
9.449999999999999289e+00 2.212259386120098537e+00
9.500000000000000000e+00 2.203569502060782614e+00
9.550000000000000711e+00 1.955350903757858028e+00
9.600000000000001421e+00 1.500499317616667438e+00
9.650000000000002132e+00 8.853658402502063707e-01
9.700000000000002842e+00 1.725700433203558593e-01
9.750000000000003553e+00 -5.615532596790189235e-01
9.800000000000004263e+00 -1.238711055803930261e+00
9.850000000000004974e+00 -1.783458238359012515e+00
9.900000000000005684e+00 -2.129172494220946454e+00
9.950000000000006395e+00 -2.236148421957305565e+00
1.000000000000000711e+01 -2.100212957457798346e+00
1.005000000000000782e+01 -1.741139337317439528e+00
