0.000000000000000000e+00 1.300570505950021487e-03
1.000000000000000021e-02 1.170718409234039080e-03
2.000000000000000042e-02 5.185441627643629829e-04
2.999999999999999889e-02 -1.185509730588012569e-03
4.000000000000000083e-02 -4.474588598805724453e-03
5.000000000000000278e-02 -9.872154958648795067e-03
6.000000000000000472e-02 -1.787401379069214133e-02
7.000000000000000666e-02 -2.892904710033841059e-02
8.000000000000000167e-02 -4.342215973183800176e-02
8.999999999999999667e-02 -6.166223301273626722e-02
9.999999999999999167e-02 -8.387665156501630803e-02
1.099999999999999867e-01 -1.102126552072072579e-01
1.199999999999999817e-01 -1.407444568632625903e-01
1.299999999999999767e-01 -1.754842486728127871e-01
1.399999999999999856e-01 -2.143950018850325767e-01
1.499999999999999944e-01 -2.574028660097315568e-01
1.600000000000000033e-01 -3.044074088941977063e-01
1.700000000000000122e-01 -3.552888742298632718e-01
1.800000000000000211e-01 -4.099122759385906423e-01
1.900000000000000300e-01 -4.681286717376240136e-01
2.000000000000000389e-01 -5.297743777781637187e-01
2.100000000000000477e-01 -5.946690111631330877e-01
2.200000000000000566e-01 -6.626131529147116783e-01
2.300000000000000655e-01 -7.333861816901933173e-01
2.400000000000000744e-01 -8.067445252345069040e-01
2.500000000000000555e-01 -8.824203001377651789e-01
2.600000000000000644e-01 -9.601201244553970726e-01
2.700000000000000733e-01 -1.039523824457838863e+00
2.800000000000000822e-01 -1.120282812550305707e+00
2.900000000000000910e-01 -1.202018058043658355e+00
3.000000000000000999e-01 -1.284317757696429751e+00
3.100000000000001088e-01 -1.366734988529971773e+00
3.200000000000001177e-01 -1.448785748594724865e+00
3.300000000000001266e-01 -1.529947836876393685e+00
3.400000000000001354e-01 -1.609660223687893632e+00
3.500000000000001443e-01 -1.687323919653583415e+00
3.600000000000001532e-01 -1.762306069678126974e+00
3.700000000000001621e-01 -1.833945667048200390e+00
3.800000000000001710e-01 -1.901560084361678449e+00
3.900000000000001799e-01 -1.964453835143225691e+00
4.000000000000001887e-01 -2.021929091520066724e+00
4.100000000000001976e-01 -2.073295371372442908e+00
4.200000000000002065e-01 -2.117876944693044550e+00
4.300000000000002154e-01 -2.155020488076825558e+00
4.400000000000002243e-01 -2.184103979382669536e+00
4.500000000000002331e-01 -2.204544249269588363e+00
4.600000000000002420e-01 -2.215803236377968055e+00
4.700000000000002509e-01 -2.217361534081811136e+00
4.800000000000002598e-01 -2.208852839977467841e+00
4.900000000000002687e-01 -2.190265641475790392e+00
5.000000000000002220e-01 -2.161822774050643936e+00
5.100000000000002309e-01 -2.123819855475143292e+00
5.200000000000002398e-01 -2.076614557469337985e+00
5.300000000000002487e-01 -2.020609590161614122e+00
5.400000000000002576e-01 -1.956232625200900799e+00
5.500000000000002665e-01 -1.883916963917999787e+00
5.600000000000002753e-01 -1.804086160912281356e+00
5.700000000000002842e-01 -1.717144689235374555e+00
5.800000000000002931e-01 -1.623475403020681496e+00
5.900000000000003020e-01 -1.523443236146193591e+00
6.000000000000003109e-01 -1.417403591989022216e+00
6.100000000000003197e-01 -1.305713323296313400e+00
6.200000000000003286e-01 -1.188742145466153310e+00
6.300000000000003375e-01 -1.066882670419400325e+00
6.400000000000003464e-01 -9.405578689992516450e-01
6.500000000000003553e-01 -8.102254757191578172e-01
6.600000000000003642e-01 -6.763794882742085735e-01
6.700000000000003730e-01 -5.395493578875779628e-01
6.800000000000003819e-01 -4.002975553281253318e-01
6.900000000000003908e-01 -2.592162905780277526e-01
7.000000000000003997e-01 -1.169242147564431289e-01
7.100000000000004086e-01 2.593728671026719612e-02
7.200000000000004174e-01 1.687058159841695604e-01
7.300000000000004263e-01 3.106996120398641259e-01
7.400000000000004352e-01 4.512239303736019780e-01
7.500000000000004441e-01 5.895769461126117994e-01
7.600000000000004530e-01 7.250554543077156744e-01
7.700000000000004619e-01 8.569636005449341454e-01
7.800000000000004707e-01 9.846214337315025711e-01
7.900000000000004796e-01 1.107371617935057229e+00
8.000000000000004885e-01 1.224584138438311820e+00
8.100000000000004974e-01 1.335664714480938597e+00
8.200000000000005063e-01 1.440067366796650594e+00
8.300000000000005151e-01 1.537302231976629185e+00
8.400000000000005240e-01 1.626938297371174125e+00
8.500000000000005329e-01 1.708603583268542891e+00
8.600000000000005418e-01 1.781983111538470110e+00
8.700000000000005507e-01 1.846817250709632985e+00
8.800000000000005596e-01 1.902900567863741843e+00
8.900000000000005684e-01 1.950080498699833909e+00
9.000000000000005773e-01 1.988254841989578470e+00
9.100000000000005862e-01 2.017366496620307981e+00
9.200000000000005951e-01 2.037397461017214528e+00
9.300000000000006040e-01 2.048364474383205458e+00
9.400000000000006128e-01 2.050315765678374813e+00
9.500000000000006217e-01 2.043328308038457664e+00
9.600000000000006306e-01 2.027505362541925926e+00
9.700000000000006395e-01 2.002974293882361145e+00
9.800000000000006484e-01 1.969885141347170077e+00
9.900000000000006573e-01 1.928409816114009079e+00
1.000000000000000666e+00 1.878741699424358869e+00
1.010000000000000675e+00 1.821095802370735983e+00
1.020000000000000684e+00 1.755709509191516693e+00
1.030000000000000693e+00 1.682843860874146502e+00
1.040000000000000702e+00 1.602785268135139551e+00
1.050000000000000711e+00 1.515847489320727437e+00
1.060000000000000719e+00 1.422373672795931965e+00
1.070000000000000728e+00 1.322738243919979295e+00
1.080000000000000737e+00 1.217348414564801251e+00
1.090000000000000746e+00 1.106645108096024899e+00
1.100000000000000755e+00 9.911031269476817673e-01
1.110000000000000764e+00 8.712304409891766799e-01
1.120000000000000773e+00 7.475665382963138095e-01
1.130000000000000782e+00 6.206798467625944671e-01
1.140000000000000790e+00 4.911642962716231131e-01
1.150000000000000799e+00 3.596351394120474443e-01
1.160000000000000808e+00 2.267241802927949523e-01
1.170000000000000817e+00 9.307457644703662214e-02
1.180000000000000826e+00 -4.066461883708453323e-02
1.190000000000000835e+00 -1.738440124031911671e-01
1.200000000000000844e+00 -3.058193747020627740e-01
1.210000000000000853e+00 -4.359569527985521775e-01
1.220000000000000862e+00 -5.636384687887641132e-01
1.230000000000000870e+00 -6.882656946220746530e-01
1.240000000000000879e+00 -8.092645118349998112e-01
1.250000000000000888e+00 -9.260883848112119177e-01
1.260000000000000897e+00 -1.038221199539296258e+00
1.270000000000000906e+00 -1.145179445569151966e+00
1.280000000000000915e+00 -1.246513746451340054e+00
1.290000000000000924e+00 -1.341809771510883653e+00
1.300000000000000933e+00 -1.430688588104453540e+00
1.310000000000000941e+00 -1.512806536306146254e+00
1.320000000000000950e+00 -1.587854725981423964e+00
1.330000000000000959e+00 -1.655558267644323900e+00
1.340000000000000968e+00 -1.715675352867382930e+00
1.350000000000000977e+00 -1.767996296732645467e+00
1.360000000000000986e+00 -1.812342644716186557e+00
1.370000000000000995e+00 -1.848566430245065062e+00
1.380000000000001004e+00 -1.876549648817450899e+00
1.390000000000001013e+00 -1.896203991468961902e+00
1.400000000000001021e+00 -1.907470856500328438e+00
1.410000000000001030e+00 -1.910321634995747697e+00
1.420000000000001039e+00 -1.904758244217404251e+00
1.430000000000001048e+00 -1.890813864130155286e+00
1.440000000000001057e+00 -1.868553816920692556e+00
1.450000000000001066e+00 -1.838076517648947972e+00
1.460000000000001075e+00 -1.799514416521906357e+00
1.470000000000001084e+00 -1.753034849689666164e+00
1.480000000000001092e+00 -1.698840716070219914e+00
1.490000000000001101e+00 -1.637170902294760477e+00
1.500000000000001110e+00 -1.568300386268574931e+00
1.510000000000001119e+00 -1.492539961585812369e+00
1.520000000000001128e+00 -1.410235539608078570e+00
1.530000000000001137e+00 -1.321767002662033841e+00
1.540000000000001146e+00 -1.227546599714479658e+00
1.550000000000001155e+00 -1.128016894118396563e+00
1.560000000000001164e+00 -1.023648290642475089e+00
1.570000000000001172e+00 -9.149361851121611267e-01
1.580000000000001181e+00 -8.023977937655577541e-01
1.590000000000001190e+00 -6.865687302456224828e-01
1.600000000000001199e+00 -5.679994054966917005e-01
1.610000000000001208e+00 -4.472513295179401105e-01
1.620000000000001217e+00 -3.248933938536028299e-01
1.630000000000001226e+00 -2.014982101218924793e-01
1.640000000000001235e+00 -7.763857308207902652e-02
1.650000000000001243e+00 4.611589269645096495e-02
1.660000000000001252e+00 1.692018550467463689e-01
1.670000000000001261e+00 2.910651306701667052e-01
1.680000000000001270e+00 4.111632548521068076e-01
1.690000000000001279e+00 5.289677569886859221e-01
1.700000000000001288e+00 6.439661474385369733e-01
1.710000000000001297e+00 7.556636328555096371e-01
1.720000000000001306e+00 8.635845870914568012e-01
1.730000000000001315e+00 9.672738124685293926e-01
1.740000000000001323e+00 1.066297631536808010e+00
1.750000000000001332e+00 1.160244852083616163e+00
1.760000000000001341e+00 1.248727648239134291e+00
1.770000000000001350e+00 1.331382398018186031e+00
1.780000000000001359e+00 1.407870512903457438e+00
1.790000000000001368e+00 1.477879288331916285e+00
1.800000000000001377e+00 1.541122795751281860e+00
1.810000000000001386e+00 1.597342827640964247e+00
1.820000000000001394e+00 1.646309897205619599e+00
1.830000000000001403e+00 1.687824284764308347e+00
1.840000000000001412e+00 1.721717113826768619e+00
1.850000000000001421e+00 1.747851431809781753e+00
1.860000000000001430e+00 1.766123263835627455e+00
1.870000000000001439e+00 1.776462603242600302e+00
1.880000000000001448e+00 1.778834299670138952e+00
1.890000000000001457e+00 1.773238804813090708e+00
1.900000000000001465e+00 1.759712737303566810e+00
1.910000000000001474e+00 1.738329231411942954e+00
1.920000000000001483e+00 1.709198039302380456e+00
1.930000000000001492e+00 1.672465362991947257e+00
1.940000000000001501e+00 1.628313399752943980e+00
1.950000000000001510e+00 1.576959592916213238e+00
1.960000000000001519e+00 1.518655588628553987e+00
1.970000000000001528e+00 1.453685907514431053e+00
1.980000000000001537e+00 1.382366348165772196e+00
1.990000000000001545e+00 1.305042146411514947e+00
2.000000000000001332e+00 1.222085920274470272e+00
2.010000000000001119e+00 1.133895435001852192e+00
2.020000000000000906e+00 1.040891225580741208e+00
2.030000000000000693e+00 9.435141154691933929e-01
2.040000000000000480e+00 8.422226700799971821e-01
2.050000000000000266e+00 7.374906217516847828e-01
2.060000000000000053e+00 6.298042998775580381e-01
2.069999999999999840e+00 5.196600955702076474e-01
2.079999999999999627e+00 4.075619851756909773e-01
2.089999999999999414e+00 2.940191312246753785e-01
2.099999999999999201e+00 1.795435735281671330e-01
2.109999999999998987e+00 6.464801720785397221e-02
2.119999999999998774e+00 -5.015628100804778861e-02
2.129999999999998561e+00 -1.643615318319651131e-01
2.139999999999998348e+00 -2.774653454091208227e-01
2.149999999999998135e+00 -3.889725869444840001e-01
2.159999999999997922e+00 -4.983971685185303313e-01
2.169999999999997708e+00 -6.052637904533595403e-01
2.179999999999997495e+00 -7.091096451432757908e-01
2.189999999999997282e+00 -8.094860948551947377e-01
2.199999999999997069e+00 -9.059603325424263609e-01
2.209999999999996856e+00 -9.981170315963889816e-01
2.219999999999996643e+00 -1.085559986665935561e+00
2.229999999999996430e+00 -1.167913743660213832e+00
2.239999999999996216e+00 -1.244825212826348837e+00
2.249999999999996003e+00 -1.315965254826655606e+00
2.259999999999995790e+00 -1.381030226017195162e+00
2.269999999999995577e+00 -1.439743466084269619e+00
2.279999999999995364e+00 -1.491856708749100147e+00
2.289999999999995151e+00 -1.537151394766219648e+00
2.299999999999994937e+00 -1.575439865747715995e+00
2.309999999999994724e+00 -1.606566417716103645e+00
2.319999999999994511e+00 -1.630408194453365933e+00
2.329999999999994298e+00 -1.646875902855809759e+00
2.339999999999994085e+00 -1.655914335266008175e+00
2.349999999999993872e+00 -1.657502687246675821e+00
2.359999999999993658e+00 -1.651654663068581330e+00
2.369999999999993445e+00 -1.638418365377993346e+00
2.379999999999993232e+00 -1.617875969647051715e+00
2.389999999999993019e+00 -1.590143188163867904e+00
2.399999999999992806e+00 -1.555368532060922737e+00
2.409999999999992593e+00 -1.513732383313012742e+00
2.419999999999992379e+00 -1.465445891381237598e+00
2.429999999999992166e+00 -1.410749711398336492e+00
2.439999999999991953e+00 -1.349912602173208409e+00
2.449999999999991740e+00 -1.283229903070544520e+00
2.459999999999991527e+00 -1.211021908760284038e+00
2.469999999999991314e+00 -1.133632160231508035e+00
2.479999999999991100e+00 -1.051425669157938669e+00
2.489999999999990887e+00 -9.647870910406068923e-01
2.499999999999990674e+00 -8.741188604145049279e-01
2.509999999999990461e+00 -7.798392991712235212e-01
2.519999999999990248e+00 -6.823807066132814292e-01
2.529999999999990035e+00 -5.821874375985466310e-01
2.539999999999989821e+00 -4.797139729377411510e-01
2.549999999999989608e+00 -3.754229844280577710e-01
2.559999999999989395e+00 -2.697833953881366709e-01
2.569999999999989182e+00 -1.632684366115416397e-01
2.579999999999988969e+00 -5.635369707251514093e-02
2.589999999999988756e+00 5.048483124803847255e-02
2.599999999999988542e+00 1.567727146575600417e-01
2.609999999999988329e+00 2.620390444605313340e-01
2.619999999999988116e+00 3.658184071772836443e-01
2.629999999999987903e+00 4.676528547630463550e-01
2.639999999999987690e+00 5.670938696440513960e-01
2.649999999999987477e+00 6.637043175039626375e-01
2.659999999999987264e+00 7.570603790154277757e-01
2.669999999999987050e+00 8.467534499712200402e-01
2.679999999999986837e+00 9.323919978732895242e-01
2.689999999999986624e+00 1.013603361815490045e+00
2.699999999999986411e+00 1.090035481765451619e+00
2.709999999999986198e+00 1.161358542903883517e+00
2.719999999999985985e+00 1.227266520796244764e+00
2.729999999999985771e+00 1.287478613598354027e+00
2.739999999999985558e+00 1.341740548473447703e+00
2.749999999999985345e+00 1.389825750628325141e+00
2.759999999999985132e+00 1.431536365064226324e+00
2.769999999999984919e+00 1.466704122958120804e+00
2.779999999999984706e+00 1.495191046721688899e+00
2.789999999999984492e+00 1.516889989887986401e+00
2.799999999999984279e+00 1.531725010220427841e+00
2.809999999999984066e+00 1.539651576488896501e+00
2.819999999999983853e+00 1.540656611391484798e+00
2.829999999999983640e+00 1.534758374800884395e+00
2.839999999999983427e+00 1.522006193078371927e+00
2.849999999999983213e+00 1.502480041342587391e+00
2.859999999999983000e+00 1.476289986526039266e+00
2.869999999999982787e+00 1.443575499555532327e+00
2.879999999999982574e+00 1.404504645301026367e+00
2.889999999999982361e+00 1.359273158843838480e+00
2.899999999999982148e+00 1.308103416386568130e+00
2.909999999999981934e+00 1.251243308588634084e+00
2.919999999999981721e+00 1.188965023537536414e+00
2.929999999999981508e+00 1.121563745802978573e+00
2.939999999999981295e+00 1.049356277337916810e+00
2.949999999999981082e+00 9.726795852423816280e-01
2.959999999999980869e+00 8.918892808429024210e-01
2.969999999999980655e+00 8.073580340155764867e-01
2.979999999999980442e+00 7.194739264150137315e-01
2.989999999999980229e+00 6.286387471083196843e-01
2.999999999999980016e+00 5.352662342379054250e-01
3.009999999999979803e+00 4.397802665807852285e-01
3.019999999999979590e+00 3.426130093832560619e-01
3.029999999999979376e+00 2.442030194502329832e-01
3.039999999999979163e+00 1.449933152730066843e-01
3.049999999999978950e+00 4.542941880645497837e-02
3.059999999999978737e+00 -5.404262355390102024e-02
3.069999999999978524e+00 -1.529782323684808210e-01
3.079999999999978311e+00 -2.509362896109235130e-01
3.089999999999978098e+00 -3.474811261357295677e-01
3.099999999999977884e+00 -4.421844914507960800e-01
3.109999999999977671e+00 -5.346274946509809167e-01
3.119999999999977458e+00 -6.244025050797044063e-01
3.129999999999977245e+00 -7.111150012487126304e-01
3.139999999999977032e+00 -7.943853566895527907e-01
3.149999999999976819e+00 -8.738505518038379716e-01
3.159999999999976605e+00 -9.491658013462574983e-01
3.169999999999976392e+00 -1.020006087952447293e+00
3.179999999999976179e+00 -1.086067593035012324e+00
3.189999999999975966e+00 -1.147069017426056048e+00
3.199999999999975753e+00 -1.202752785270325253e+00
3.209999999999975540e+00 -1.252886125860523947e+00
3.219999999999975326e+00 -1.297262029294456331e+00
3.229999999999975113e+00 -1.335700073001108379e+00
3.239999999999974900e+00 -1.368047117287882530e+00
3.249999999999974687e+00 -1.394177869077110055e+00
3.259999999999974474e+00 -1.413995313909986118e+00
3.269999999999974261e+00 -1.427431017072569253e+00
3.279999999999974047e+00 -1.434445295352215544e+00
3.289999999999973834e+00 -1.435027261437546109e+00
3.299999999999973621e+00 -1.429194743368536358e+00
3.309999999999973408e+00 -1.416994081699498143e+00
3.319999999999973195e+00 -1.398499807218486657e+00
3.329999999999972982e+00 -1.373814202143432972e+00
3.339999999999972768e+00 -1.343066747768157487e+00
3.349999999999972555e+00 -1.306413461523983521e+00
3.359999999999972342e+00 -1.264036126447653618e+00
3.369999999999972129e+00 -1.216141416054688840e+00
3.379999999999971916e+00 -1.162959917707888424e+00
3.389999999999971703e+00 -1.104745057677747999e+00
3.399999999999971489e+00 -1.041771931314887878e+00
3.409999999999971276e+00 -9.743360420090801943e-01
3.419999999999971063e+00 -9.027519529939466159e-01
3.429999999999970850e+00 -8.273518564657857954e-01
3.439999999999970637e+00 -7.484840650161179720e-01
3.449999999999970424e+00 -6.665114309073086885e-01
3.459999999999970210e+00 -5.818096993459200839e-01
3.469999999999969997e+00 -4.947658024913053065e-01
3.479999999999969784e+00 -4.057761015779105529e-01
3.489999999999969571e+00 -3.152445850805874472e-01
3.499999999999969358e+00 -2.235810314212959005e-01
3.509999999999969145e+00 -1.311991451487944382e-01
3.519999999999968932e+00 -3.851467594036130093e-02
3.529999999999968718e+00 5.405646998001138737e-02
3.539999999999968505e+00 1.461001162038035039e-01
3.549999999999968292e+00 2.372056904615083561e-01
3.559999999999968079e+00 3.269680771134580444e-01
3.569999999999967866e+00 4.149894382350023392e-01
3.579999999999967653e+00 5.008809939720019200e-01
3.589999999999967439e+00 5.842647532747557992e-01
3.599999999999967226e+00 6.647751865507146585e-01
3.609999999999967013e+00 7.420608323671479267e-01
3.619999999999966800e+00 8.157858308889628374e-01
3.629999999999966587e+00 8.856313774185747834e-01
3.639999999999966374e+00 9.512970900104753547e-01
3.649999999999966160e+00 1.012502285836543336e+00
3.659999999999965947e+00 1.068987161570289057e+00
3.669999999999965734e+00 1.120513873724756859e+00
3.679999999999965521e+00 1.166867515408114286e+00
3.689999999999965308e+00 1.207856986552087619e+00
3.699999999999965095e+00 1.243315755108723941e+00
3.709999999999964881e+00 1.273102507212669154e+00
3.719999999999964668e+00 1.297101684656270182e+00
3.729999999999964455e+00 1.315223908447104684e+00
3.739999999999964242e+00 1.327406287497824300e+00
3.749999999999964029e+00 1.333612611869515074e+00
3.759999999999963816e+00 1.333833430235460416e+00
3.769999999999963602e+00 1.328086011590858595e+00
3.779999999999963389e+00 1.316414191484713392e+00
3.789999999999963176e+00 1.298888103434000296e+00
3.799999999999962963e+00 1.275603796471207030e+00
3.809999999999962750e+00 1.246682740214451135e+00
3.819999999999962537e+00 1.212271219202336159e+00
3.829999999999962323e+00 1.172539618740630951e+00
3.839999999999962110e+00 1.127681604926439762e+00
3.849999999999961897e+00 1.077913202081250965e+00
3.859999999999961684e+00 1.023471771294086841e+00
3.869999999999961471e+00 9.646148943781751584e-01
3.879999999999961258e+00 9.016191680341840708e-01
3.889999999999961044e+00 8.347789136147778510e-01
3.899999999999960831e+00 7.644048083536718607e-01
3.909999999999960618e+00 6.908224444798758412e-01
3.919999999999960405e+00 6.143708230416982108e-01
3.929999999999960192e+00 5.354007897363273205e-01
3.939999999999959979e+00 4.542734203420985550e-01
3.949999999999959766e+00 3.713583637026239281e-01
3.959999999999959552e+00 2.870321503841471444e-01
3.969999999999959339e+00 2.016764753410737465e-01
3.979999999999959126e+00 1.156764629568133029e-01
3.989999999999958913e+00 2.941892289898763099e-02
3.999999999999958700e+00 -5.670939487484476238e-02
4.009999999999958931e+00 -1.423235376822460374e-01
4.019999999999958717e+00 -2.270420721921242724e-01
4.029999999999958504e+00 -3.104887831155166422e-01
4.039999999999958291e+00 -3.922943409216390065e-01
4.049999999999958078e+00 -4.720979312280000895e-01
4.059999999999957865e+00 -5.495488388775860988e-01
4.069999999999957652e+00 -6.243079799986622769e-01
4.079999999999957438e+00 -6.960493757348187316e-01
4.089999999999957225e+00 -7.644615616342795850e-01
4.099999999999957012e+00 -8.292489270855857297e-01
4.109999999999956799e+00 -8.901329794901079451e-01
4.119999999999956586e+00 -9.468535282543844023e-01
4.129999999999956373e+00 -9.991697839844724260e-01
4.139999999999956160e+00 -1.046861368649791624e+00
4.149999999999955946e+00 -1.089729232782213009e+00
4.159999999999955733e+00 -1.127596476161700334e+00
4.169999999999955520e+00 -1.160309068747848116e+00
4.179999999999955307e+00 -1.187736469014872398e+00
4.189999999999955094e+00 -1.209772137179357943e+00
4.199999999999954881e+00 -1.226333941234628799e+00
4.209999999999954667e+00 -1.237364454073329290e+00
4.219999999999954454e+00 -1.242831140440436410e+00
4.229999999999954241e+00 -1.242726432904703193e+00
4.239999999999954028e+00 -1.237067696652516258e+00
4.249999999999953815e+00 -1.225897083378179930e+00
4.259999999999953602e+00 -1.209281274809796081e+00
4.269999999999953388e+00 -1.187311116660137778e+00
4.279999999999953175e+00 -1.160101144418241859e+00
4.289999999999952962e+00 -1.127789003063081497e+00
4.299999999999952749e+00 -1.090534763461236123e+00
4.309999999999952536e+00 -1.048520138818574532e+00
4.319999999999952323e+00 -1.001947605157768040e+00
4.329999999999952109e+00 -9.510394302694750168e-01
4.339999999999951896e+00 -8.960366160346864284e-01
4.349999999999951683e+00 -8.371977593601579448e-01
4.359999999999951470e+00 -7.747978373128434626e-01
4.369999999999951257e+00 -7.091269223159772928e-01
4.379999999999951044e+00 -6.404888335676820477e-01
4.389999999999950830e+00 -5.691997310903840201e-01
4.399999999999950617e+00 -4.955866590810650840e-01
4.409999999999950404e+00 -4.199860454326824755e-01
4.419999999999950191e+00 -3.427421644873495654e-01
4.429999999999949978e+00 -2.642055701958653247e-01
4.439999999999949765e+00 -1.847315069462865389e-01
4.449999999999949551e+00 -1.046783053373849803e-01
4.459999999999949338e+00 -2.440577016297647284e-02
4.469999999999949125e+00 5.572643219397385023e-02
4.479999999999948912e+00 1.353603798361372734e-01
4.489999999999948699e+00 2.141414878889261741e-01
4.499999999999948486e+00 2.917200806101949984e-01
4.509999999999948272e+00 3.677529363259057216e-01
4.519999999999948059e+00 4.419047985917365917e-01
4.529999999999947846e+00 5.138498471507275678e-01
4.539999999999947633e+00 5.832731224382466939e-01
4.549999999999947420e+00 6.498718975896708994e-01
4.559999999999947207e+00 7.133569921285548565e-01
4.569999999999946994e+00 7.734540217559546793e-01
4.579999999999946780e+00 8.299045789275977247e-01
4.589999999999946567e+00 8.824673391880785145e-01
4.599999999999946354e+00 9.309190885412144123e-01
4.609999999999946141e+00 9.750556674581384309e-01
4.619999999999945928e+00 1.014692827479719561e+00
4.629999999999945715e+00 1.049666996733711111e+00
4.639999999999945501e+00 1.079835951087994239e+00
4.649999999999945288e+00 1.105079388066294799e+00
4.659999999999945075e+00 1.125299401097604957e+00
4.669999999999944862e+00 1.140420852112225880e+00
4.679999999999944649e+00 1.150391640978267294e+00
4.689999999999944436e+00 1.155182870740526946e+00
4.699999999999944222e+00 1.154788908118517199e+00
4.709999999999944009e+00 1.149227339172402607e+00
4.719999999999943796e+00 1.138538820562257747e+00
4.729999999999943583e+00 1.122786827377076246e+00
4.739999999999943370e+00 1.102057299073167185e+00
4.749999999999943157e+00 1.076458185505131615e+00
4.759999999999942943e+00 1.046118895482360589e+00
4.769999999999942730e+00 1.011189650687231989e+00
4.779999999999942517e+00 9.718407482198462288e-01
4.789999999999942304e+00 9.282617354102524754e-01
4.799999999999942091e+00 8.806605009481854873e-01
4.809999999999941878e+00 8.292622867303138801e-01
4.819999999999941664e+00 7.743086251996023073e-01
4.829999999999941451e+00 7.160562072527132393e-01
4.839999999999941238e+00 6.547756861076027279e-01
4.849999999999941025e+00 5.907504227564317478e-01
4.859999999999940812e+00 5.242751788749870911e-01
4.869999999999940599e+00 4.556547632226204403e-01
4.879999999999940385e+00 3.852026377485748276e-01
4.889999999999940172e+00 3.132394897246107979e-01
4.899999999999939959e+00 2.400917763543427563e-01
4.909999999999939746e+00 1.660902483658849571e-01
4.919999999999939533e+00 9.156845918028076736e-02
4.929999999999939320e+00 1.686126625913305851e-02
4.939999999999939106e+00 -5.769666872523384477e-02
4.949999999999938893e+00 -1.317723742916681040e-01
4.959999999999938680e+00 -2.050360515291924646e-01
4.969999999999938467e+00 -2.771625379488091845e-01
4.979999999999938254e+00 -3.478327463672417630e-01
4.989999999999938041e+00 -4.167350725260259847e-01
4.999999999999937828e+00 -4.835667652653834470e-01
5.009999999999937614e+00 -5.480352532693461010e-01
5.019999999999937401e+00 -6.098594225661455592e-01
5.029999999999937188e+00 -6.687708392164495308e-01
5.039999999999936975e+00 -7.245149118404409228e-01
5.049999999999936762e+00 -7.768519889342427875e-01
5.059999999999936549e+00 -8.255583861941582224e-01
5.069999999999936335e+00 -8.704273394156806232e-01
5.079999999999936122e+00 -9.112698788486646162e-01
5.089999999999935909e+00 -9.479156212825401440e-01
5.099999999999935696e+00 -9.802134764899491648e-01
5.109999999999935483e+00 -1.008032265086159285e+00
5.119999999999935270e+00 -1.031261245247726777e+00
5.129999999999935056e+00 -1.049810546189914318e+00
5.139999999999934843e+00 -1.063611506710119947e+00
5.149999999999934630e+00 -1.072616917576999063e+00
5.159999999999934417e+00 -1.076801166963698764e+00
5.169999999999934204e+00 -1.076160288611073934e+00
5.179999999999933991e+00 -1.070711912849038550e+00
5.189999999999933777e+00 -1.060495121072194680e+00
5.199999999999933564e+00 -1.045570204619887811e+00
5.209999999999933351e+00 -1.026018329432013321e+00
5.219999999999933138e+00 -1.001941108259934543e+00
5.229999999999932925e+00 -9.734600826770847259e-01
5.239999999999932712e+00 -9.407161175223258676e-01
5.249999999999932498e+00 -9.038687108352314592e-01
5.259999999999932285e+00 -8.630952226869000876e-01
5.269999999999932072e+00 -8.185900266811395598e-01
5.279999999999931859e+00 -7.705635881894787875e-01
5.289999999999931646e+00 -7.192414737018140158e-01
5.299999999999931433e+00 -6.648632959176603574e-01
5.309999999999931219e+00 -6.076815994813414834e-01
5.319999999999931006e+00 -5.479606924733123607e-01
5.329999999999930793e+00 -4.859754290142204725e-01
5.339999999999930580e+00 -4.220099485127488670e-01
5.349999999999930367e+00 -3.563563772929814744e-01
5.359999999999930154e+00 -2.893134984675769794e-01
5.369999999999929940e+00 -2.211853960774685934e-01
5.379999999999929727e+00 -1.522800795963758780e-01
5.389999999999929514e+00 -8.290809499616762224e-02
5.399999999999929301e+00 -1.338112859069130745e-02
5.409999999999929088e+00 5.598939008337135842e-02
5.419999999999928875e+00 1.248936801229461602e-01
5.429999999999928662e+00 1.930249896401944887e-01
5.439999999999928448e+00 2.600809585426128723e-01
5.449999999999928235e+00 3.257649576522322898e-01
5.459999999999928022e+00 3.897873982425574813e-01
5.469999999999927809e+00 4.518670061936194138e-01
5.479999999999927596e+00 5.117320551566838516e-01
5.489999999999927383e+00 5.691215532961071411e-01
5.499999999999927169e+00 6.237863784186780114e-01
5.509999999999926956e+00 6.754903565279302136e-01
5.519999999999926743e+00 7.240112791310312490e-01
5.529999999999926530e+00 7.691418548986692638e-01
5.539999999999926317e+00 8.106905916092066455e-01
5.549999999999926104e+00 8.484826046199772653e-01
5.559999999999925890e+00 8.823603484729150015e-01
5.569999999999925677e+00 9.121842685847085797e-01
5.579999999999925464e+00 9.378333703619678996e-01
5.589999999999925251e+00 9.592057034484705591e-01
5.599999999999925038e+00 9.762187592197655306e-01
5.609999999999924825e+00 9.888097800227639844e-01
5.619999999999924611e+00 9.969359790759684259e-01
5.629999999999924398e+00 1.000574670335987237e+00
5.639999999999924185e+00 9.997233080528631355e-01
5.649999999999923972e+00 9.943994361194131715e-01
5.659999999999923759e+00 9.846405477376477533e-01
5.669999999999923546e+00 9.705038563268264529e-01
5.679999999999923332e+00 9.520659790110677090e-01
5.689999999999923119e+00 9.294225343888743440e-01
5.699999999999922906e+00 9.026876566633197374e-01
5.709999999999922693e+00 8.719934285559508558e-01
5.719999999999922480e+00 8.374892357836004608e-01
5.729999999999922267e+00 7.993410462016871110e-01
5.739999999999922053e+00 7.577306170515216710e-01
5.749999999999921840e+00 7.128546340503593148e-01
5.759999999999921627e+00 6.649237863676249471e-01
5.769999999999921414e+00 6.141617817993405559e-01
5.779999999999921201e+00 5.608043067185416453e-01
5.789999999999920988e+00 5.050979356066970238e-01
5.799999999999920774e+00 4.472989951912254014e-01
5.809999999999920561e+00 3.876723883955573435e-01
5.819999999999920348e+00 3.264903834799255944e-01
5.829999999999920135e+00 2.640313738850007530e-01
5.839999999999919922e+00 2.005786144131080084e-01
5.849999999999919709e+00 1.364189394672452871e-01
5.859999999999919496e+00 7.184146914004324591e-02
5.869999999999919282e+00 7.136308979874403033e-03
5.879999999999919069e+00 -5.740675071972816540e-02
5.889999999999918856e+00 -1.214995302787399423e-01
5.899999999999918643e+00 -1.848567448442175187e-01
5.909999999999918430e+00 -2.471972717364167571e-01
5.919999999999918217e+00 -3.082453952945266584e-01
5.929999999999918003e+00 -3.677320237115589419e-01
5.939999999999917790e+00 -4.253958724888168841e-01
5.949999999999917577e+00 -4.809846093112314369e-01
5.959999999999917364e+00 -5.342559553335435307e-01
5.969999999999917151e+00 -5.849787380826617644e-01
5.979999999999916938e+00 -6.329338914135215211e-01
5.989999999999916724e+00 -6.779153982105992071e-01
5.999999999999916511e+00 -7.197311717978813750e-01
6.009999999999916298e+00 -7.582038723095702037e-01
6.019999999999916085e+00 -7.931716545774687432e-01
6.029999999999915872e+00 -8.244888444092821622e-01
6.039999999999915659e+00 -8.520265404629847605e-01
6.049999999999915445e+00 -8.756731392634965472e-01
6.059999999999915232e+00 -8.953347812598145827e-01
6.069999999999915019e+00 -9.109357161782491996e-01
6.079999999999914806e+00 -9.224185862939600078e-01
6.089999999999914593e+00 -9.297446266105854340e-01
6.099999999999914380e+00 -9.328937813126881862e-01
6.109999999999914166e+00 -9.318647362302906467e-01
6.119999999999913953e+00 -9.266748674377918160e-01
6.129999999999913740e+00 -9.173601064756919943e-01
6.139999999999913527e+00 -9.039747230421324442e-01
6.149999999999913314e+00 -8.865910263551686210e-01
6.159999999999913101e+00 -8.652989867544594871e-01
6.169999999999912887e+00 -8.402057794645620969e-01
6.179999999999912674e+00 -8.114352527940681403e-01
6.189999999999912461e+00 -7.791273233756537131e-01
6.199999999999912248e+00 -7.434373013782672457e-01
6.209999999999912035e+00 -7.045351489221783892e-01
6.219999999999911822e+00 -6.626046752207551682e-01
6.229999999999911608e+00 -6.178426722373411284e-01
6.239999999999911395e+00 -5.704579949040081699e-01
6.249999999999911182e+00 -5.206705901774546508e-01
6.259999999999910969e+00 -4.687104794296279575e-01
6.269999999999910756e+00 -4.148166988607762673e-01
6.279999999999910543e+00 -3.592362028051054312e-01
6.289999999999910330e+00 -3.022227349463794677e-01
6.299999999999910116e+00 -2.440356725984735853e-01
6.309999999999909903e+00 -1.849388493055024452e-01
6.319999999999909690e+00 -1.251993611051424038e-01
6.329999999999909477e+00 -6.508636184818807069e-02
6.339999999999909264e+00 -4.869853006515990380e-03
6.349999999999909051e+00 5.518052659927503989e-02
6.359999999999908837e+00 1.147967057313169920e-01
6.369999999999908624e+00 1.737133749536176053e-01
6.379999999999908411e+00 2.316691648252275082e-01
6.389999999999908198e+00 2.884078028509396985e-01
6.399999999999907985e+00 3.436792440766478496e-01
6.409999999999907772e+00 3.972407703592819028e-01
6.419999999999907558e+00 4.488580534886633111e-01
6.429999999999907345e+00 4.983061775243904368e-01
6.439999999999907132e+00 5.453706158991951103e-01
6.449999999999906919e+00 5.898481590655588747e-01
6.459999999999906706e+00 6.315477886875978664e-01
6.469999999999906493e+00 6.702914946408110586e-01
6.479999999999906279e+00 7.059150313398935284e-01
6.489999999999906066e+00 7.382686102058775290e-01
6.499999999999905853e+00 7.672175253688146013e-01
6.509999999999905640e+00 7.926427100186649310e-01
6.519999999999905427e+00 8.144412211242750832e-01
6.529999999999905214e+00 8.325266505767295877e-01
6.539999999999905000e+00 8.468294611371935954e-01
6.549999999999904787e+00 8.572972459199763584e-01
6.559999999999904574e+00 8.638949104762213560e-01
6.569999999999904361e+00 8.666047769024991521e-01
6.579999999999904148e+00 8.654266097368089605e-01
6.589999999999903935e+00 8.603775637631202455e-01
6.599999999999903721e+00 8.514920541851526137e-01
6.609999999999903508e+00 8.388215499924370766e-01
6.619999999999903295e+00 8.224342916743180298e-01
6.629999999999903082e+00 8.024149347818649858e-01
6.639999999999902869e+00 7.788641211517385310e-01
6.649999999999902656e+00 7.518979799337601744e-01
6.659999999999902442e+00 7.216475608593173607e-01
6.669999999999902229e+00 6.882582024947382360e-01
6.679999999999902016e+00 6.518888384957777227e-01
6.689999999999901803e+00 6.127112451606107069e-01
6.699999999999901590e+00 5.709092338218036966e-01
6.709999999999901377e+00 5.266777918671484704e-01
6.719999999999901164e+00 4.802221763870923033e-01
6.729999999999900950e+00 4.317569646585703858e-01
6.739999999999900737e+00 3.815050658436157649e-01
6.749999999999900524e+00 3.296966984525819822e-01
6.759999999999900311e+00 2.765683382482816977e-01
6.769999999999900098e+00 2.223616413962826166e-01
6.779999999999899885e+00 1.673223477496023348e-01
6.789999999999899671e+00 1.116991692412298287e-01
6.799999999999899458e+00 5.574266839647375182e-02
6.809999999999899245e+00 -2.958679823358358356e-04
6.819999999999899032e+00 -5.616555491296586211e-02
6.829999999999898819e+00 -1.116170300708643898e-01
6.839999999999898606e+00 -1.664035643778419837e-01
6.849999999999898392e+00 -2.202821574015936257e-01
6.859999999999898179e+00 -2.730146127219518215e-01
6.869999999999897966e+00 -3.243685885120393131e-01
6.879999999999897753e+00 -3.741186187208713765e-01
6.889999999999897540e+00 -4.220471003769949991e-01
6.899999999999897327e+00 -4.679452427107759216e-01
6.909999999999897113e+00 -5.116139739638407846e-01
6.919999999999896900e+00 -5.528648019684773152e-01
6.929999999999896687e+00 -5.915206247851914068e-01
6.939999999999896474e+00 -6.274164879336864287e-01
6.949999999999896261e+00 -6.604002849885313164e-01
6.959999999999896048e+00 -6.903333985861205280e-01
6.969999999999895834e+00 -7.170912791516387275e-01
6.979999999999895621e+00 -7.405639589536424650e-01
6.989999999999895408e+00 -7.606564993771171013e-01
6.999999999999895195e+00 -7.772893696232657801e-01
7.009999999999894982e+00 -7.903987553436285785e-01
7.019999999999894769e+00 -7.999367960464142113e-01
7.029999999999894555e+00 -8.058717504224219841e-01
7.039999999999894342e+00 -8.081880890752760616e-01
7.049999999999894129e+00 -8.068865144558243774e-01
7.059999999999893916e+00 -8.019839081409823045e-01
7.069999999999893703e+00 -7.935132059084754053e-01
7.079999999999893490e+00 -7.815232013883613993e-01
7.089999999999893276e+00 -7.660782793763309950e-01
7.099999999999893063e+00 -7.472580802190464944e-01
7.109999999999892850e+00 -7.251570969765160912e-01
7.119999999999892637e+00 -6.998842073757254312e-01
7.129999999999892424e+00 -6.715621428456084452e-01
7.139999999999892211e+00 -6.403268972101574530e-01
7.149999999999891998e+00 -6.063270778673500727e-01
7.159999999999891784e+00 -5.697232025406430145e-01
7.169999999999891571e+00 -5.306869449118377657e-01
7.179999999999891358e+00 -4.894003326724798431e-01
7.189999999999891145e+00 -4.460549017213140677e-01
7.199999999999890932e+00 -4.008508104301718999e-01
7.209999999999890719e+00 -3.539959180564977159e-01
7.219999999999890505e+00 -3.057048315390784032e-01
7.229999999999890292e+00 -2.561979250318188739e-01
7.239999999999890079e+00 -2.057003366493080077e-01
7.249999999999889866e+00 -1.544409469760204823e-01
7.259999999999889653e+00 -1.026513439684782758e-01
7.269999999999889440e+00 -5.056477891610210162e-02
7.279999999999889226e+00 1.584881838442994077e-03
7.289999999999889013e+00 5.356420472407241729e-02
7.299999999999888800e+00 1.051412316231445654e-01
7.309999999999888587e+00 1.560865127692011300e-01
7.319999999999888374e+00 2.061741252680783232e-01
7.329999999999888161e+00 2.551826727372533132e-01
7.339999999999887947e+00 3.028962616472691827e-01
7.349999999999887734e+00 3.491054500752919232e-01
7.359999999999887521e+00 3.936081647082879664e-01
7.369999999999887308e+00 4.362105820962162150e-01
7.379999999999887095e+00 4.767279703190230311e-01
7.389999999999886882e+00 5.149854874278738670e-01
7.399999999999886668e+00 5.508189332171999908e-01
7.409999999999886455e+00 5.840754511109984559e-01
7.419999999999886242e+00 6.146141771718892644e-01
7.429999999999886029e+00 6.423068334942769742e-01
7.439999999999885816e+00 6.670382634926939058e-01
7.449999999999885603e+00 6.887069068708864261e-01
7.459999999999885389e+00 7.072252123269516799e-01
7.469999999999885176e+00 7.225199863408161560e-01
7.479999999999884963e+00 7.345326766749690206e-01
7.489999999999884750e+00 7.432195895218131065e-01
7.499999999999884537e+00 7.485520395253446591e-01
7.509999999999884324e+00 7.505164322133610622e-01
7.519999999999884110e+00 7.491142786744457993e-01
7.529999999999883897e+00 7.443621426221421755e-01
7.539999999999883684e+00 7.362915202868220987e-01
7.549999999999883471e+00 7.249486538818056269e-01
7.559999999999883258e+00 7.103942796813387250e-01
7.569999999999883045e+00 6.927033120410066580e-01
7.579999999999882832e+00 6.719644649689363591e-01
7.589999999999882618e+00 6.482798131336171554e-01
7.599999999999882405e+00 6.217642944552764783e-01
7.609999999999882192e+00 5.925451566856528851e-01
7.619999999999881979e+00 5.607613506211293064e-01
7.629999999999881766e+00 5.265628728279637683e-01
7.639999999999881553e+00 4.901100609731550151e-01
7.649999999999881339e+00 4.515728450597370491e-01
7.659999999999881126e+00 4.111299580505141105e-01
7.669999999999880913e+00 3.689681095371979969e-01
7.679999999999880700e+00 3.252811262640136203e-01
7.689999999999880487e+00 2.802690634525371038e-01
7.699999999999880274e+00 2.341372909914593570e-01
7.709999999999880060e+00 1.870955586556985184e-01
7.719999999999879847e+00 1.393570445992711460e-01
7.729999999999879634e+00 9.113739142851261243e-02
7.739999999999879421e+00 4.265373420420499190e-02
7.749999999999879208e+00 -5.876275255972524675e-03
7.759999999999878995e+00 -5.423544339993551650e-02
7.769999999999878781e+00 -1.022080049306449412e-01
7.779999999999878568e+00 -1.495805834396740641e-01
7.789999999999878355e+00 -1.961431384180528092e-01
7.799999999999878142e+00 -2.416898944503690638e-01
7.809999999999877929e+00 -2.860202484920384980e-01
7.819999999999877716e+00 -3.289396512385602822e-01
7.829999999999877502e+00 -3.702604587256161928e-01
7.839999999999877289e+00 -4.098027504415232558e-01
7.849999999999877076e+00 -4.473951103970918997e-01
7.859999999999876863e+00 -4.828753677717315118e-01
7.869999999999876650e+00 -5.160912939487449780e-01
7.879999999999876437e+00 -5.469012529541276146e-01
7.889999999999876223e+00 -5.751748025341318904e-01
7.899999999999876010e+00 -6.007932433322283883e-01
7.909999999999875797e+00 -6.236501138699958036e-01
7.919999999999875584e+00 -6.436516292814404849e-01
7.929999999999875371e+00 -6.607170620125885074e-01
7.939999999999875158e+00 -6.747790629583885202e-01
7.949999999999874944e+00 -6.857839217851556812e-01
7.959999999999874731e+00 -6.936917654572666292e-01
7.969999999999874518e+00 -6.984766942717358651e-01
7.979999999999874305e+00 -7.001268549800889751e-01
7.989999999999874092e+00 -6.986444508660519803e-01
7.999999999999873879e+00 -6.940456889243302729e-01
8.009999999999873666e+00 -6.863606645724437127e-01
8.019999999999873452e+00 -6.756331845973085892e-01
8.029999999999873239e+00 -6.619205293189475148e-01
8.039999999999873026e+00 -6.452931552162041173e-01
8.049999999999872813e+00 -6.258343395298405776e-01
8.059999999999872600e+00 -6.036397686064876034e-01
8.069999999999872387e+00 -5.788170720013073867e-01
8.079999999999872173e+00 -5.514853045860109715e-01
8.089999999999871960e+00 -5.217743791425820676e-01
8.099999999999871747e+00 -4.898244521283715569e-01
8.109999999999871534e+00 -4.557852655075029236e-01
8.119999999999871321e+00 -4.198154477222685865e-01
8.129999999999871108e+00 -3.820817770599740926e-01
8.139999999999870894e+00 -3.427584108199221435e-01
8.149999999999870681e+00 -3.020260838368485357e-01
8.159999999999870468e+00 -2.600712800342198650e-01
8.169999999999870255e+00 -2.170853807996759033e-01
8.179999999999870042e+00 -1.732637940576156332e-01
8.189999999999869829e+00 -1.288050679981362079e-01
8.199999999999869615e+00 -8.390999346829963734e-02
8.209999999999869402e+00 -3.878069907994891041e-02
8.219999999999869189e+00 6.380256901645844740e-03
8.229999999999868976e+00 5.137079381199444184e-02
8.239999999999868763e+00 9.599021093484459699e-02
8.249999999999868550e+00 1.400400809172383798e-01
8.259999999999868336e+00 1.833251302893066925e-01
8.269999999999868123e+00 2.256541031850557710e-01
8.279999999999867910e+00 2.668406044581828618e-01
8.289999999999867697e+00 3.067039184798019402e-01
8.299999999999867484e+00 3.450698000359551654e-01
8.309999999999867271e+00 3.817712338674126293e-01
8.319999999999867057e+00 4.166491595561451766e-01
8.329999999999866844e+00 4.495531586166284232e-01
8.339999999999866631e+00 4.803421008400426961e-01
8.349999999999866418e+00 5.088847471192357030e-01
8.359999999999866205e+00 5.350603061968500773e-01
8.369999999999865992e+00 5.587589429813841768e-01
8.379999999999865778e+00 5.798822363112333678e-01
8.389999999999865565e+00 5.983435842676427807e-01
8.399999999999865352e+00 6.140685553895433024e-01
8.409999999999865139e+00 6.269951843785631640e-01
8.419999999999864926e+00 6.370742111467504465e-01
8.429999999999864713e+00 6.442692623047298062e-01
8.439999999999864500e+00 6.485569744599559705e-01
8.449999999999864286e+00 6.499270589452351699e-01
8.459999999999864073e+00 6.483823078723346400e-01
8.469999999999863860e+00 6.439385416562551923e-01
8.479999999999863647e+00 6.366244984292832587e-01
8.489999999999863434e+00 6.264816660117991098e-01
8.499999999999863221e+00 6.135640573735064995e-01
8.509999999999863007e+00 5.979379307567641577e-01
8.519999999999862794e+00 5.796814558889994418e-01
8.529999999999862581e+00 5.588843279361721539e-01
8.539999999999862368e+00 5.356473310892710948e-01
8.549999999999862155e+00 5.100818538839011484e-01
8.559999999999861942e+00 4.823093585739215983e-01
8.569999999999861728e+00 4.524608070674135951e-01
8.579999999999861515e+00 4.206760461314196231e-01
8.589999999999861302e+00 3.871031547348335322e-01
8.599999999999861089e+00 3.518977565705366239e-01
8.609999999999860876e+00 3.152223009332949522e-01
8.619999999999860663e+00 2.772453152726784831e-01
8.629999999999860449e+00 2.381406328458696708e-01
8.639999999999860236e+00 1.980865990067079141e-01
8.649999999999860023e+00 1.572652597412519393e-01
8.659999999999859810e+00 1.158615361389282450e-01
8.669999999999859597e+00 7.406238852936976313e-02
8.679999999999859384e+00 3.205597406012831996e-02
8.689999999999859170e+00 -9.969198502033080334e-03
8.699999999999858957e+00 -5.182511295268021900e-02
8.709999999999858744e+00 -9.332508504667491600e-02
8.719999999999858531e+00 -1.342845933662955293e-01
8.729999999999858318e+00 -1.745220979756055557e-01
8.739999999999858105e+00 -2.138598432326080101e-01
8.749999999999857891e+00 -2.521246412221505584e-01
8.759999999999857678e+00 -2.891486323608412068e-01
8.769999999999857465e+00 -3.247700198469712918e-01
8.779999999999857252e+00 -3.588337747466482930e-01
8.789999999999857039e+00 -3.911923086572736685e-01
8.799999999999856826e+00 -4.217061110353014231e-01
8.809999999999856612e+00 -4.502443484504923821e-01
8.819999999999856399e+00 -4.766854231992309066e-01
8.829999999999856186e+00 -5.009174889069863967e-01
8.839999999999855973e+00 -5.228389209416418604e-01
8.849999999999855760e+00 -5.423587396756993639e-01
8.859999999999855547e+00 -5.593969848448403503e-01
8.869999999999855333e+00 -5.738850394816151779e-01
8.879999999999855120e+00 -5.857659021261076848e-01
8.889999999999854907e+00 -5.949944062574105130e-01
8.899999999999854694e+00 -6.015373861223711760e-01
8.909999999999854481e+00 -6.053737883866061598e-01
8.919999999999854268e+00 -6.064947292707077997e-01
8.929999999999854055e+00 -6.049034970855102777e-01
8.939999999999853841e+00 -6.006155003193313080e-01
8.949999999999853628e+00 -5.936581616783075388e-01
8.959999999999853415e+00 -5.840707587155038460e-01
8.969999999999853202e+00 -5.719042119263928470e-01
8.979999999999852989e+00 -5.572208214161713524e-01
8.989999999999852776e+00 -5.400939534758748550e-01
8.999999999999852562e+00 -5.206076786202159523e-01
9.009999999999852349e+00 -4.988563628567583841e-01
9.019999999999852136e+00 -4.749442141560348829e-01
9.029999999999851923e+00 -4.489847862902226483e-01
9.039999999999851710e+00 -4.211004423885141845e-01
9.049999999999851497e+00 -3.914217807333522647e-01
9.059999999999851283e+00 -3.600870254797897130e-01
9.069999999999851070e+00 -3.272413851315761346e-01
9.079999999999850857e+00 -2.930363817405490234e-01
9.089999999999850644e+00 -2.576291539200645797e-01
9.099999999999850431e+00 -2.211817368688844820e-01
9.109999999999850218e+00 -1.838603226968263948e-01
9.119999999999850004e+00 -1.458345044199459151e-01
9.129999999999849791e+00 -1.072765070571175955e-01
9.139999999999849578e+00 -6.836040930595652099e-02
9.149999999999849365e+00 -2.926135930830271042e-02
9.159999999999849152e+00 9.845211969535550348e-03
9.169999999999848939e+00 4.878437621632865373e-02
9.179999999999848725e+00 8.738248860595543288e-02
9.189999999999848512e+00 1.254679605002569920e-01
9.199999999999848299e+00 1.628720205937312093e-01
9.209999999999848086e+00 1.994294611317984078e-01
9.219999999999847873e+00 2.349793659106129973e-01
9.229999999999847660e+00 2.693658168589204704e-01
9.239999999999847446e+00 3.024385761067170941e-01
9.249999999999847233e+00 3.340537405660192749e-01
9.259999999999847020e+00 3.640743661792567032e-01
9.269999999999846807e+00 3.923710591370901390e-01
9.279999999999846594e+00 4.188225315211762667e-01
9.289999999999846381e+00 4.433161189967019800e-01
9.299999999999846167e+00 4.657482583537353449e-01
9.309999999999845954e+00 4.860249228855541559e-01
9.319999999999845741e+00 5.040620137836573367e-01
9.329999999999845528e+00 5.197857059348172104e-01
9.339999999999845315e+00 5.331327467107855878e-01
9.349999999999845102e+00 5.440507065595946434e-01
9.359999999999844889e+00 5.524981804225180815e-01
9.369999999999844675e+00 5.584449392279201563e-01
9.379999999999844462e+00 5.618720309343795405e-01
9.389999999999844249e+00 5.627718308274481940e-01
9.399999999999844036e+00 5.611480409973316208e-01
9.409999999999843823e+00 5.570156391572635979e-01
9.419999999999843610e+00 5.504007771834488194e-01
9.429999999999843396e+00 5.413406299870893168e-01
9.439999999999843183e+00 5.298831955437363073e-01
9.449999999999842970e+00 5.160870471268638182e-01
9.459999999999842757e+00 5.000210389970720648e-01
9.469999999999842544e+00 4.817639670087512371e-01
9.479999999999842331e+00 4.614041857867998697e-01
9.489999999999842117e+00 4.390391843217849033e-01
9.499999999999841904e+00 4.147751220056759558e-01
9.509999999999841691e+00 3.887263273079583636e-01
9.519999999999841478e+00 3.610147614453821374e-01
9.529999999999841265e+00 3.317694495552215850e-01
9.539999999999841052e+00 3.011258820124026458e-01
9.549999999999840838e+00 2.692253886637448468e-01
9.559999999999840625e+00 2.362144888575322677e-01
9.569999999999840412e+00 2.022442202536648137e-01
9.579999999999840199e+00 1.674694494775667286e-01
9.589999999999839986e+00 1.320481677607237836e-01
9.599999999999839773e+00 9.614077476010847445e-02
9.609999999999839559e+00 5.990935379995077775e-02
9.619999999999839346e+00 2.351694179940222798e-02
9.629999999999839133e+00 -1.287320282824027870e-02
9.639999999999838920e+00 -4.909833102860948484e-02
9.649999999999838707e+00 -8.499692944253597893e-02
9.659999999999838494e+00 -1.204094389953209165e-01
9.669999999999838280e+00 -1.551789625446436394e-01
9.679999999999838067e+00 -1.891519584603069681e-01
9.689999999999837854e+00 -2.221789170726222451e-01
9.699999999999837641e+00 -2.541150170212617132e-01
9.709999999999837428e+00 -2.848207586263149516e-01
9.719999999999837215e+00 -3.141625715239563799e-01
9.729999999999837001e+00 -3.420133939234388798e-01
9.739999999999836788e+00 -3.682532209863549899e-01
9.749999999999836575e+00 -3.927696199655959508e-01
9.759999999999836362e+00 -4.154582099065742273e-01
9.769999999999836149e+00 -4.362231038690788654e-01
9.779999999999835936e+00 -4.549773118112822035e-01
9.789999999999835723e+00 -4.716431024495223445e-01
9.799999999999835509e+00 -4.861523226055001201e-01
9.809999999999835296e+00 -4.984466727378311646e-01
9.819999999999835083e+00 -5.084779375642515253e-01
9.829999999999834870e+00 -5.162081708755114073e-01
9.839999999999834657e+00 -5.216098338589719718e-01
9.849999999999834444e+00 -5.246658864504817332e-01
9.859999999999834230e+00 -5.253698314540422576e-01
9.869999999999834017e+00 -5.237257113715407808e-01
9.879999999999833804e+00 -5.197480581059770177e-01
9.889999999999833591e+00 -5.134617959024424527e-01
9.899999999999833378e+00 -5.049020981080745152e-01
9.909999999999833165e+00 -4.941141985277522908e-01
9.919999999999832951e+00 -4.811531583624252817e-01
9.929999999999832738e+00 -4.660835899035494778e-01
9.939999999999832525e+00 -4.489793383562179496e-01
9.949999999999832312e+00 -4.299231233377314720e-01
9.959999999999832099e+00 -4.090061417830098689e-01
9.969999999999831886e+00 -3.863276341466120867e-01
9.979999999999831672e+00 -3.619944159583499688e-01
9.989999999999831459e+00 -3.361203769292574473e-01
9.999999999999831246e+00 -3.088259499518039575e-01
1.000999999999983103e+01 -2.802375524569663545e-01
