0.000000000000000000e+00 1.300570505950021487e-03
5.000000000000000278e-02 -1.436418769200537709e-02
1.000000000000000056e-01 -8.766839548192928433e-02
1.500000000000000222e-01 -2.561273089407852810e-01
2.000000000000000111e-01 -5.247683601469582682e-01
2.500000000000000000e-01 -8.719942314366996294e-01
2.999999999999999889e-01 -1.262574390471271402e+00
3.499999999999999778e-01 -1.649529026156990374e+00
3.999999999999999667e-01 -1.970016744464280434e+00
4.499999999999999556e-01 -2.149839003428132944e+00
4.999999999999999445e-01 -2.126726187660474832e+00
5.499999999999999334e-01 -1.881365709408358677e+00
5.999999999999999778e-01 -1.440844797223845175e+00
6.500000000000000222e-01 -8.559293718421759900e-01
7.000000000000000666e-01 -1.866467673888387857e-01
7.500000000000001110e-01 4.981420518631995420e-01
8.000000000000001554e-01 1.122892822245160849e+00
8.500000000000001998e-01 1.615960778764539363e+00
9.000000000000002442e-01 1.922610287866070022e+00
9.500000000000002887e-01 2.013225901362121206e+00
1.000000000000000222e+00 1.884854540889242092e+00
1.050000000000000266e+00 1.557677363201051213e+00
1.100000000000000311e+00 1.069780275520614721e+00
1.150000000000000355e+00 4.731679243955620451e-01
1.200000000000000400e+00 -1.687651751554883894e-01
1.250000000000000444e+00 -7.855618643042340254e-01
1.300000000000000488e+00 -1.308199171795832116e+00
1.350000000000000533e+00 -1.679354867741604362e+00
1.400000000000000577e+00 -1.861245990961127861e+00
1.450000000000000622e+00 -1.838945443931643275e+00
1.500000000000000666e+00 -1.619681035742765784e+00
1.550000000000000711e+00 -1.230111699710579209e+00
1.600000000000000755e+00 -7.133558575596435913e-01
1.650000000000000799e+00 -1.257548875858949256e-01
1.700000000000000844e+00 4.680518439478812964e-01
1.750000000000000888e+00 1.002446345711345055e+00
1.800000000000000933e+00 1.419270594089798276e+00
1.850000000000000977e+00 1.675071803857558272e+00
1.900000000000001021e+00 1.745499507187052712e+00
1.950000000000001066e+00 1.626655151517922171e+00
2.000000000000000888e+00 1.334307040055230598e+00
2.050000000000000711e+00 9.019172774695588535e-01
2.100000000000000533e+00 3.775733264715393500e-01
2.150000000000000355e+00 -1.806984193910766423e-01
2.200000000000000178e+00 -7.113693260553650699e-01
2.250000000000000000e+00 -1.156753987357687974e+00
2.299999999999999822e+00 -1.469794073644904220e+00
2.349999999999999645e+00 -1.619019460045235670e+00
2.399999999999999467e+00 -1.591229545272201618e+00
2.449999999999999289e+00 -1.392158901243532032e+00
2.499999999999999112e+00 -1.045538249043453050e+00
2.549999999999998934e+00 -5.906495734109743490e-01
2.599999999999998757e+00 -7.824415296476376624e-02
2.649999999999998579e+00 4.350781017902526360e-01
2.699999999999998401e+00 8.933860044861147154e-01
2.749999999999998224e+00 1.247788444953952691e+00
2.799999999999998046e+00 1.461671371535141484e+00
2.849999999999997868e+00 1.514243050092521692e+00
2.899999999999997691e+00 1.402283963060088734e+00
2.949999999999997513e+00 1.140186841521523942e+00
2.999999999999997335e+00 7.583221048257798858e-01
3.049999999999997158e+00 2.997299369232171440e-01
3.099999999999996980e+00 -1.846803721208419569e-01
3.149999999999996803e+00 -6.419012391163372300e-01
3.199999999999996625e+00 -1.022772496408111742e+00
3.249999999999996447e+00 -1.287290345833286498e+00
3.299999999999996270e+00 -1.408691752296210131e+00
3.349999999999996092e+00 -1.376012163920830700e+00
3.399999999999995914e+00 -1.194997712206285367e+00
3.449999999999995737e+00 -8.873207646921457137e-01
3.499999999999995559e+00 -4.881141231734532626e-01
3.549999999999995381e+00 -4.200556217214810456e-02
3.599999999999995204e+00 4.019189981523815236e-01
3.649999999999995026e+00 7.955894704757687785e-01
3.699999999999994849e+00 1.097173924109717813e+00
3.749999999999994671e+00 1.275465352072294278e+00
3.799999999999994493e+00 1.313026716832994101e+00
3.849999999999994316e+00 1.207845045392988759e+00
3.899999999999994138e+00 9.733583234007974205e-01
3.949999999999993960e+00 6.368332539723500219e-01
3.999999999999993783e+00 2.362348598479021566e-01
4.049999999999993605e+00 -1.840699817832312235e-01
4.099999999999993427e+00 -5.782598768110088772e-01
4.149999999999993250e+00 -9.040640269524456984e-01
4.199999999999993072e+00 -1.127265041381626753e+00
4.249999999999992895e+00 -1.225244146978935245e+00
4.299999999999992717e+00 -1.189237794541539994e+00
4.349999999999992539e+00 -1.025096080316959757e+00
4.399999999999992362e+00 -7.524647426767659963e-01
4.449999999999992184e+00 -4.024716454055148329e-01
4.499999999999992006e+00 -1.417646814426496565e-02
4.549999999999991829e+00 3.698003303284851384e-01
4.599999999999991651e+00 7.079591855673224021e-01
4.649999999999991473e+00 9.643901809533333980e-01
4.699999999999991296e+00 1.112557929800920942e+00
4.749999999999991118e+00 1.138022640605237168e+00
4.799999999999990941e+00 1.039829063615481886e+00
4.849999999999990763e+00 8.304258633434477010e-01
4.899999999999990585e+00 5.341303388129207130e-01
4.949999999999990408e+00 1.843171573937455454e-01
4.999999999999990230e+00 -1.803410252449099138e-01
5.049999999999990052e+00 -5.201478037238426166e-01
5.099999999999989875e+00 -7.986939955974196037e-01
5.149999999999989697e+00 -9.867410864586201313e-01
5.199999999999989519e+00 -1.065272564067632377e+00
5.249999999999989342e+00 -1.027401732620220054e+00
5.299999999999989164e+00 -8.789446824995945651e-01
5.349999999999988987e+00 -6.376089196367871192e-01
5.399999999999988809e+00 -3.309005053901237225e-01
5.449999999999988631e+00 7.003898934544543903e-03
5.499999999999988454e+00 3.390607100881448677e-01
5.549999999999988276e+00 6.294125764508139431e-01
5.599999999999988098e+00 8.472488244779554645e-01
5.649999999999987921e+00 9.700621568468308364e-01
5.699999999999987743e+00 9.859615861368745682e-01
5.749999999999987566e+00 8.948052680231498579e-01
5.799999999999987388e+00 7.080451354780499251e-01
5.849999999999987210e+00 4.473163434459865861e-01
5.899999999999987033e+00 1.419424720858821765e-01
5.949999999999986855e+00 -1.743553187859773201e-01
5.999999999999986677e+00 -4.671748811914671617e-01
6.049999999999986500e+00 -7.051662693910445423e-01
6.099999999999986322e+00 -8.633784928336259989e-01
6.149999999999986144e+00 -9.258649424019782526e-01
6.199999999999985967e+00 -8.872770371818176072e-01
6.249999999999985789e+00 -7.532878550381795213e-01
6.299999999999985612e+00 -5.398157507177251402e-01
6.349999999999985434e+00 -2.711488541473132674e-01
6.399999999999985256e+00 2.280941739129441204e-02
6.449999999999985079e+00 3.098611707955826189e-01
6.499999999999984901e+00 5.590332026342147431e-01
6.549999999999984723e+00 7.439114373949291537e-01
6.599999999999984546e+00 8.454327918161970157e-01
6.649999999999984368e+00 8.538402544145720086e-01
6.699999999999984190e+00 7.696017136119071012e-01
6.749999999999984013e+00 6.032080556728446341e-01
6.799999999999983835e+00 3.738890285670032343e-01
6.849999999999983658e+00 1.074021386976477949e-01
6.899999999999983480e+00 -1.668525397711361768e-01
6.949999999999983302e+00 -4.190694190111763917e-01
6.999999999999983125e+00 -6.222703205462837284e-01
7.049999999999982947e+00 -7.551831448993241436e-01
7.099999999999982769e+00 -8.044599916686845376e-01
7.149999999999982592e+00 -7.660045471399221650e-01
7.199999999999982414e+00 -6.452784996755759339e-01
7.249999999999982236e+00 -4.565690436212363479e-01
7.299999999999982059e+00 -2.213118668377461185e-01
7.349999999999981881e+00 3.433511633453962403e-02
7.399999999999981704e+00 2.823935719874122730e-01
7.449999999999981526e+00 4.961208886312012400e-01
7.499999999999981348e+00 6.528873235805270347e-01
7.549999999999981171e+00 7.365649946278236548e-01
7.599999999999980993e+00 7.391772884247065356e-01
7.649999999999980815e+00 6.616414025999665105e-01
7.699999999999980638e+00 5.135373614472042991e-01
7.749999999999980460e+00 3.119429877091017267e-01
7.799999999999980282e+00 7.947450004959027980e-02
7.849999999999980105e+00 -1.582438457580953584e-01
7.899999999999979927e+00 -3.753987652788761675e-01
7.949999999999979750e+00 -5.487857107041075322e-01
7.999999999999979572e+00 -6.602824015984634087e-01
8.049999999999979394e+00 -6.987351028482914339e-01
8.099999999999980105e+00 -6.610624649497669481e-01
8.149999999999980815e+00 -5.524694543615351616e-01
8.199999999999981526e+00 -3.857615261477128077e-01
8.249999999999982236e+00 -1.798462854578265213e-01
8.299999999999982947e+00 4.240353831011835217e-02
8.349999999999983658e+00 2.566851412713967440e-01
8.399999999999984368e+00 4.399182173742235413e-01
8.449999999999985079e+00 5.727257903134285177e-01
8.499999999999985789e+00 6.414770179272604178e-01
8.549999999999986500e+00 6.396774208591098354e-01
8.599999999999987210e+00 5.685660594383377120e-01
8.649999999999987921e+00 4.368669948389649615e-01
8.699999999999988631e+00 2.597343881833895085e-01
8.749999999999989342e+00 5.701704781520286480e-02
8.799999999999990052e+00 -1.489599344285805760e-01
8.849999999999990763e+00 -3.358491069581000521e-01
8.899999999999991473e+00 -4.837006306430020053e-01
8.949999999999992184e+00 -5.770865170392123211e-01
8.999999999999992895e+00 -6.067035691529699681e-01
9.049999999999993605e+00 -5.702895120516631167e-01
9.099999999999994316e+00 -4.727636190457789045e-01
9.149999999999995026e+00 -3.255881308203107949e-01
9.199999999999995737e+00 -1.454308634850086657e-01
9.249999999999996447e+00 4.771616508202246310e-02
9.299999999999997158e+00 2.327504367439278132e-01
9.349999999999997868e+00 3.897602130025846212e-01
9.399999999999998579e+00 5.021626887562904429e-01
9.449999999999999289e+00 5.584498270487447957e-01
9.500000000000000000e+00 5.533588158848921079e-01
9.550000000000000711e+00 4.883492168674575251e-01
9.600000000000001421e+00 3.713455493421030651e-01
9.650000000000002132e+00 2.157839542587622339e-01
9.700000000000002842e+00 3.907620273400067012e-02
9.750000000000003553e+00 -1.393342138741424097e-01
9.800000000000004263e+00 -3.001073556413003107e-01
9.850000000000004974e+00 -4.260992210189179508e-01
9.900000000000005684e+00 -5.041851857426883354e-01
9.950000000000006395e+00 -5.266211191554267534e-01
1.000000000000000711e+01 -4.918018862086873666e-01
1.005000000000000782e+01 -4.043442377938281096e-01
