0.000000000000000000e+00 1.300570505950021487e-03
1.000000000000000021e-02 5.265834463837344021e-04
2.000000000000000042e-02 -3.355028148325461639e-03
2.999999999999999889e-02 -1.349198525815892800e-02
4.000000000000000083e-02 -3.308738161403744493e-02
5.000000000000000278e-02 -6.537165035526948387e-02
6.000000000000000472e-02 -1.135239094114244146e-01
7.000000000000000666e-02 -1.805487066912720984e-01
8.000000000000000167e-02 -2.691265607114314284e-01
8.999999999999999667e-02 -3.814650442396936847e-01
9.999999999999999167e-02 -5.191795811756946266e-01
1.099999999999999867e-01 -6.832287204935699743e-01
1.199999999999999817e-01 -8.739185090289701696e-01
1.299999999999999767e-01 -1.090977084827367660e+00
1.399999999999999856e-01 -1.333686316286792461e+00
1.499999999999999944e-01 -1.601046257276469431e+00
1.600000000000000033e-01 -1.891943152990338328e+00
1.700000000000000122e-01 -2.205290550152884776e+00
1.800000000000000211e-01 -2.540115919959021085e+00
1.900000000000000300e-01 -2.895814387732662976e+00
2.000000000000000389e-01 -3.272326371618029750e+00
2.100000000000000477e-01 -3.669673388903716305e+00
2.200000000000000566e-01 -4.087394859008564474e+00
2.300000000000000655e-01 -4.524673124220829123e+00
2.400000000000000744e-01 -4.980900508920859338e+00
2.500000000000000555e-01 -5.456056891861270408e+00
2.600000000000000644e-01 -5.950979573438152315e+00
2.700000000000000733e-01 -6.467474453974888071e+00
2.800000000000000822e-01 -7.007781646349072524e+00
2.900000000000000910e-01 -7.573488927225411338e+00
3.000000000000000999e-01 -8.164874443317518882e+00
3.100000000000001088e-01 -8.781263529418668057e+00
3.200000000000001177e-01 -9.421352922159288212e+00
3.300000000000001266e-01 -1.008304363251571267e+01
3.400000000000001354e-01 -1.076348511662496499e+01
3.500000000000001443e-01 -1.145931929686759965e+01
3.600000000000001532e-01 -1.216690845401886811e+01
3.700000000000001621e-01 -1.288259256231567562e+01
3.800000000000001710e-01 -1.360270402203730988e+01
3.900000000000001799e-01 -1.432351452436372696e+01
4.000000000000001887e-01 -1.504132114443389234e+01
4.100000000000001976e-01 -1.575239624970606656e+01
4.200000000000002065e-01 -1.645301548509941014e+01
4.300000000000002154e-01 -1.713965551859937975e+01
4.400000000000002243e-01 -1.780920850451666837e+01
4.500000000000002331e-01 -1.845897060891023855e+01
4.600000000000002420e-01 -1.908623648376882187e+01
4.700000000000002509e-01 -1.968779407350790223e+01
4.800000000000002598e-01 -2.026063351179387695e+01
4.900000000000002687e-01 -2.080310693867940941e+01
5.000000000000002220e-01 -2.131424559505106942e+01
5.100000000000002309e-01 -2.179291571564295893e+01
5.200000000000002398e-01 -2.223805760607726612e+01
5.300000000000002487e-01 -2.264897624168362356e+01
5.400000000000002576e-01 -2.302549743269210936e+01
5.500000000000002665e-01 -2.336800507199158616e+01
5.600000000000002753e-01 -2.367742679846504572e+01
5.700000000000002842e-01 -2.395527822693869524e+01
5.800000000000002931e-01 -2.420352995361747617e+01
5.900000000000003020e-01 -2.442443433191221658e+01
6.000000000000003109e-01 -2.462044781228023638e+01
6.100000000000003197e-01 -2.479396594768601503e+01
6.200000000000003286e-01 -2.494702439315603471e+01
6.300000000000003375e-01 -2.508112416538949674e+01
6.400000000000003464e-01 -2.519727322403095116e+01
6.500000000000003553e-01 -2.529616561080995041e+01
6.600000000000003642e-01 -2.537830222112893352e+01
6.700000000000003730e-01 -2.544402853356510263e+01
6.800000000000003819e-01 -2.549365968456635301e+01
6.900000000000003908e-01 -2.552775909065470827e+01
7.000000000000003997e-01 -2.554727272939333460e+01
7.100000000000004086e-01 -2.555351807118686835e+01
7.200000000000004174e-01 -2.554825491600053411e+01
7.300000000000004263e-01 -2.553370342273720084e+01
7.400000000000004352e-01 -2.551230984850348804e+01
7.500000000000004441e-01 -2.548645423857959713e+01
7.600000000000004530e-01 -2.545833482003072490e+01
7.700000000000004619e-01 -2.542965858841985849e+01
7.800000000000004707e-01 -2.540103298736353565e+01
7.900000000000004796e-01 -2.537158572852153782e+01
8.000000000000004885e-01 -2.533885740424465283e+01
8.100000000000004974e-01 -2.529902968771952843e+01
8.200000000000005063e-01 -2.524762762387798531e+01
8.300000000000005151e-01 -2.518019594730714417e+01
8.400000000000005240e-01 -2.509293549791237155e+01
8.500000000000005329e-01 -2.498339794123684499e+01
8.600000000000005418e-01 -2.485066423518818013e+01
8.700000000000005507e-01 -2.469512267224293467e+01
8.800000000000005596e-01 -2.451811550895182279e+01
8.900000000000005684e-01 -2.432140250180633601e+01
9.000000000000005773e-01 -2.410662653444207848e+01
9.100000000000005862e-01 -2.387510788696503283e+01
9.200000000000005951e-01 -2.362788359552962092e+01
9.300000000000006040e-01 -2.336556579999014005e+01
9.400000000000006128e-01 -2.308845689940426027e+01
9.500000000000006217e-01 -2.279704220420496696e+01
9.600000000000006306e-01 -2.249244159198793369e+01
9.700000000000006395e-01 -2.217684764826851307e+01
9.800000000000006484e-01 -2.185376143091419010e+01
9.900000000000006573e-01 -2.152783684583105384e+01
1.000000000000000666e+00 -2.120431209810783102e+01
1.010000000000000675e+00 -2.088840108662299855e+01
1.020000000000000684e+00 -2.058490881535681538e+01
1.030000000000000693e+00 -2.029791674483340813e+01
1.040000000000000702e+00 -2.003062427859104133e+01
1.050000000000000711e+00 -1.978502388790785460e+01
1.060000000000000719e+00 -1.956161921515220214e+01
1.070000000000000728e+00 -1.935964024440261610e+01
1.080000000000000737e+00 -1.917731956431372708e+01
1.090000000000000746e+00 -1.901211600756011322e+01
1.100000000000000755e+00 -1.886127415943627028e+01
1.110000000000000764e+00 -1.872231897736046946e+01
1.120000000000000773e+00 -1.859311985997037553e+01
1.130000000000000782e+00 -1.847221949901179627e+01
1.140000000000000790e+00 -1.835908889876836980e+01
1.150000000000000799e+00 -1.825371466473572113e+01
1.160000000000000808e+00 -1.815617416800269268e+01
1.170000000000000817e+00 -1.806655394656846525e+01
1.180000000000000826e+00 -1.798471010459405406e+01
1.190000000000000835e+00 -1.790976397473379578e+01
1.200000000000000844e+00 -1.783993050075754638e+01
1.210000000000000853e+00 -1.777261987346936323e+01
1.220000000000000862e+00 -1.770478480743315686e+01
1.230000000000000870e+00 -1.763352494913522861e+01
1.240000000000000879e+00 -1.755648466688554876e+01
1.250000000000000888e+00 -1.747224161773244688e+01
1.260000000000000897e+00 -1.738076119968832245e+01
1.261000000000000787e+00 -1.737124042823991843e+01
1.262000000000000677e+00 -1.736166181071238768e+01
1.263000000000000567e+00 -1.735202835356119522e+01
1.264000000000000457e+00 -1.734234335838676699e+01
1.265000000000000346e+00 -1.733260998267204656e+01
1.266000000000000236e+00 -1.732283127024733105e+01
1.267000000000000126e+00 -1.731301030664621976e+01
1.268000000000000016e+00 -1.730315047409629514e+01
1.268999999999999906e+00 -1.729325575240830659e+01
1.269999999999999796e+00 -1.728333027127081323e+01
1.279999999999999805e+00 -1.718382118831737060e+01
1.289999999999999813e+00 -1.708663435615284243e+01
1.299999999999999822e+00 -1.699692099595641537e+01
1.309999999999999831e+00 -1.691956333982134808e+01
1.319999999999999840e+00 -1.685846805634953682e+01
1.329999999999999849e+00 -1.681599011086446538e+01
1.339999999999999858e+00 -1.679265513654649311e+01
1.349999999999999867e+00 -1.678745723229952702e+01
1.359999999999999876e+00 -1.679846832942177670e+01
1.369999999999999885e+00 -1.682350625134430899e+01
1.379999999999999893e+00 -1.686080424132299882e+01
1.389999999999999902e+00 -1.690962241103800778e+01
1.399999999999999911e+00 -1.697056421057387965e+01
1.409999999999999920e+00 -1.704532799944407984e+01
1.419999999999999929e+00 -1.713623647514576476e+01
1.429999999999999938e+00 -1.724560047399822338e+01
1.439999999999999947e+00 -1.737483170683297828e+01
1.449999999999999956e+00 -1.752374814255721347e+01
1.459999999999999964e+00 -1.769026509818986526e+01
1.469999999999999973e+00 -1.787036390451966028e+01
1.479999999999999982e+00 -1.805846358295944754e+01
1.489999999999999991e+00 -1.824827424389977182e+01
1.500000000000000000e+00 -1.843372250851188809e+01
1.510000000000000009e+00 -1.860995203111610152e+01
1.520000000000000018e+00 -1.877420999868263962e+01
1.520999999999999908e+00 -1.878993350692161357e+01
1.521999999999999797e+00 -1.880552809147289395e+01
1.522999999999999687e+00 -1.882099477165989754e+01
1.523999999999999577e+00 -1.883633435449362992e+01
1.524999999999999467e+00 -1.885154756513157182e+01
1.525999999999999357e+00 -1.886663561319699056e+01
1.526999999999999247e+00 -1.888159993457428243e+01
1.527999999999999137e+00 -1.889644209866763802e+01
1.528999999999999027e+00 -1.891116407236472341e+01
1.529999999999998916e+00 -1.892576810246430341e+01
1.539999999999998925e+00 -1.906629582976398751e+01
1.549999999999998934e+00 -1.919870641467276329e+01
1.559999999999998943e+00 -1.932654232771056613e+01
1.560999999999998833e+00 -1.933918292923764071e+01
1.561999999999998723e+00 -1.935181613586845728e+01
1.562999999999998613e+00 -1.936444490081802172e+01
1.563999999999998503e+00 -1.937707249515752039e+01
1.564999999999998392e+00 -1.938970202197453574e+01
1.565999999999998282e+00 -1.940233638776143721e+01
1.566999999999998172e+00 -1.941497842944065866e+01
1.567999999999998062e+00 -1.942763097003815531e+01
1.568999999999997952e+00 -1.944029652390818441e+01
1.569999999999997842e+00 -1.945297709238931816e+01
1.579999999999997851e+00 -1.958094927365337057e+01
1.580099999999997840e+00 -1.958223999623118772e+01
1.580199999999997829e+00 -1.958353098239808787e+01
1.580299999999997818e+00 -1.958482223213027495e+01
1.580399999999997807e+00 -1.958611374662874027e+01
1.580499999999997796e+00 -1.958740552781326016e+01
1.580599999999997785e+00 -1.958869757780728449e+01
1.580699999999997774e+00 -1.958998989874661234e+01
1.580799999999997763e+00 -1.959128249254625231e+01
1.580899999999997751e+00 -1.959257536048653137e+01
1.580999999999997740e+00 -1.959386850315251749e+01
1.581999999999997630e+00 -1.960681495991395451e+01
1.582999999999997520e+00 -1.961978836824858874e+01
1.583999999999997410e+00 -1.963278813564503977e+01
1.584999999999997300e+00 -1.964581408687740804e+01
1.585999999999997190e+00 -1.965886611846617882e+01
1.586999999999997080e+00 -1.967194370079566923e+01
1.587999999999996970e+00 -1.968504621901595897e+01
1.588999999999996859e+00 -1.969817333866214426e+01
1.589999999999996749e+00 -1.971132447369062746e+01
1.590999999999996639e+00 -1.972449838797021826e+01
1.600999999999996648e+00 -1.985690731084721961e+01
1.601999999999996538e+00 -1.987020391984462364e+01
1.602999999999996428e+00 -1.988349901867796987e+01
1.603999999999996318e+00 -1.989679046869070689e+01
1.604999999999996207e+00 -1.991007580857268167e+01
1.605999999999996097e+00 -1.992335251038320720e+01
1.606999999999995987e+00 -1.993661814206024019e+01
1.607999999999995877e+00 -1.994987009478271744e+01
1.608999999999995767e+00 -1.996310564876395688e+01
1.609999999999995657e+00 -1.997632222167906235e+01
1.610999999999995547e+00 -1.998951743296903061e+01
1.611999999999995437e+00 -2.000268885178166300e+01
1.612999999999995326e+00 -2.001583412589926070e+01
1.613999999999995216e+00 -2.002895120535712081e+01
1.614999999999995106e+00 -2.004203777788857010e+01
1.615999999999994996e+00 -2.005509122493780794e+01
1.616999999999994886e+00 -2.006810941172254914e+01
1.617999999999994776e+00 -2.008109031093019325e+01
1.618999999999994666e+00 -2.009403162204953119e+01
1.619999999999994555e+00 -2.010693126401000441e+01
1.620999999999994445e+00 -2.011978716149968349e+01
1.621999999999994335e+00 -2.013259715934059457e+01
1.622999999999994225e+00 -2.014535925408405959e+01
1.623999999999994115e+00 -2.015807161576742601e+01
1.624999999999994005e+00 -2.017073264427680357e+01
1.625999999999993895e+00 -2.018334084316209243e+01
1.626999999999993785e+00 -2.019589511271012583e+01
1.627999999999993674e+00 -2.020839470780758163e+01
1.628999999999993564e+00 -2.022083870524944871e+01
1.629999999999993454e+00 -2.023322626463024321e+01
1.630999999999993344e+00 -2.024555681507222360e+01
1.640999999999993353e+00 -2.036579189406022294e+01
1.650999999999993362e+00 -2.048104802459735296e+01
1.660999999999993371e+00 -2.059322608497946305e+01
1.670999999999993380e+00 -2.070538571712289766e+01
1.680999999999993388e+00 -2.082103683918359849e+01
1.690999999999993397e+00 -2.094330318425011583e+01
1.700999999999993406e+00 -2.107420612812275351e+01
1.710999999999993415e+00 -2.121419283532346611e+01
1.720999999999993424e+00 -2.136186430033256300e+01
1.730999999999993433e+00 -2.151397977144162610e+01
1.740999999999993442e+00 -2.166581528092342523e+01
1.750999999999993451e+00 -2.181181657641648286e+01
1.760999999999993459e+00 -2.194647170024011373e+01
1.770999999999993468e+00 -2.206512834978702031e+01
1.780999999999993477e+00 -2.216464062930885248e+01
1.790999999999993486e+00 -2.224375288737487466e+01
1.800999999999993495e+00 -2.230303673351877336e+01
1.810999999999993504e+00 -2.234452470623515552e+01
1.820999999999993513e+00 -2.237101084986908361e+01
1.830999999999993522e+00 -2.238512402678176016e+01
1.840999999999993531e+00 -2.238862444897961623e+01
1.850999999999993539e+00 -2.238203499712074773e+01
1.860999999999993548e+00 -2.236463870134281962e+01
1.870999999999993557e+00 -2.233479432714618440e+01
1.880999999999993566e+00 -2.229055263737452464e+01
1.890999999999993575e+00 -2.223040048357967180e+01
1.900999999999993584e+00 -2.215388182023222896e+01
1.910999999999993593e+00 -2.206205160770638329e+01
1.920999999999993602e+00 -2.195758235870091113e+01
1.930999999999993610e+00 -2.184452265748117838e+01
1.940999999999993619e+00 -2.172776482235445883e+01
1.950999999999993628e+00 -2.161226823796293317e+01
1.960999999999993637e+00 -2.150225954879699231e+01
1.970999999999993646e+00 -2.140055348125207146e+01
1.980999999999993655e+00 -2.130801224737346544e+01
1.990999999999993664e+00 -2.122343219672804437e+01
2.000999999999993673e+00 -2.114387811362855629e+01
2.010999999999993459e+00 -2.106529393290801622e+01
2.020999999999993246e+00 -2.098340226825242638e+01
2.030999999999993033e+00 -2.089457035656583628e+01
2.040999999999992820e+00 -2.079643118552461445e+01
2.050999999999992607e+00 -2.068828318057812865e+01
2.060999999999992394e+00 -2.057107283992572633e+01
2.070999999999992180e+00 -2.044692420753409579e+01
2.080999999999991967e+00 -2.031853504656216813e+01
2.090999999999991754e+00 -2.018850030490549230e+01
2.100999999999991541e+00 -2.005855509429574823e+01
2.110999999999991328e+00 -1.992915772148300135e+01
2.120999999999991115e+00 -1.979947121960188028e+01
2.130999999999990902e+00 -1.966753116222968245e+01
2.140999999999990688e+00 -1.953096176442960186e+01
2.150999999999990475e+00 -1.938789315055288753e+01
2.160999999999990262e+00 -1.923752373573905672e+01
2.170999999999990049e+00 -1.908056442555030330e+01
2.180999999999989836e+00 -1.891947824153291435e+01
2.190999999999989623e+00 -1.875818866185360889e+01
2.200999999999989409e+00 -1.860154462632351624e+01
2.210999999999989196e+00 -1.845475729679758103e+01
2.220999999999988983e+00 -1.832249841857398209e+01
2.230999999999988770e+00 -1.820804099690626288e+01
2.240999999999988557e+00 -1.811289654727999476e+01
2.250999999999988344e+00 -1.803665785460167825e+01
2.260999999999988130e+00 -1.797718010622486062e+01
2.270999999999987917e+00 -1.793131636786565153e+01
2.280999999999987704e+00 -1.789563597340670498e+01
2.290999999999987491e+00 -1.786704848415384106e+01
2.300999999999987278e+00 -1.784352892739050844e+01
2.310999999999987065e+00 -1.782441746598969345e+01
2.320999999999986851e+00 -1.781027967683261792e+01
2.330999999999986638e+00 -1.780265546667835252e+01
2.340999999999986425e+00 -1.780348584076892138e+01
2.350999999999986212e+00 -1.781432978328725980e+01
2.360999999999985999e+00 -1.783581426221705968e+01
2.370999999999985786e+00 -1.786729483645640215e+01
2.380999999999985572e+00 -1.790667351659804041e+01
2.390999999999985359e+00 -1.795069651429308877e+01
2.400999999999985146e+00 -1.799559922728668937e+01
2.410999999999984933e+00 -1.803773320236569333e+01
2.420999999999984720e+00 -1.807435191134752372e+01
2.430999999999984507e+00 -1.810431773954905310e+01
2.440999999999984293e+00 -1.812836749276752357e+01
2.450999999999984080e+00 -1.814907801487620986e+01
2.460999999999983867e+00 -1.817046990026877040e+01
2.470999999999983654e+00 -1.819723235800353578e+01
2.480999999999983441e+00 -1.823380715542728581e+01
2.490999999999983228e+00 -1.828364391589716220e+01
2.500999999999983014e+00 -1.834860210121021851e+01
2.510999999999982801e+00 -1.842866168447833886e+01
2.520999999999982588e+00 -1.852214593991314118e+01
2.530999999999982375e+00 -1.862623957232815641e+01
2.540999999999982162e+00 -1.873761422218583661e+01
2.550999999999981949e+00 -1.885318966373133165e+01
2.560999999999981735e+00 -1.897090882775748710e+01
2.570999999999981522e+00 -1.909005996751514900e+01
2.580999999999981309e+00 -1.921119368888395584e+01
2.590999999999981096e+00 -1.933579883258862253e+01
2.600999999999980883e+00 -1.946566669224269575e+01
2.610999999999980670e+00 -1.960210640065823640e+01
2.620999999999980457e+00 -1.974534399134349627e+01
2.630999999999980243e+00 -1.989415811715983651e+01
2.640999999999980030e+00 -2.004571175100593550e+01
2.650999999999979817e+00 -2.019589298863164117e+01
2.660999999999979604e+00 -2.034002906392057497e+01
2.670999999999979391e+00 -2.047355605376881016e+01
2.680999999999979178e+00 -2.059284828008156154e+01
2.690999999999978964e+00 -2.069589936214757131e+01
2.700999999999978751e+00 -2.078252455894841333e+01
2.710999999999978538e+00 -2.085431744608165161e+01
2.720999999999978325e+00 -2.091434447004229824e+01
2.730999999999978112e+00 -2.096648425974148111e+01
2.740999999999977899e+00 -2.101456654306788607e+01
2.750999999999977685e+00 -2.106173785153047362e+01
2.760999999999977472e+00 -2.110993083466420472e+01
2.770999999999977259e+00 -2.115951316114516345e+01
2.780999999999977046e+00 -2.120946509846577399e+01
2.790999999999976833e+00 -2.125783128243679698e+01
2.800999999999976620e+00 -2.130229569364724540e+01
2.810999999999976406e+00 -2.134093731685369377e+01
2.820999999999976193e+00 -2.137283460923586986e+01
2.830999999999975980e+00 -2.139829347220392108e+01
2.840999999999975767e+00 -2.141885743358167105e+01
2.850999999999975554e+00 -2.143698084785228986e+01
2.860999999999975341e+00 -2.145535943978043392e+01
2.870999999999975127e+00 -2.147623139224133482e+01
2.880999999999974914e+00 -2.150074068234847857e+01
2.890999999999974701e+00 -2.152844814134590123e+01
2.900999999999974488e+00 -2.155719618694856976e+01
2.910999999999974275e+00 -2.158335103637460151e+01
2.920999999999974062e+00 -2.160236483657487838e+01
2.930999999999973848e+00 -2.160957083632480291e+01
2.940999999999973635e+00 -2.160105743604385609e+01
2.950999999999973422e+00 -2.157434266248570864e+01
2.960999999999973209e+00 -2.152880666056528725e+01
2.970999999999972996e+00 -2.146576205592983655e+01
2.980999999999972783e+00 -2.138804076672190746e+01
2.990999999999972569e+00 -2.129939830630801723e+01
3.000999999999972356e+00 -2.120377635457726484e+01
3.010999999999972143e+00 -2.110449502944319633e+01
3.020999999999971930e+00 -2.100373137303590454e+01
3.030999999999971717e+00 -2.090233313283165728e+01
3.040999999999971504e+00 -2.079987844313853174e+01
3.050999999999971291e+00 -2.069511158491119218e+01
3.060999999999971077e+00 -2.058661098618800267e+01
3.070999999999970864e+00 -2.047342357358790110e+01
3.080999999999970651e+00 -2.035567018434302966e+01
3.090999999999970438e+00 -2.023491262988009609e+01
3.100999999999970225e+00 -2.011402295624317915e+01
3.110999999999970012e+00 -1.999676634506199235e+01
3.120999999999969798e+00 -1.988717573910872005e+01
3.130999999999969585e+00 -1.978859780202437335e+01
3.140999999999969372e+00 -1.970292203553750454e+01
3.150999999999969159e+00 -1.963029525007266329e+01
3.160999999999968946e+00 -1.956908772311427214e+01
3.170999999999968733e+00 -1.951616388341360775e+01
3.180999999999968519e+00 -1.946750785199873235e+01
3.190999999999968306e+00 -1.941897200108335753e+01
3.200999999999968093e+00 -1.936700133991471873e+01
3.210999999999967880e+00 -1.930931322888065438e+01
3.220999999999967667e+00 -1.924521356151212004e+01
3.230999999999967454e+00 -1.917552101533368969e+01
3.240999999999967240e+00 -1.910231308666920569e+01
3.250999999999967027e+00 -1.902833605584446630e+01
3.260999999999966814e+00 -1.895627653183769112e+01
3.270999999999966601e+00 -1.888817202923783967e+01
3.280999999999966388e+00 -1.882498533522611694e+01
3.290999999999966175e+00 -1.876647028856732646e+01
3.300999999999965961e+00 -1.871132598750064702e+01
3.310999999999965748e+00 -1.865767526720202341e+01
3.320999999999965535e+00 -1.860372207837948011e+01
3.330999999999965322e+00 -1.854833410033068475e+01
3.340999999999965109e+00 -1.849152434873136386e+01
3.350999999999964896e+00 -1.843475019675831206e+01
3.360999999999964682e+00 -1.838081761413324955e+01
3.370999999999964469e+00 -1.833346911436724724e+01
3.380999999999964256e+00 -1.829682946053068449e+01
3.390999999999964043e+00 -1.827463651641534170e+01
3.400999999999963830e+00 -1.826950261812895349e+01
3.410999999999963617e+00 -1.828244356467617493e+01
3.420999999999963403e+00 -1.831266525450083549e+01
3.430999999999963190e+00 -1.835768103843559373e+01
3.440999999999962977e+00 -1.841385181921925707e+01
3.450999999999962764e+00 -1.847714275677831353e+01
3.460999999999962551e+00 -1.854377765772855824e+01
3.470999999999962338e+00 -1.861092774592840726e+01
3.480999999999962125e+00 -1.867716351254792784e+01
3.490999999999961911e+00 -1.874238412771284246e+01
3.500999999999961698e+00 -1.880761949523855492e+01
3.510999999999961485e+00 -1.887457005344698047e+01
3.520999999999961272e+00 -1.894487083263649652e+01
3.530999999999961059e+00 -1.901947791213249062e+01
3.540999999999960846e+00 -1.909829994608440984e+01
3.550999999999960632e+00 -1.918007020289816822e+01
3.560999999999960419e+00 -1.926250232761945114e+01
3.570999999999960206e+00 -1.934275591243126158e+01
3.580999999999959993e+00 -1.941802647671733340e+01
3.590999999999959780e+00 -1.948620523034316676e+01
3.600999999999959567e+00 -1.954649304433577228e+01
3.610999999999959353e+00 -1.959964373718620578e+01
3.620999999999959140e+00 -1.964787541140553628e+01
3.630999999999958927e+00 -1.969453397871573586e+01
3.640999999999958714e+00 -1.974345670551470278e+01
3.650999999999958501e+00 -1.979826059413904815e+01
3.660999999999958288e+00 -1.986169629315163832e+01
3.670999999999958074e+00 -1.993512609079359166e+01
3.680999999999957861e+00 -2.001830110823104647e+01
3.690999999999957648e+00 -2.010945069245574146e+01
3.700999999999957435e+00 -2.020563854268819526e+01
3.710999999999957222e+00 -2.030341930038944653e+01
3.720999999999957009e+00 -2.039957520722882123e+01
3.730999999999956795e+00 -2.049170571521954187e+01
3.740999999999956582e+00 -2.057858530970083422e+01
3.750999999999956369e+00 -2.066025429971763927e+01
3.760999999999956156e+00 -2.073774705666234652e+01
3.770999999999955943e+00 -2.081256869425026679e+01
3.780999999999955730e+00 -2.088616646715890823e+01
3.790999999999955516e+00 -2.095933388808867903e+01
3.800999999999955303e+00 -2.103174274768220542e+01
3.810999999999955090e+00 -2.110179869310665168e+01
3.820999999999954877e+00 -2.116677186555561718e+01
3.830999999999954664e+00 -2.122323551027367117e+01
3.840999999999954451e+00 -2.126776578471658041e+01
3.850999999999954237e+00 -2.129763798245759787e+01
3.860999999999954024e+00 -2.131140071105234668e+01
3.870999999999953811e+00 -2.130927406631888843e+01
3.880999999999953598e+00 -2.129316962422518955e+01
3.890999999999953385e+00 -2.126634086336011364e+01
3.900999999999953172e+00 -2.123282263609180731e+01
3.910999999999952959e+00 -2.119672317731415845e+01
3.920999999999952745e+00 -2.116143610499259253e+01
3.930999999999952532e+00 -2.112906682068483377e+01
3.940999999999952319e+00 -2.110024542845782491e+01
3.950999999999952106e+00 -2.107416394009153038e+01
3.960999999999951893e+00 -2.104894775317476530e+01
3.970999999999951680e+00 -2.102226864828440611e+01
3.980999999999951466e+00 -2.099196645802726380e+01
3.990999999999951253e+00 -2.095666891306320778e+01
4.000999999999951484e+00 -2.091614013380272041e+01
4.010999999999951271e+00 -2.087136136049397805e+01
4.020999999999951058e+00 -2.082427641639748828e+01
4.030999999999950845e+00 -2.077722307348401642e+01
4.040999999999950631e+00 -2.073228877272907056e+01
4.050999999999950418e+00 -2.069067605030488721e+01
4.060999999999950205e+00 -2.065231135908112492e+01
4.070999999999949992e+00 -2.061570197282777528e+01
4.080999999999949779e+00 -2.057815424946470273e+01
4.090999999999949566e+00 -2.053624175938367102e+01
4.100999999999949353e+00 -2.048644322475562873e+01
4.110999999999949139e+00 -2.042593486736319974e+01
4.120999999999948926e+00 -2.035317175472644990e+01
4.130999999999948713e+00 -2.026827613372252301e+01
4.140999999999948500e+00 -2.017311648758494513e+01
4.150999999999948287e+00 -2.007098213437967615e+01
4.160999999999948074e+00 -1.996596221774054314e+01
4.170999999999947860e+00 -1.986221638823098701e+01
4.180999999999947647e+00 -1.976321319923765429e+01
4.190999999999947434e+00 -1.967111961321246127e+01
4.200999999999947221e+00 -1.958664437611022890e+01
4.210999999999947008e+00 -1.950916086887455592e+01
4.220999999999946795e+00 -1.943711497046556147e+01
4.230999999999946581e+00 -1.936868824006964829e+01
4.240999999999946368e+00 -1.930235654565358416e+01
4.250999999999946155e+00 -1.923738316679759563e+01
4.260999999999945942e+00 -1.917419866665824557e+01
4.270999999999945729e+00 -1.911436349105459342e+01
4.280999999999945516e+00 -1.906020632274741544e+01
4.290999999999945302e+00 -1.901441508404076686e+01
4.300999999999945089e+00 -1.897939626560348003e+01
4.310999999999944876e+00 -1.895656062703853095e+01
4.320999999999944663e+00 -1.894599322650987361e+01
4.330999999999944450e+00 -1.894626357118366400e+01
4.340999999999944237e+00 -1.895455130273069599e+01
4.350999999999944023e+00 -1.896717581940939468e+01
4.360999999999943810e+00 -1.898021738990232876e+01
4.370999999999943597e+00 -1.899017765196177265e+01
4.380999999999943384e+00 -1.899465465654235885e+01
4.390999999999943171e+00 -1.899277604364881711e+01
4.400999999999942958e+00 -1.898520665014349618e+01
4.410999999999942744e+00 -1.897397578153353948e+01
4.420999999999942531e+00 -1.896201531862543277e+01
4.430999999999942318e+00 -1.895239288334891015e+01
4.440999999999942105e+00 -1.894766984570927448e+01
4.450999999999941892e+00 -1.894942186585299027e+01
4.460999999999941679e+00 -1.895792721067784825e+01
4.470999999999941465e+00 -1.897226707124291778e+01
4.480999999999941252e+00 -1.899073771443137204e+01
4.490999999999941039e+00 -1.901134988509928192e+01
4.500999999999940826e+00 -1.903248847616064410e+01
4.510999999999940613e+00 -1.905349875207078725e+01
4.520999999999940400e+00 -1.907492770744935129e+01
4.530999999999940187e+00 -1.909852309401467352e+01
4.540999999999939973e+00 -1.912693976144895203e+01
4.550999999999939760e+00 -1.916317886781951074e+01
4.560999999999939547e+00 -1.920987253332990008e+01
4.570999999999939334e+00 -1.926867927775308686e+01
4.580999999999939121e+00 -1.933984867420134890e+01
4.590999999999938908e+00 -1.942197674680502928e+01
4.600999999999938694e+00 -1.951223520704028047e+01
4.610999999999938481e+00 -1.960683316781270946e+01
4.620999999999938268e+00 -1.970161731057793730e+01
4.630999999999938055e+00 -1.979278291190513173e+01
4.640999999999937842e+00 -1.987751323971116335e+01
4.650999999999937629e+00 -1.995437940994864690e+01
4.660999999999937415e+00 -2.002338032159935466e+01
4.670999999999937202e+00 -2.008578328668556168e+01
4.680999999999936989e+00 -2.014364386768586002e+01
4.690999999999936776e+00 -2.019914495960764000e+01
4.700999999999936563e+00 -2.025404995362912430e+01
4.710999999999936350e+00 -2.030923582857401399e+01
4.720999999999936136e+00 -2.036438367265713723e+01
4.730999999999935923e+00 -2.041809792710036220e+01
4.740999999999935710e+00 -2.046834100262372047e+01
4.750999999999935497e+00 -2.051290230853053487e+01
4.760999999999935284e+00 -2.055002309226776447e+01
4.770999999999935071e+00 -2.057898719137880761e+01
4.780999999999934857e+00 -2.060039253901529932e+01
4.790999999999934644e+00 -2.061613417283017213e+01
4.800999999999934431e+00 -2.062916925862699458e+01
4.810999999999934218e+00 -2.064298760481245765e+01
4.820999999999934005e+00 -2.066082823213479358e+01
4.830999999999933792e+00 -2.068509705989549374e+01
4.840999999999933578e+00 -2.071689357378063079e+01
4.850999999999933365e+00 -2.075568576149294486e+01
4.860999999999933152e+00 -2.079947372275606909e+01
4.870999999999932939e+00 -2.084516882942282123e+01
4.880999999999932726e+00 -2.088913082634754659e+01
4.890999999999932513e+00 -2.092786818365505397e+01
4.900999999999932299e+00 -2.095873862286359568e+01
4.910999999999932086e+00 -2.098035113337815716e+01
4.920999999999931873e+00 -2.099263680570564716e+01
4.930999999999931660e+00 -2.099675436428705666e+01
4.940999999999931447e+00 -2.099461370663985349e+01
4.950999999999931234e+00 -2.098821178295755274e+01
4.960999999999931021e+00 -2.097908196213833421e+01
4.970999999999930807e+00 -2.096785049502923570e+01
4.980999999999930594e+00 -2.095397928477667904e+01
4.990999999999930381e+00 -2.093586593823080122e+01
5.000999999999930168e+00 -2.091125914972347033e+01
5.010999999999929955e+00 -2.087780501284774104e+01
5.020999999999929742e+00 -2.083372065482898350e+01
5.030999999999929528e+00 -2.077838155392474917e+01
5.040999999999929315e+00 -2.071265112016414278e+01
5.050999999999929102e+00 -2.063887851522749983e+01
5.060999999999928889e+00 -2.056059201441894757e+01
5.070999999999928676e+00 -2.048196298710744401e+01
5.080999999999928463e+00 -2.040701793158513766e+01
5.090999999999928249e+00 -2.033893201024987363e+01
5.100999999999928036e+00 -2.027953101808017422e+01
5.110999999999927823e+00 -2.022901693415005653e+01
5.120999999999927610e+00 -2.018602376210356297e+01
5.130999999999927397e+00 -2.014809301391048280e+01
5.140999999999927184e+00 -2.011234343435460659e+01
5.150999999999926970e+00 -2.007601888844361326e+01
5.160999999999926757e+00 -2.003715005445713970e+01
5.170999999999926544e+00 -1.999501097931783988e+01
5.180999999999926331e+00 -1.995007850760729085e+01
5.190999999999926118e+00 -1.990384329494180449e+01
5.200999999999925905e+00 -1.985839557225427754e+01
5.210999999999925691e+00 -1.981570907356521261e+01
5.220999999999925478e+00 -1.977702949161107782e+01
5.230999999999925265e+00 -1.974261222450227393e+01
5.240999999999925052e+00 -1.971153060326762230e+01
5.250999999999924839e+00 -1.968176312864088118e+01
5.260999999999924626e+00 -1.965076287281168632e+01
5.270999999999924412e+00 -1.961592194308308734e+01
5.280999999999924199e+00 -1.957507224237421539e+01
5.290999999999923986e+00 -1.952716951085140451e+01
5.300999999999923773e+00 -1.947261211567909100e+01
5.310999999999923560e+00 -1.941316526180680668e+01
5.320999999999923347e+00 -1.935179198526134314e+01
5.330999999999923133e+00 -1.929216106720489421e+01
5.340999999999922920e+00 -1.923789502161353937e+01
5.350999999999922707e+00 -1.919198567526301247e+01
5.360999999999922494e+00 -1.915635580715384378e+01
5.370999999999922281e+00 -1.913156337076420854e+01
5.380999999999922068e+00 -1.911680127560895315e+01
5.390999999999921855e+00 -1.911026203614722618e+01
5.400999999999921641e+00 -1.910962452801627620e+01
5.410999999999921428e+00 -1.911263996229141071e+01
5.420999999999921215e+00 -1.911774950211669832e+01
5.430999999999921002e+00 -1.912440733992307074e+01
5.440999999999920789e+00 -1.913314029487839463e+01
5.450999999999920576e+00 -1.914535982139916115e+01
5.460999999999920362e+00 -1.916292802461542166e+01
5.470999999999920149e+00 -1.918758458350863094e+01
5.480999999999919936e+00 -1.922037406049381048e+01
5.490999999999919723e+00 -1.926128463512962341e+01
5.500999999999919510e+00 -1.930905212858450071e+01
5.510999999999919297e+00 -1.936121484137107629e+01
5.520999999999919083e+00 -1.941456628497785530e+01
5.530999999999918870e+00 -1.946574876780503160e+01
5.540999999999918657e+00 -1.951185597683477368e+01
5.550999999999918444e+00 -1.955102052118778033e+01
5.560999999999918231e+00 -1.958274109508811733e+01
5.570999999999918018e+00 -1.960790484337877615e+01
5.580999999999917804e+00 -1.962865396262603213e+01
5.590999999999917591e+00 -1.964791336199430205e+01
5.600999999999917378e+00 -1.966871970628256960e+01
5.610999999999917165e+00 -1.969364160080172610e+01
5.620999999999916952e+00 -1.972430580030443892e+01
5.630999999999916739e+00 -1.976110381622502743e+01
5.640999999999916525e+00 -1.980323247949278098e+01
5.650999999999916312e+00 -1.984905465069360986e+01
5.660999999999916099e+00 -1.989648384624898014e+01
5.670999999999915886e+00 -1.994354053930049986e+01
5.680999999999915673e+00 -1.998892051891779076e+01
5.690999999999915460e+00 -2.003227525921679586e+01
5.700999999999915246e+00 -2.007435084667343617e+01
5.710999999999915033e+00 -2.011682630235196001e+01
5.720999999999914820e+00 -2.016182474931859403e+01
5.730999999999914607e+00 -2.021133632169744843e+01
5.740999999999914394e+00 -2.026667670972656055e+01
5.750999999999914181e+00 -2.032802484398430565e+01
5.760999999999913967e+00 -2.039420924588803175e+01
5.770999999999913754e+00 -2.046285588674618339e+01
5.780999999999913541e+00 -2.053070759577268234e+01
5.790999999999913328e+00 -2.059414109206070620e+01
5.800999999999913115e+00 -2.064987153631065553e+01
5.810999999999912902e+00 -2.069554005263528040e+01
5.820999999999912689e+00 -2.073008960258336231e+01
5.830999999999912475e+00 -2.075389421499676956e+01
5.840999999999912262e+00 -2.076858726404169531e+01
5.850999999999912049e+00 -2.077661322939104949e+01
5.860999999999911836e+00 -2.078067437713274757e+01
5.870999999999911623e+00 -2.078312639105163484e+01
5.880999999999911410e+00 -2.078547527481928370e+01
5.890999999999911196e+00 -2.078812892895239273e+01
5.900999999999910983e+00 -2.079038595617084084e+01
5.910999999999910770e+00 -2.079073533798501217e+01
5.920999999999910557e+00 -2.078734392106803952e+01
5.930999999999910344e+00 -2.077866022200673157e+01
5.940999999999910131e+00 -2.076387585974829975e+01
5.950999999999909917e+00 -2.074321806348356034e+01
5.960999999999909704e+00 -2.071807171373129464e+01
5.970999999999909491e+00 -2.069074237902048452e+01
5.980999999999909278e+00 -2.066404542192421800e+01
5.990999999999909065e+00 -2.064072560654856403e+01
6.000999999999908852e+00 -2.062281544120336463e+01
6.010999999999908638e+00 -2.061113538965859959e+01
6.020999999999908425e+00 -2.060503830913495804e+01
6.030999999999908212e+00 -2.060250085365628081e+01
6.040999999999907999e+00 -2.060052467232437223e+01
6.050999999999907786e+00 -2.059574999892570801e+01
6.060999999999907573e+00 -2.058509650127325585e+01
6.070999999999907359e+00 -2.056632611754297102e+01
6.080999999999907146e+00 -2.053846721322132041e+01
6.090999999999906933e+00 -2.050192741811175168e+01
6.100999999999906720e+00 -2.045831153892637033e+01
6.110999999999906507e+00 -2.041000578523999565e+01
6.120999999999906294e+00 -2.035957984503727047e+01
6.130999999999906080e+00 -2.030918198469805702e+01
6.140999999999905867e+00 -2.026010451191160300e+01
6.141999999999906201e+00 -2.025529131182641152e+01
6.142999999999906535e+00 -2.025049538428152829e+01
6.143999999999906869e+00 -2.024571590449765424e+01
6.144999999999907203e+00 -2.024095197837528914e+01
6.145999999999907537e+00 -2.023620312944987631e+01
6.146999999999907871e+00 -2.023146889897186895e+01
6.147999999999908205e+00 -2.022674830459046902e+01
6.148999999999908539e+00 -2.022204012737267220e+01
6.149999999999908873e+00 -2.021734296443067436e+01
6.150999999999909207e+00 -2.021265545486827619e+01
6.160999999999908994e+00 -2.016584374075619834e+01
6.170999999999908781e+00 -2.011819193553379037e+01
6.180999999999908567e+00 -2.006798561918528989e+01
6.190999999999908354e+00 -2.001391865940244941e+01
6.200999999999908141e+00 -1.995558595281829994e+01
6.210999999999907928e+00 -1.989375817490265774e+01
6.220999999999907715e+00 -1.983039394178280901e+01
6.230999999999907502e+00 -1.976828570569563226e+01
6.240999999999907288e+00 -1.971055853554863546e+01
6.250999999999907075e+00 -1.966013281055491646e+01
6.260999999999906862e+00 -1.961919034237549297e+01
6.270999999999906649e+00 -1.958876785763922257e+01
6.280999999999906436e+00 -1.956856676707317177e+01
6.290999999999906223e+00 -1.955696936452873302e+01
6.300999999999906009e+00 -1.955137151898244952e+01
6.310999999999905796e+00 -1.954876151708586818e+01
6.320999999999905583e+00 -1.954630419779056538e+01
6.330999999999905370e+00 -1.954192336376317485e+01
6.340999999999905157e+00 -1.953462775926638884e+01
6.350999999999904944e+00 -1.952456886133739644e+01
6.360999999999904730e+00 -1.951290041568515932e+01
6.370999999999904517e+00 -1.950135228084039696e+01
6.380999999999904304e+00 -1.949172084878430766e+01
6.390999999999904091e+00 -1.948540402382815628e+01
6.400999999999903878e+00 -1.948305353504400017e+01
6.410999999999903665e+00 -1.948430314317273826e+01
6.420999999999903451e+00 -1.948782501261584343e+01
6.430999999999903238e+00 -1.949170890814626844e+01
6.440999999999903025e+00 -1.949384966538785946e+01
6.450999999999902812e+00 -1.949255094063299154e+01
6.460999999999902599e+00 -1.948702955824093763e+01
6.470999999999902386e+00 -1.947760213989351641e+01
6.480999999999902172e+00 -1.946582192350141938e+01
6.490999999999901959e+00 -1.945427170447460696e+01
6.500999999999901746e+00 -1.944599480450958495e+01
6.510999999999901533e+00 -1.944396014330048317e+01
6.520999999999901320e+00 -1.945057427572518094e+01
6.530999999999901107e+00 -1.946715249649066948e+01
6.540999999999900893e+00 -1.949368732774227553e+01
6.550999999999900680e+00 -1.952898717171363074e+01
6.560999999999900467e+00 -1.957087407388412359e+01
6.570999999999900254e+00 -1.961660921952925207e+01
6.580999999999900041e+00 -1.966355221555651056e+01
6.590999999999899828e+00 -1.970966858794032461e+01
6.600999999999899615e+00 -1.975383015683385679e+01
6.610999999999899401e+00 -1.979602377591876206e+01
6.620999999999899188e+00 -1.983717504415469790e+01
6.630999999999898975e+00 -1.987868979997667651e+01
6.640999999999898762e+00 -1.992202746760003151e+01
6.650999999999898549e+00 -1.996818910253533730e+01
6.660999999999898336e+00 -2.001730739043721385e+01
6.670999999999898122e+00 -2.006851115097386540e+01
6.680999999999897909e+00 -2.012002652263842251e+01
6.690999999999897696e+00 -2.016943906883698645e+01
6.700999999999897483e+00 -2.021413109986031742e+01
6.710999999999897270e+00 -2.025190041520772155e+01
6.720999999999897057e+00 -2.028146533990675948e+01
6.730999999999896843e+00 -2.030272200072248978e+01
6.740999999999896630e+00 -2.031684424874326922e+01
6.750999999999896417e+00 -2.032610152163600858e+01
6.760999999999896204e+00 -2.033338270673568715e+01
6.770999999999895991e+00 -2.034164524370840255e+01
6.780999999999895778e+00 -2.035338210646862578e+01
6.790999999999895564e+00 -2.037014230063075360e+01
6.800999999999895351e+00 -2.039225134916263826e+01
6.810999999999895138e+00 -2.041887300878219946e+01
6.820999999999894925e+00 -2.044827268929568831e+01
6.830999999999894712e+00 -2.047823580023960233e+01
6.840999999999894499e+00 -2.050666049582047279e+01
6.850999999999894285e+00 -2.053200653951045140e+01
6.860999999999894072e+00 -2.055356069124094986e+01
6.870999999999893859e+00 -2.057161441677829572e+01
6.880999999999893646e+00 -2.058731749729609461e+01
6.890999999999893433e+00 -2.060228830003496014e+01
6.900999999999893220e+00 -2.061813595997849191e+01
6.910999999999893006e+00 -2.063596034983240912e+01
6.920999999999892793e+00 -2.065591812184308296e+01
6.930999999999892580e+00 -2.067701585151530708e+01
6.940999999999892367e+00 -2.069727541703801776e+01
6.950999999999892154e+00 -2.071406495168553974e+01
6.960999999999891941e+00 -2.072457862768096959e+01
6.970999999999891727e+00 -2.072640888586863994e+01
6.980999999999891514e+00 -2.071802623544947863e+01
6.990999999999891301e+00 -2.069911490586648739e+01
7.000999999999891088e+00 -2.067068283589644295e+01
7.010999999999890875e+00 -2.063490992054022399e+01
7.020999999999890662e+00 -2.059470637881524269e+01
7.030999999999890449e+00 -2.055313227686746913e+01
7.040999999999890235e+00 -2.051283199984965933e+01
7.050999999999890022e+00 -2.047556190228537076e+01
7.060999999999889809e+00 -2.044194315455749944e+01
7.070999999999889596e+00 -2.041150178662090653e+01
7.080999999999889383e+00 -2.038293759676747285e+01
7.090999999999889170e+00 -2.035452938969301684e+01
7.100999999999888956e+00 -2.032468154889849998e+01
7.110999999999888743e+00 -2.029243126559753563e+01
7.120999999999888530e+00 -2.025775174007837620e+01
7.130999999999888317e+00 -2.022158687408568412e+01
7.140999999999888104e+00 -2.018565509520744072e+01
7.150999999999887891e+00 -2.015209065773396446e+01
7.160999999999887677e+00 -2.012286800682551657e+01
7.170999999999887464e+00 -2.009929426257444263e+01
7.180999999999887251e+00 -2.008169596698483161e+01
7.190999999999887038e+00 -2.006918697407141394e+01
7.200999999999886825e+00 -2.005974697800041184e+01
7.210999999999886612e+00 -2.005064154993230474e+01
7.220999999999886398e+00 -2.003895803442452106e+01
7.230999999999886185e+00 -2.002215125862455736e+01
7.240999999999885972e+00 -1.999864220094466916e+01
7.250999999999885759e+00 -1.996810446277115858e+01
7.260999999999885546e+00 -1.993139359239990327e+01
7.270999999999885333e+00 -1.989046188082158650e+01
7.280999999999885119e+00 -1.984790564515391864e+01
7.290999999999884906e+00 -1.980631844200477687e+01
7.300999999999884693e+00 -1.976791101829369524e+01
7.310999999999884480e+00 -1.973413119177399366e+01
7.320999999999884267e+00 -1.970531320121165209e+01
7.330999999999884054e+00 -1.968079366091191318e+01
7.340999999999883840e+00 -1.965927855786785727e+01
7.350999999999883627e+00 -1.963917108343566653e+01
7.360999999999883414e+00 -1.961908402016533515e+01
7.370999999999883201e+00 -1.959836408400960650e+01
7.380999999999882988e+00 -1.957724596382341531e+01
7.390999999999882775e+00 -1.955687214138563945e+01
7.400999999999882561e+00 -1.953921901434814146e+01
7.410999999999882348e+00 -1.952660242962875614e+01
7.420999999999882135e+00 -1.952112246217205538e+01
7.430999999999881922e+00 -1.952427911124699733e+01
7.440999999999881709e+00 -1.953652575039649264e+01
7.450999999999881496e+00 -1.955706740908314245e+01
7.460999999999881283e+00 -1.958401703834049457e+01
7.470999999999881069e+00 -1.961471485517620650e+01
7.480999999999880856e+00 -1.964618167068596932e+01
7.490999999999880643e+00 -1.967566602294046518e+01
7.500999999999880430e+00 -1.970121307038380110e+01
7.510999999999880217e+00 -1.972197746612587466e+01
7.520999999999880004e+00 -1.973824750037169551e+01
7.530999999999879790e+00 -1.975132029996115790e+01
7.540999999999879577e+00 -1.976311553901073736e+01
7.550999999999879364e+00 -1.977563182645155848e+01
7.560999999999879151e+00 -1.979049932793662236e+01
7.570999999999878938e+00 -1.980862857483634087e+01
7.580999999999878725e+00 -1.982997690847736294e+01
7.590999999999878511e+00 -1.985360880985983911e+01
7.600999999999878298e+00 -1.987797615499480131e+01
7.610999999999878085e+00 -1.990129688529692231e+01
7.620999999999877872e+00 -1.992207286687819945e+01
7.630999999999877659e+00 -1.993957501300079471e+01
7.640999999999877446e+00 -1.995403997581709277e+01
7.650999999999877232e+00 -1.996665867832835772e+01
7.660999999999877019e+00 -1.997947871566298872e+01
7.670999999999876806e+00 -1.999492393736472096e+01
7.680999999999876593e+00 -2.001524647264467660e+01
7.690999999999876380e+00 -2.004214902547416344e+01
7.700999999999876167e+00 -2.007631744143348129e+01
7.710999999999875953e+00 -2.011722828387287620e+01
7.720999999999875740e+00 -2.016326425678848366e+01
7.730999999999875527e+00 -2.021197584188196572e+01
7.740999999999875314e+00 -2.026053386401216372e+01
7.750999999999875101e+00 -2.030630552606217520e+01
7.760999999999874888e+00 -2.034732603943572826e+01
7.770999999999874674e+00 -2.038255443166373126e+01
7.780999999999874461e+00 -2.041205616717618909e+01
7.790999999999874248e+00 -2.043685443367505172e+01
7.800999999999874035e+00 -2.045851117278778375e+01
7.810999999999873822e+00 -2.047873216372970973e+01
7.820999999999873609e+00 -2.049885074531682250e+01
7.830999999999873395e+00 -2.051941658384706813e+01
7.840999999999873182e+00 -2.054007027210574776e+01
7.850999999999872969e+00 -2.055961608731267276e+01
7.860999999999872756e+00 -2.057626635207576982e+01
7.870999999999872543e+00 -2.058808630372246640e+01
7.880999999999872330e+00 -2.059350562021778686e+01
7.890999999999872117e+00 -2.059169871761039161e+01
7.900999999999871903e+00 -2.058291120186753886e+01
7.910999999999871690e+00 -2.056852553711626186e+01
7.920999999999871477e+00 -2.055080897361626313e+01
7.930999999999871264e+00 -2.053248840809430931e+01
7.940999999999871051e+00 -2.051626296907557645e+01
7.950999999999870838e+00 -2.050424702699735136e+01
7.960999999999870624e+00 -2.049752929647883093e+01
7.970999999999870411e+00 -2.049606175018852028e+01
7.980999999999870198e+00 -2.049867737120197830e+01
7.990999999999869985e+00 -2.050333494867633277e+01
8.000999999999869772e+00 -2.050760578687915725e+01
8.010999999999869559e+00 -2.050922148536651690e+01
8.020999999999869345e+00 -2.050654166644869036e+01
8.030999999999869132e+00 -2.049884792526009747e+01
8.040999999999868919e+00 -2.048646760787554300e+01
8.050999999999868706e+00 -2.047057719291050049e+01
8.060999999999868493e+00 -2.045282912368515227e+01
8.070999999999868280e+00 -2.043491777825375522e+01
8.080999999999868066e+00 -2.041806885344402644e+01
8.090999999999867853e+00 -2.040270025882269422e+01
8.100999999999867640e+00 -2.038827351081630823e+01
8.110999999999867427e+00 -2.037335886054561485e+01
8.120999999999867214e+00 -2.035597756222320598e+01
8.130999999999867001e+00 -2.033408335807287770e+01
8.140999999999866787e+00 -2.030606794991445696e+01
8.150999999999866574e+00 -2.027118833068785264e+01
8.160999999999866361e+00 -2.022981915695472210e+01
8.170999999999866148e+00 -2.018348063514126167e+01
8.180999999999865935e+00 -2.013463850207662631e+01
8.190999999999865722e+00 -2.008623764993813765e+01
8.200999999999865508e+00 -2.004115901714777337e+01
8.210999999999865295e+00 -2.000171280121112005e+01
8.220999999999865082e+00 -1.996918329899242650e+01
8.230999999999864869e+00 -1.994364948918568459e+01
8.240999999999864656e+00 -1.992411189718506392e+01
8.250999999999864443e+00 -1.990881116573370946e+01
8.260999999999864229e+00 -1.989565143764706079e+01
8.270999999999864016e+00 -1.988276413055296388e+01
8.280999999999863803e+00 -1.986891372414009282e+01
8.290999999999863590e+00 -1.985371969547168547e+01
8.300999999999863377e+00 -1.983776829963557020e+01
8.310999999999863164e+00 -1.982239856410858536e+01
8.320999999999862951e+00 -1.980929827638389540e+01
8.330999999999862737e+00 -1.980006343243054800e+01
8.340999999999862524e+00 -1.979574337502346637e+01
8.350999999999862311e+00 -1.979648419850141750e+01
8.360999999999862098e+00 -1.980142361682920082e+01
8.370999999999861885e+00 -1.980881845474684155e+01
8.380999999999861672e+00 -1.981632900530890851e+01
8.390999999999861458e+00 -1.982151079880256717e+01
8.400999999999861245e+00 -1.982234738563279208e+01
8.410999999999861032e+00 -1.981766994851263419e+01
8.420999999999860819e+00 -1.980744993268780973e+01
8.430999999999860606e+00 -1.979278240157151103e+01
8.440999999999860393e+00 -1.977569859754052217e+01
8.450999999999860179e+00 -1.975877311922736368e+01
8.460999999999859966e+00 -1.974456723825869275e+01
8.470999999999859753e+00 -1.973518288502166840e+01
8.480999999999859540e+00 -1.973190819717680355e+01
8.490999999999859327e+00 -1.973495348973800034e+01
8.500999999999859114e+00 -1.974352585631873325e+01
8.510999999999858900e+00 -1.975613413325418932e+01
8.520999999999858687e+00 -1.977092890855659135e+01
8.530999999999858474e+00 -1.978627241016856431e+01
8.540999999999858261e+00 -1.980115254712376682e+01
8.550999999999858048e+00 -1.981533254732732274e+01
8.560999999999857835e+00 -1.982944725925292317e+01
8.570999999999857621e+00 -1.984487480879624854e+01
8.580999999999857408e+00 -1.986331728041063016e+01
8.590999999999857195e+00 -1.988632556997371026e+01
8.600999999999856982e+00 -1.991493711491155594e+01
8.610999999999856769e+00 -1.994924339831715443e+01
8.620999999999856556e+00 -1.998822120984770478e+01
8.630999999999856342e+00 -2.002997033415845607e+01
8.640999999999856129e+00 -2.007194039486292780e+01
8.650999999999855916e+00 -2.011139824651142760e+01
8.660999999999855703e+00 -2.014604563939029802e+01
8.670999999999855490e+00 -2.017435159850862192e+01
8.680999999999855277e+00 -2.019581457277242365e+01
8.690999999999855063e+00 -2.021110505691137149e+01
8.700999999999854850e+00 -2.022184688536638575e+01
8.710999999999854637e+00 -2.023018380118097781e+01
8.720999999999854424e+00 -2.023835685162246634e+01
8.730999999999854211e+00 -2.024822624761490175e+01
8.740999999999853998e+00 -2.026084285496268578e+01
8.750999999999853785e+00 -2.027630991016388506e+01
8.760999999999853571e+00 -2.029387034156586367e+01
8.770999999999853358e+00 -2.031210928137589988e+01
8.780999999999853145e+00 -2.032933201948018365e+01
8.790999999999852932e+00 -2.034410954466749999e+01
8.800999999999852719e+00 -2.035565156876424453e+01
8.810999999999852506e+00 -2.036402511664864079e+01
8.820999999999852292e+00 -2.037022720371371776e+01
8.830999999999852079e+00 -2.037595714848981387e+01
8.840999999999851866e+00 -2.038319901129947809e+01
8.850999999999851653e+00 -2.039377534551896076e+01
8.860999999999851440e+00 -2.040895630109948300e+01
8.870999999999851227e+00 -2.042903969766254235e+01
8.880999999999851013e+00 -2.045320703850452659e+01
8.890999999999850800e+00 -2.047969950963279828e+01
8.900999999999850587e+00 -2.050601627809053440e+01
8.910999999999850374e+00 -2.052938144335988468e+01
8.920999999999850161e+00 -2.054739498654733154e+01
8.930999999999849948e+00 -2.055842531557173558e+01
8.940999999999849734e+00 -2.056183992467324373e+01
8.950999999999849521e+00 -2.055813458493345891e+01
8.960999999999849308e+00 -2.054875087347218354e+01
8.970999999999849095e+00 -2.053564019122697104e+01
8.980999999999848882e+00 -2.052085514269850464e+01
8.990999999999848669e+00 -2.050610634274716659e+01
9.000999999999848455e+00 -2.049231888037645533e+01
9.010999999999848242e+00 -2.047950916322729142e+01
9.020999999999848029e+00 -2.046688844566909182e+01
9.030999999999847816e+00 -2.045308216687372749e+01
9.040999999999847603e+00 -2.043655922908554956e+01
9.050999999999847390e+00 -2.041613733110521522e+01
9.060999999999847176e+00 -2.039132767772189680e+01
9.070999999999846963e+00 -2.036255345716595855e+01
9.080999999999846750e+00 -2.033121555352682819e+01
9.090999999999846537e+00 -2.029947263975889271e+01
9.100999999999846324e+00 -2.026974996151201580e+01
9.110999999999846111e+00 -2.024426366325454296e+01
9.120999999999845897e+00 -2.022458290198037645e+01
9.130999999999845684e+00 -2.021122691288765338e+01
9.140999999999845471e+00 -2.020357656324194551e+01
9.150999999999845258e+00 -2.020003529267613729e+01
9.160999999999845045e+00 -2.019831053160812218e+01
9.170999999999844832e+00 -2.019586730790756590e+01
9.180999999999844619e+00 -2.019046532406082051e+01
9.190999999999844405e+00 -2.018059212918671008e+01
9.200999999999844192e+00 -2.016573369317679720e+01
9.210999999999843979e+00 -2.014644324509205120e+01
9.220999999999843766e+00 -2.012411595605469117e+01
9.230999999999843553e+00 -2.010058002435245328e+01
9.240999999999843340e+00 -2.007766064633149838e+01
9.250999999999843126e+00 -2.005673608298604549e+01
9.260999999999842913e+00 -2.003842882219632671e+01
9.270999999999842700e+00 -2.002249375972302303e+01
9.280999999999842487e+00 -2.000788647756819927e+01
9.290999999999842274e+00 -1.999306753991216468e+01
9.300999999999842061e+00 -1.997642647799345639e+01
9.310999999999841847e+00 -1.995670528367161012e+01
9.320999999999841634e+00 -1.993343961246052842e+01
9.330999999999841421e+00 -1.990712738120192071e+01
9.340999999999841208e+00 -1.987914651305302982e+01
9.350999999999840995e+00 -1.985162305816742645e+01
9.360999999999840782e+00 -1.982703765052954736e+01
9.370999999999840568e+00 -1.980769338538263113e+01
9.380999999999840355e+00 -1.979530375633268946e+01
9.390999999999840142e+00 -1.979064790838221910e+01
9.400999999999839929e+00 -1.979335950611835315e+01
9.410999999999839716e+00 -1.980206205647131767e+01
9.420999999999839503e+00 -1.981472346582340904e+01
9.430999999999839289e+00 -1.982902358495546125e+01
9.440999999999839076e+00 -1.984288355657731984e+01
9.450999999999838863e+00 -1.985489873971495456e+01
9.460999999999838650e+00 -1.986447603937016737e+01
9.470999999999838437e+00 -1.987195506703113779e+01
9.480999999999838224e+00 -1.987848768644015962e+01
9.490999999999838010e+00 -1.988559789671968403e+01
9.500999999999837797e+00 -1.989477686154636515e+01
9.510999999999837584e+00 -1.990709057336871268e+01
9.520999999999837371e+00 -1.992278839798049361e+01
9.530999999999837158e+00 -1.994123528996857786e+01
9.540999999999836945e+00 -1.996106726931529707e+01
9.550999999999836731e+00 -1.998042904087987282e+01
9.560999999999836518e+00 -1.999740286317478066e+01
9.570999999999836305e+00 -2.001046665276740555e+01
9.580999999999836092e+00 -2.001883388916568407e+01
9.590999999999835879e+00 -2.002268765879535906e+01
9.600999999999835666e+00 -2.002323983586023814e+01
9.610999999999835453e+00 -2.002247968480155293e+01
9.620999999999835239e+00 -2.002277616011282291e+01
9.630999999999835026e+00 -2.002643684487955866e+01
9.640999999999834813e+00 -2.003519894451513395e+01
9.650999999999834600e+00 -2.004990849111977624e+01
9.660999999999834387e+00 -2.007038343592725838e+01
9.670999999999834174e+00 -2.009545515406234983e+01
9.680999999999833960e+00 -2.012329477057925331e+01
9.690999999999833747e+00 -2.015181230516862598e+01
9.700999999999833534e+00 -2.017912632880033996e+01
9.710999999999833321e+00 -2.020399087680319994e+01
9.720999999999833108e+00 -2.022598841519244317e+01
9.730999999999832895e+00 -2.024556207683045983e+01
9.740999999999832681e+00 -2.026383419543492792e+01
9.750999999999832468e+00 -2.028224927133081934e+01
9.760999999999832255e+00 -2.030218042981618254e+01
9.770999999999832042e+00 -2.032453417191718970e+01
9.780999999999831829e+00 -2.034940701324650902e+01
9.790999999999831616e+00 -2.037597512518512843e+01
9.800999999999831402e+00 -2.040262433496309669e+01
9.810999999999831189e+00 -2.042722275672428012e+01
9.820999999999830976e+00 -2.044758318805645914e+01
9.830999999999830763e+00 -2.046198866032728958e+01
9.840999999999830550e+00 -2.046951668264438950e+01
9.850999999999830337e+00 -2.047020745376375928e+01
9.860999999999830123e+00 -2.046514725685047154e+01
9.870999999999829910e+00 -2.045622746926541780e+01
9.880999999999829697e+00 -2.044576258264228841e+01
9.890999999999829484e+00 -2.043607952708417130e+01
9.900999999999829271e+00 -2.042899830218060941e+01
9.910999999999829058e+00 -2.042547947442320577e+01
9.920999999999828844e+00 -2.042550033095838913e+01
9.930999999999828631e+00 -2.042812848987519914e+01
9.940999999999828418e+00 -2.043178552749025201e+01
9.950999999999828205e+00 -2.043468649408922744e+01
9.960999999999827992e+00 -2.043529791384428052e+01
9.970999999999827779e+00 -2.043268216140989324e+01
9.980999999999827565e+00 -2.042675443663320678e+01
9.990999999999827352e+00 -2.041832784500351039e+01
1.000099999999982714e+01 -2.040885876207682870e+01
1.001099999999982693e+01 -2.040006076306454830e+01
