0.000000000000000000e+00 1.300570505950021487e-03
1.000000000000000021e-02 5.214579254881785168e-04
2.000000000000000042e-02 -3.391587558434921729e-03
2.999999999999999889e-02 -1.361591098023659172e-02
4.000000000000000083e-02 -3.335038452622722527e-02
5.000000000000000278e-02 -6.573578386486803038e-02
6.000000000000000472e-02 -1.137469399594576852e-01
7.000000000000000666e-02 -1.800771461344920221e-01
8.000000000000000167e-02 -2.670358317308932361e-01
8.999999999999999667e-02 -3.764762813231506411e-01
9.999999999999999167e-02 -5.097627897504415362e-01
1.099999999999999867e-01 -6.677787720562082807e-01
1.199999999999999817e-01 -8.509694700634697906e-01
1.299999999999999767e-01 -1.059407969909306413e+00
1.399999999999999856e-01 -1.292871988638175429e+00
1.499999999999999944e-01 -1.550918269557399753e+00
1.600000000000000033e-01 -1.832945038430679796e+00
1.700000000000000122e-01 -2.138238170322724230e+00
1.800000000000000211e-01 -2.466091752229730538e+00
1.900000000000000300e-01 -2.816061319466267587e+00
2.000000000000000389e-01 -3.187912719692254981e+00
2.100000000000000477e-01 -3.581150750587609455e+00
2.200000000000000566e-01 -3.994919602314838336e+00
2.300000000000000655e-01 -4.428500575660593519e+00
2.400000000000000744e-01 -4.881782194823991894e+00
2.500000000000000555e-01 -5.355396275253908378e+00
2.600000000000000644e-01 -5.850644210348880492e+00
2.700000000000000733e-01 -6.369218728955031494e+00
2.800000000000000822e-01 -6.912544410326694866e+00
2.900000000000000910e-01 -7.481052130551284485e+00
3.000000000000000999e-01 -8.074053164254719306e+00
3.100000000000001088e-01 -8.690107386116698862e+00
3.200000000000001177e-01 -9.327341382144586746e+00
3.300000000000001266e-01 -9.983439400674601671e+00
3.400000000000001354e-01 -1.065557179013284106e+01
3.500000000000001443e-01 -1.134055908886555031e+01
3.600000000000001532e-01 -1.203519274342181689e+01
3.700000000000001621e-01 -1.273644262974908159e+01
3.800000000000001710e-01 -1.344123936745971548e+01
3.900000000000001799e-01 -1.414627393940810940e+01
4.000000000000001887e-01 -1.484805740393793450e+01
4.100000000000001976e-01 -1.554295813823655159e+01
4.200000000000002065e-01 -1.622731721589900999e+01
4.300000000000002154e-01 -1.689769318331883952e+01
4.400000000000002243e-01 -1.755097195529815224e+01
4.500000000000002331e-01 -1.818415719557008714e+01
4.600000000000002420e-01 -1.879413702582109735e+01
4.700000000000002509e-01 -1.937741871006512895e+01
4.800000000000002598e-01 -1.993085974544069217e+01
4.900000000000002687e-01 -2.045283853500152205e+01
5.000000000000002220e-01 -2.094251929856033456e+01
5.100000000000002309e-01 -2.139895224746031843e+01
5.200000000000002398e-01 -2.182145410639874683e+01
5.300000000000002487e-01 -2.221002247502813631e+01
5.400000000000002576e-01 -2.256530136733246650e+01
5.500000000000002665e-01 -2.288846000161079886e+01
5.600000000000002753e-01 -2.318113148060226436e+01
5.700000000000002842e-01 -2.344525046279462899e+01
5.800000000000002931e-01 -2.368288382528740499e+01
5.900000000000003020e-01 -2.389606460482596972e+01
6.000000000000003109e-01 -2.408667040920212798e+01
6.100000000000003197e-01 -2.425631479739955765e+01
6.200000000000003286e-01 -2.440618216903718007e+01
6.300000000000003375e-01 -2.453699338325503732e+01
6.400000000000003464e-01 -2.464919442452905329e+01
6.500000000000003553e-01 -2.474320236231784875e+01
6.600000000000003642e-01 -2.481957260204775650e+01
6.700000000000003730e-01 -2.487906249395579295e+01
6.800000000000003819e-01 -2.492264326119779838e+01
6.900000000000003908e-01 -2.495149021255745936e+01
7.000000000000003997e-01 -2.496694691805688748e+01
7.100000000000004086e-01 -2.497043565785886088e+01
7.200000000000004174e-01 -2.496338998088074845e+01
7.300000000000004263e-01 -2.494730388030642487e+01
7.400000000000004352e-01 -2.492370403142571078e+01
7.500000000000004441e-01 -2.489399690788251007e+01
7.600000000000004530e-01 -2.485932744720726362e+01
7.700000000000004619e-01 -2.482013565130847255e+01
7.800000000000004707e-01 -2.477566373669008826e+01
7.900000000000004796e-01 -2.472412442864609261e+01
8.000000000000004885e-01 -2.466315071329990616e+01
8.100000000000004974e-01 -2.459017424878729230e+01
8.200000000000005063e-01 -2.450277459714419948e+01
8.300000000000005151e-01 -2.439892311040955519e+01
8.400000000000005240e-01 -2.427712289142499813e+01
8.500000000000005329e-01 -2.413644225720966929e+01
8.600000000000005418e-01 -2.397647558135740553e+01
8.700000000000005507e-01 -2.379726225862062705e+01
8.800000000000005596e-01 -2.359920120670458843e+01
8.900000000000005684e-01 -2.338298471971454262e+01
9.000000000000005773e-01 -2.314956653357185701e+01
9.100000000000005862e-01 -2.290021145159055038e+01
9.200000000000005951e-01 -2.263659119979480749e+01
9.300000000000006040e-01 -2.236074888097483182e+01
9.400000000000006128e-01 -2.207496799309157254e+01
9.500000000000006217e-01 -2.178171597321945541e+01
9.600000000000006306e-01 -2.148363341617888622e+01
9.700000000000006395e-01 -2.118349397389479805e+01
9.800000000000006484e-01 -2.088393342761781568e+01
9.900000000000006573e-01 -2.058719072676500517e+01
1.000000000000000666e+00 -2.029534793119145064e+01
1.010000000000000675e+00 -2.001058060891270785e+01
1.020000000000000684e+00 -1.973502672783173750e+01
1.030000000000000693e+00 -1.947055501143552547e+01
1.040000000000000702e+00 -1.921860181361615005e+01
1.050000000000000711e+00 -1.898009385341384103e+01
1.060000000000000719e+00 -1.875547646562083415e+01
1.070000000000000728e+00 -1.854481392547282681e+01
1.080000000000000737e+00 -1.834785226311012707e+01
1.090000000000000746e+00 -1.816405293822906586e+01
1.100000000000000755e+00 -1.799264654854952639e+01
1.110000000000000764e+00 -1.783269435574137063e+01
1.120000000000000773e+00 -1.768316009084693619e+01
1.130000000000000782e+00 -1.754307669492992972e+01
1.140000000000000790e+00 -1.741165003376198328e+01
1.150000000000000799e+00 -1.728812188109725057e+01
1.160000000000000808e+00 -1.717167136410497363e+01
1.170000000000000817e+00 -1.706154858063623436e+01
1.180000000000000826e+00 -1.695725640076289054e+01
1.190000000000000835e+00 -1.685849645702856137e+01
1.200000000000000844e+00 -1.676497952154791093e+01
1.210000000000000853e+00 -1.667637611249309515e+01
1.220000000000000862e+00 -1.659237469458727432e+01
1.230000000000000870e+00 -1.651274854173588835e+01
1.240000000000000879e+00 -1.643741811898870608e+01
1.250000000000000888e+00 -1.636649439012729346e+01
1.260000000000000897e+00 -1.630029748831105252e+01
1.270000000000000906e+00 -1.623935042168771758e+01
1.280000000000000915e+00 -1.618445108843603819e+01
1.290000000000000924e+00 -1.613674203082565128e+01
1.300000000000000933e+00 -1.609757499447783147e+01
1.310000000000000941e+00 -1.606832043994664971e+01
1.320000000000000950e+00 -1.605023772801118298e+01
1.330000000000000959e+00 -1.604438906134832976e+01
1.340000000000000968e+00 -1.605158711602548038e+01
1.350000000000000977e+00 -1.607237540574354995e+01
1.360000000000000986e+00 -1.610704949846357437e+01
1.370000000000000995e+00 -1.615569402439708924e+01
1.380000000000001004e+00 -1.621822384032810760e+01
1.390000000000001013e+00 -1.629441224052881054e+01
1.400000000000001021e+00 -1.638389715939687008e+01
1.410000000000001030e+00 -1.648617220883798140e+01
1.420000000000001039e+00 -1.660056924020119240e+01
1.430000000000001048e+00 -1.672624195451104612e+01
1.440000000000001057e+00 -1.686215989823826789e+01
1.450000000000001066e+00 -1.700711873904405635e+01
1.460000000000001075e+00 -1.715976944243100633e+01
1.470000000000001084e+00 -1.731866430638232757e+01
1.480000000000001092e+00 -1.748231576428516831e+01
1.490000000000001101e+00 -1.764927723907161194e+01
1.500000000000001110e+00 -1.781830029189821474e+01
1.510000000000001119e+00 -1.798839885464484922e+01
1.520000000000001128e+00 -1.815871177671868253e+01
1.530000000000001137e+00 -1.832842751387612523e+01
1.540000000000001146e+00 -1.849680217282289263e+01
1.541000000000001036e+00 -1.851354453703624259e+01
1.542000000000000925e+00 -1.853026600770727939e+01
1.543000000000000815e+00 -1.854696599330399565e+01
1.544000000000000705e+00 -1.856364391434381389e+01
1.545000000000000595e+00 -1.858029920251074429e+01
1.546000000000000485e+00 -1.859693130985118259e+01
1.547000000000000375e+00 -1.861353969483484860e+01
1.548000000000000265e+00 -1.863012383733602917e+01
1.549000000000000155e+00 -1.864668322461845307e+01
1.550000000000000044e+00 -1.866321736327477510e+01
1.550999999999999934e+00 -1.867972577146793256e+01
1.551999999999999824e+00 -1.869620798268893225e+01
1.552999999999999714e+00 -1.871266354671263699e+01
1.553999999999999604e+00 -1.872909202530319916e+01
1.554999999999999494e+00 -1.874549299976495931e+01
1.555999999999999384e+00 -1.876186606201783391e+01
1.556999999999999273e+00 -1.877821082429156263e+01
1.557999999999999163e+00 -1.879452691015587007e+01
1.558999999999999053e+00 -1.881081396237626180e+01
1.559999999999998943e+00 -1.882707163718323073e+01
1.560999999999998833e+00 -1.884329960792348047e+01
1.561999999999998723e+00 -1.885949756373607755e+01
1.562999999999998613e+00 -1.887566520893084743e+01
1.563999999999998503e+00 -1.889180226528143791e+01
1.564999999999998392e+00 -1.890790846854503116e+01
1.565999999999998282e+00 -1.892398357259808250e+01
1.566999999999998172e+00 -1.894002734497443186e+01
1.567999999999998062e+00 -1.895603957107432080e+01
1.568999999999997952e+00 -1.897202005022844773e+01
1.569999999999997842e+00 -1.898796859881678145e+01
1.579999999999997851e+00 -1.914565750807025779e+01
1.589999999999997859e+00 -1.930002681686620036e+01
1.599999999999997868e+00 -1.945103909699519207e+01
1.609999999999997877e+00 -1.959876892252329128e+01
1.610999999999997767e+00 -1.961336541550368295e+01
1.611999999999997657e+00 -1.962793072983813403e+01
1.612999999999997547e+00 -1.964246504905867852e+01
1.613999999999997437e+00 -1.965696855977251900e+01
1.614999999999997327e+00 -1.967144145019669565e+01
1.615999999999997216e+00 -1.968588390730926108e+01
1.616999999999997106e+00 -1.970029611895450117e+01
1.617999999999996996e+00 -1.971467827065742640e+01
1.618999999999996886e+00 -1.972903054728484307e+01
1.619999999999996776e+00 -1.974335313059598818e+01
1.629999999999996785e+00 -1.988499275678056932e+01
1.639999999999996794e+00 -2.002381216464631564e+01
1.649999999999996803e+00 -2.015987823244248034e+01
1.659999999999996811e+00 -2.029315439863352211e+01
1.669999999999996820e+00 -2.042348243596980240e+01
1.679999999999996829e+00 -2.055057733045615009e+01
1.689999999999996838e+00 -2.067403343898374146e+01
1.699999999999996847e+00 -2.079333895764216322e+01
1.709999999999996856e+00 -2.090789542670391299e+01
1.719999999999996865e+00 -2.101703933660731849e+01
1.729999999999996874e+00 -2.112006369843266640e+01
1.739999999999996882e+00 -2.121623841404161581e+01
1.749999999999996891e+00 -2.130482917021699407e+01
1.759999999999996900e+00 -2.138511520127870469e+01
1.769999999999996909e+00 -2.145640651963282508e+01
1.779999999999996918e+00 -2.151806111689318968e+01
1.789999999999996927e+00 -2.156950227510063556e+01
1.799999999999996936e+00 -2.161023563757154520e+01
1.809999999999996945e+00 -2.163986489279087522e+01
1.819999999999996954e+00 -2.165810498199578049e+01
1.829999999999996962e+00 -2.166479230390334010e+01
1.839999999999996971e+00 -2.165990048674456148e+01
1.849999999999996980e+00 -2.164355522844501678e+01
1.859999999999996989e+00 -2.161602534436372380e+01
1.869999999999996998e+00 -2.157769924093670610e+01
1.879999999999997007e+00 -2.152906163600477640e+01
1.889999999999997016e+00 -2.147066991136160397e+01
1.899999999999997025e+00 -2.140313223338011639e+01
1.909999999999997033e+00 -2.132708848716395877e+01
1.919999999999997042e+00 -2.124319429776518220e+01
1.929999999999997051e+00 -2.115210783590201160e+01
1.939999999999997060e+00 -2.105447884041187123e+01
1.949999999999997069e+00 -2.095093934315701389e+01
1.959999999999997078e+00 -2.084209578612457747e+01
1.969999999999997087e+00 -2.072852255082497308e+01
1.979999999999997096e+00 -2.061075717769648108e+01
1.989999999999997105e+00 -2.048929773540080745e+01
1.999999999999997113e+00 -2.036460279618194846e+01
2.009999999999997122e+00 -2.023709433544281922e+01
2.019999999999996909e+00 -2.010716359548242238e+01
2.029999999999996696e+00 -1.997517962466791985e+01
2.039999999999996483e+00 -1.984149987196738252e+01
2.049999999999996270e+00 -1.970648649602406266e+01
2.059999999999996056e+00 -1.957052440181368169e+01
2.069999999999995843e+00 -1.943401453431190617e+01
2.079999999999995630e+00 -1.929731688773141229e+01
2.089999999999995417e+00 -1.916074059260522588e+01
2.099999999999995204e+00 -1.902464327889149942e+01
2.109999999999994991e+00 -1.888950201879064039e+01
2.119999999999994778e+00 -1.875590043270078411e+01
2.129999999999994564e+00 -1.862448488597532048e+01
2.139999999999994351e+00 -1.849590532774633544e+01
2.149999999999994138e+00 -1.837077310639922700e+01
2.159999999999993925e+00 -1.824965724217868512e+01
2.169999999999993712e+00 -1.813307579597871566e+01
2.179999999999993499e+00 -1.802147915108105991e+01
2.189999999999993285e+00 -1.791525013934471389e+01
2.199999999999993072e+00 -1.781471070424057856e+01
2.209999999999992859e+00 -1.772013576316625816e+01
2.219999999999992646e+00 -1.763176590574336089e+01
2.229999999999992433e+00 -1.754981893807843107e+01
2.239999999999992220e+00 -1.747450677745284509e+01
2.249999999999992006e+00 -1.740603758697112013e+01
2.259999999999991793e+00 -1.734460388367381256e+01
2.269999999999991580e+00 -1.729037221012800529e+01
2.279999999999991367e+00 -1.724347464372880268e+01
2.289999999999991154e+00 -1.720400187084577226e+01
2.299999999999990941e+00 -1.717199956370373570e+01
2.309999999999990727e+00 -1.714747006878980073e+01
2.319999999999990514e+00 -1.713037872974261333e+01
2.329999999999990301e+00 -1.712066295353670498e+01
2.339999999999990088e+00 -1.711824172357436424e+01
2.349999999999989875e+00 -1.712301603053479937e+01
2.359999999999989662e+00 -1.713486846385932694e+01
2.369999999999989448e+00 -1.715367689198641443e+01
2.379999999999989235e+00 -1.717932599409584427e+01
2.389999999999989022e+00 -1.721170945344485759e+01
2.399999999999988809e+00 -1.725072832921385313e+01
2.409999999999988596e+00 -1.729628466395233133e+01
2.419999999999988383e+00 -1.734827226129048583e+01
2.429999999999988169e+00 -1.740656625139872915e+01
2.439999999999987956e+00 -1.747101326777565689e+01
2.449999999999987743e+00 -1.754142354809465587e+01
2.459999999999987530e+00 -1.761756590271380674e+01
2.469999999999987317e+00 -1.769916564969151196e+01
2.479999999999987104e+00 -1.778590447345688830e+01
2.489999999999986890e+00 -1.787742197521334475e+01
2.499999999999986677e+00 -1.797331914533275210e+01
2.509999999999986464e+00 -1.807316549853316090e+01
2.519999999999986251e+00 -1.817655946630987884e+01
2.529999999999986038e+00 -1.828316129844251137e+01
2.539999999999985825e+00 -1.839259215699697592e+01
2.549999999999985612e+00 -1.850436809374901159e+01
2.559999999999985398e+00 -1.861793051086697659e+01
2.569999999999985185e+00 -1.873267782840378004e+01
2.579999999999984972e+00 -1.884799708944060370e+01
2.589999999999984759e+00 -1.896329559181037538e+01
2.599999999999984546e+00 -1.907801325797737846e+01
2.609999999999984333e+00 -1.919163393153568720e+01
2.619999999999984119e+00 -1.930371193313623124e+01
2.629999999999983906e+00 -1.941387558990082240e+01
2.639999999999983693e+00 -1.952180890261997703e+01
2.649999999999983480e+00 -1.962723479410548677e+01
2.659999999999983267e+00 -1.972989772660126562e+01
2.669999999999983054e+00 -1.982954968749442415e+01
2.679999999999982840e+00 -1.992594180218056010e+01
2.689999999999982627e+00 -2.001882164259198760e+01
2.699999999999982414e+00 -2.010793540545599001e+01
2.709999999999982201e+00 -2.019303305949634009e+01
2.719999999999981988e+00 -2.027387428695624294e+01
2.729999999999981775e+00 -2.035023330534851382e+01
2.739999999999981561e+00 -2.042190127727483784e+01
2.749999999999981348e+00 -2.048868583765039020e+01
2.759999999999981135e+00 -2.055040810412493713e+01
2.769999999999980922e+00 -2.060689811141676842e+01
2.779999999999980709e+00 -2.065798996388540942e+01
2.789999999999980496e+00 -2.070351795688361207e+01
2.799999999999980282e+00 -2.074331466271880942e+01
2.809999999999980069e+00 -2.077721149767888420e+01
2.819999999999979856e+00 -2.080504178858002362e+01
2.829999999999979643e+00 -2.082664589167412217e+01
2.839999999999979430e+00 -2.084187760939518341e+01
2.849999999999979217e+00 -2.085061013205025304e+01
2.859999999999979003e+00 -2.085274058848725076e+01
2.869999999999978790e+00 -2.084820066605971434e+01
2.879999999999978577e+00 -2.083696826601712715e+01
2.889999999999978364e+00 -2.081906653995492817e+01
2.899999999999978151e+00 -2.079455895895003437e+01
2.909999999999977938e+00 -2.076354679618524202e+01
2.919999999999977724e+00 -2.072616674930818448e+01
2.929999999999977511e+00 -2.068259000228053068e+01
2.939999999999977298e+00 -2.063302240501833751e+01
2.949999999999977085e+00 -2.057770531747214804e+01
2.959999999999976872e+00 -2.051691635728840168e+01
2.969999999999976659e+00 -2.045096933812174100e+01
2.979999999999976446e+00 -2.038021283169794629e+01
2.989999999999976232e+00 -2.030502710709286873e+01
2.999999999999976019e+00 -2.022581950813711416e+01
3.009999999999975806e+00 -2.014301862616601824e+01
3.019999999999975593e+00 -2.005706780950347934e+01
3.029999999999975380e+00 -1.996841862683117697e+01
3.039999999999975167e+00 -1.987752485408806535e+01
3.049999999999974953e+00 -1.978483742055522399e+01
3.059999999999974740e+00 -1.969080055909552129e+01
3.069999999999974527e+00 -1.959584921108057287e+01
3.079999999999974314e+00 -1.950040940541007473e+01
3.089999999999974101e+00 -1.940490128890499122e+01
3.099999999999973888e+00 -1.930973873773531579e+01
3.109999999999973674e+00 -1.921531551571441199e+01
3.119999999999973461e+00 -1.912197142041422282e+01
3.129999999999973248e+00 -1.902998161587072801e+01
3.139999999999973035e+00 -1.893960877531306153e+01
3.149999999999972822e+00 -1.885115581140840391e+01
3.159999999999972609e+00 -1.876496462270804955e+01
3.169999999999972395e+00 -1.868138776631747788e+01
3.179999999999972182e+00 -1.860076152102209690e+01
3.189999999999971969e+00 -1.852338526666473939e+01
3.199999999999971756e+00 -1.844950189874547419e+01
3.209999999999971543e+00 -1.837929411543178659e+01
3.219999999999971330e+00 -1.831290248681960975e+01
3.229999999999971116e+00 -1.825043705545252237e+01
3.239999999999970903e+00 -1.819198489038736000e+01
3.249999999999970690e+00 -1.813762290006690137e+01
3.259999999999970477e+00 -1.808742794161710421e+01
3.269999999999970264e+00 -1.804148427816022249e+01
3.279999999999970051e+00 -1.799988721480678677e+01
3.289999999999969837e+00 -1.796274246136526997e+01
3.299999999999969624e+00 -1.793016347557927403e+01
3.309999999999969411e+00 -1.790226739015065149e+01
3.319999999999969198e+00 -1.787916921390630876e+01
3.329999999999968985e+00 -1.786097490747606642e+01
3.339999999999968772e+00 -1.784777583269075052e+01
3.349999999999968558e+00 -1.783964597015905440e+01
3.359999999999968345e+00 -1.783664241573648468e+01
3.369999999999968132e+00 -1.783880280479213454e+01
3.379999999999967919e+00 -1.784613846695251738e+01
3.389999999999967706e+00 -1.785863538554714225e+01
3.399999999999967493e+00 -1.787626029035259023e+01
3.409999999999967280e+00 -1.789896347383672648e+01
3.419999999999967066e+00 -1.792667880837733207e+01
3.429999999999966853e+00 -1.795932124265495844e+01
3.439999999999966640e+00 -1.799678246653237679e+01
3.449999999999966427e+00 -1.803892587775607836e+01
3.459999999999966214e+00 -1.808558206678217317e+01
3.469999999999966001e+00 -1.813654585309198808e+01
3.479999999999965787e+00 -1.819157552509253506e+01
3.489999999999965574e+00 -1.825039448422944943e+01
3.499999999999965361e+00 -1.831269556756383565e+01
3.509999999999965148e+00 -1.837814990820406180e+01
3.519999999999964935e+00 -1.844642989295876490e+01
3.529999999999964722e+00 -1.851723770230120536e+01
3.539999999999964508e+00 -1.859028963051927974e+01
3.549999999999964295e+00 -1.866526693688470928e+01
3.559999999999964082e+00 -1.874180517825547909e+01
3.569999999999963869e+00 -1.881951491685008193e+01
3.579999999999963656e+00 -1.889799999145464682e+01
3.589999999999963443e+00 -1.897687574018867807e+01
3.599999999999963229e+00 -1.905578106512878378e+01
3.609999999999963016e+00 -1.913438139030615659e+01
3.619999999999962803e+00 -1.921237800225883063e+01
3.629999999999962590e+00 -1.928951921915382428e+01
3.639999999999962377e+00 -1.936559429418499079e+01
3.649999999999962164e+00 -1.944041982501339305e+01
3.659999999999961950e+00 -1.951382821600477513e+01
3.669999999999961737e+00 -1.958565641010707736e+01
3.679999999999961524e+00 -1.965573764949695601e+01
3.689999999999961311e+00 -1.972389698019084037e+01
3.699999999999961098e+00 -1.978995028718674476e+01
3.709999999999960885e+00 -1.985370614446794946e+01
3.719999999999960671e+00 -1.991496924645417010e+01
3.729999999999960458e+00 -1.997354418153821953e+01
3.739999999999960245e+00 -2.002923854903202638e+01
3.749999999999960032e+00 -2.008186482356807545e+01
3.759999999999959819e+00 -2.013124086325609241e+01
3.769999999999959606e+00 -2.017718937153324532e+01
3.779999999999959392e+00 -2.021953689633852491e+01
3.789999999999959179e+00 -2.025811305055794165e+01
3.799999999999958966e+00 -2.029275054630439712e+01
3.809999999999958753e+00 -2.032328642881778435e+01
3.819999999999958540e+00 -2.034956460591255123e+01
3.829999999999958327e+00 -2.037143949472144655e+01
3.839999999999958114e+00 -2.038878038355398559e+01
3.849999999999957900e+00 -2.040147598945152296e+01
3.859999999999957687e+00 -2.040943867650432608e+01
3.869999999999957474e+00 -2.041260705294257249e+01
3.879999999999957261e+00 -2.041095004363284460e+01
3.889999999999957048e+00 -2.040447264369865721e+01
3.899999999999956835e+00 -2.039321562576918723e+01
3.909999999999956621e+00 -2.037725084599475878e+01
3.919999999999956408e+00 -2.035667730042747436e+01
3.929999999999956195e+00 -2.033161776054601688e+01
3.939999999999955982e+00 -2.030221633484194399e+01
3.949999999999955769e+00 -2.026863703540390915e+01
3.959999999999955556e+00 -2.023106307369298307e+01
3.969999999999955342e+00 -2.018969647587211824e+01
3.979999999999955129e+00 -2.014475754406714358e+01
3.989999999999954916e+00 -2.009648380684476976e+01
3.999999999999954703e+00 -2.004512825215207883e+01
4.009999999999954490e+00 -1.999095685197084649e+01
4.019999999999954277e+00 -1.993424555114166807e+01
4.029999999999954063e+00 -1.987527702502743665e+01
4.039999999999953850e+00 -1.981433754517162171e+01
4.049999999999953637e+00 -1.975171427092875476e+01
4.059999999999953424e+00 -1.968769318842348781e+01
4.069999999999953211e+00 -1.962255780275076589e+01
4.079999999999952998e+00 -1.955658855682630204e+01
4.089999999999952784e+00 -1.949006284918637277e+01
4.099999999999952571e+00 -1.942325664250723705e+01
4.109999999999952358e+00 -1.935644756698076918e+01
4.119999999999952145e+00 -1.928991560256516280e+01
4.129999999999951932e+00 -1.922394013941138624e+01
4.139999999999951719e+00 -1.915878987249620025e+01
4.149999999999951505e+00 -1.909470532602010806e+01
4.159999999999951292e+00 -1.903189374857411664e+01
4.169999999999951079e+00 -1.897055493506026380e+01
4.179999999999950866e+00 -1.891091215752427956e+01
4.189999999999950653e+00 -1.885321059779194997e+01
4.199999999999950440e+00 -1.879769694698737936e+01
4.209999999999950226e+00 -1.874460239580042398e+01
4.219999999999950013e+00 -1.869413112559041679e+01
4.229999999999949800e+00 -1.864645383483517804e+01
4.239999999999949587e+00 -1.860170561588906679e+01
4.249999999999949374e+00 -1.855998928788918789e+01
4.259999999999949161e+00 -1.852137949689731755e+01
4.269999999999948948e+00 -1.848592697825163711e+01
4.279999999999948734e+00 -1.845366993711886039e+01
4.289999999999948521e+00 -1.842464721924795867e+01
4.299999999999948308e+00 -1.839890358884130350e+01
4.309999999999948095e+00 -1.837649024659637931e+01
4.319999999999947882e+00 -1.835746329770824659e+01
4.329999999999947669e+00 -1.834187959427380932e+01
4.339999999999947455e+00 -1.832979206130289640e+01
4.349999999999947242e+00 -1.832124569288579607e+01
4.359999999999947029e+00 -1.831627457296117356e+01
4.369999999999946816e+00 -1.831490075717687205e+01
4.379999999999946603e+00 -1.831713124213895583e+01
4.389999999999946390e+00 -1.832295428477582888e+01
4.399999999999946176e+00 -1.833234281066009785e+01
4.409999999999945963e+00 -1.834526028122713726e+01
4.419999999999945750e+00 -1.836166376808925094e+01
4.429999999999945537e+00 -1.838150511066609383e+01
4.439999999999945324e+00 -1.840472958900269518e+01
4.449999999999945111e+00 -1.843127257658089846e+01
4.459999999999944897e+00 -1.846105558378116029e+01
4.469999999999944684e+00 -1.849398260786428594e+01
4.479999999999944471e+00 -1.852993533389248526e+01
4.489999999999944258e+00 -1.856876875397064097e+01
4.499999999999944045e+00 -1.861030990510236904e+01
4.509999999999943832e+00 -1.865435907051140063e+01
4.519999999999943618e+00 -1.870071001510605058e+01
4.529999999999943405e+00 -1.874917136548099705e+01
4.539999999999943192e+00 -1.879954593220013237e+01
4.549999999999942979e+00 -1.885160293646062257e+01
4.559999999999942766e+00 -1.890507980289090284e+01
4.569999999999942553e+00 -1.895969486759203804e+01
4.579999999999942339e+00 -1.901515946091550902e+01
4.589999999999942126e+00 -1.907118746676169962e+01
4.599999999999941913e+00 -1.912750108423355044e+01
4.609999999999941700e+00 -1.918384086873459893e+01
4.619999999999941487e+00 -1.923997672420113147e+01
4.629999999999941274e+00 -1.929570777532198278e+01
4.639999999999941060e+00 -1.935085661560375669e+01
4.649999999999940847e+00 -1.940526343919855279e+01
4.659999999999940634e+00 -1.945877934768068940e+01
4.669999999999940421e+00 -1.951126070689346648e+01
4.679999999999940208e+00 -1.956256533188915014e+01
4.689999999999939995e+00 -1.961255071015882834e+01
4.699999999999939782e+00 -1.966107405460532931e+01
4.709999999999939568e+00 -1.970799356914141853e+01
4.719999999999939355e+00 -1.975317017966735378e+01
4.729999999999939142e+00 -1.979646904779164629e+01
4.739999999999938929e+00 -1.983776037740911491e+01
4.749999999999938716e+00 -1.987691932666464112e+01
4.759999999999938503e+00 -1.991382511828726010e+01
4.769999999999938289e+00 -1.994835967420391043e+01
4.779999999999938076e+00 -1.998040621754005386e+01
4.789999999999937863e+00 -2.000984829433173218e+01
4.799999999999937650e+00 -2.003656956518625876e+01
4.809999999999937437e+00 -2.006045455884572704e+01
4.819999999999937224e+00 -2.008139038360662809e+01
4.829999999999937010e+00 -2.009926923009244248e+01
4.839999999999936797e+00 -2.011399136856206127e+01
4.849999999999936584e+00 -2.012546829831000039e+01
4.859999999999936371e+00 -2.013362570897443149e+01
4.869999999999936158e+00 -2.013840587710739882e+01
4.879999999999935945e+00 -2.013976886998502636e+01
4.889999999999935731e+00 -2.013769555570522130e+01
4.899999999999935518e+00 -2.013219127657613683e+01
4.909999999999935305e+00 -2.012328451625886316e+01
4.919999999999935092e+00 -2.011102391614313234e+01
4.929999999999934879e+00 -2.009547652533732887e+01
4.939999999999934666e+00 -2.007672625703065350e+01
4.949999999999934452e+00 -2.005487302551437878e+01
4.959999999999934239e+00 -2.003003237271397907e+01
4.969999999999934026e+00 -2.000233534585095896e+01
4.979999999999933813e+00 -1.997192830355639970e+01
4.989999999999933600e+00 -1.993897237051911375e+01
4.999999999999933387e+00 -1.990364235255281855e+01
5.009999999999933173e+00 -1.986612506585258231e+01
5.019999999999932960e+00 -1.982661716227121218e+01
5.029999999999932747e+00 -1.978532263897091781e+01
5.039999999999932534e+00 -1.974245027431054922e+01
5.049999999999932321e+00 -1.969821123467083623e+01
5.059999999999932108e+00 -1.965281705290957603e+01
5.069999999999931894e+00 -1.960647810389066592e+01
5.079999999999931681e+00 -1.955940261548620995e+01
5.089999999999931468e+00 -1.951179617225567853e+01
5.099999999999931255e+00 -1.946386160844759772e+01
5.109999999999931042e+00 -1.941579967428821618e+01
5.119999999999930829e+00 -1.936781103521978054e+01
5.129999999999930616e+00 -1.932009711649420325e+01
5.139999999999930402e+00 -1.927285811846849839e+01
5.149999999999930189e+00 -1.922629156889600921e+01
5.159999999999929976e+00 -1.918058561062123957e+01
5.169999999999929763e+00 -1.913591053936223219e+01
5.179999999999929550e+00 -1.909241739989500175e+01
5.189999999999929337e+00 -1.905024661456602075e+01
5.199999999999929123e+00 -1.900954688105091250e+01
5.209999999999928910e+00 -1.897047923540674219e+01
5.219999999999928697e+00 -1.893320439906107211e+01
5.229999999999928484e+00 -1.889787031858559629e+01
5.239999999999928271e+00 -1.886460303706310171e+01
5.249999999999928058e+00 -1.883350508663963652e+01
5.259999999999927844e+00 -1.880465701434237502e+01
5.269999999999927631e+00 -1.877811916553142524e+01
5.279999999999927418e+00 -1.875393584676948677e+01
5.289999999999927205e+00 -1.873214074737553503e+01
5.299999999999926992e+00 -1.871276200214594354e+01
5.309999999999926779e+00 -1.869582643277671252e+01
5.319999999999926565e+00 -1.868136208110223961e+01
5.329999999999926352e+00 -1.866939861178556015e+01
5.339999999999926139e+00 -1.865996618916959804e+01
5.349999999999925926e+00 -1.865309343457322200e+01
5.359999999999925713e+00 -1.864880520828632982e+01
5.369999999999925500e+00 -1.864712058209702050e+01
5.379999999999925286e+00 -1.864805005681308003e+01
5.389999999999925073e+00 -1.865159205713932877e+01
5.399999999999924860e+00 -1.865773230663309334e+01
5.409999999999924647e+00 -1.866644650352318635e+01
5.419999999999924434e+00 -1.867770280703544117e+01
5.429999999999924221e+00 -1.869146321419524881e+01
5.439999999999924007e+00 -1.870768389060296144e+01
5.449999999999923794e+00 -1.872631425483023904e+01
5.459999999999923581e+00 -1.874729507302455289e+01
5.469999999999923368e+00 -1.877055571913768617e+01
5.479999999999923155e+00 -1.879601132938089236e+01
5.489999999999922942e+00 -1.882356110473547872e+01
5.499999999999922728e+00 -1.885308807740482351e+01
5.509999999999922515e+00 -1.888446824421524184e+01
5.519999999999922302e+00 -1.891758173762145034e+01
5.529999999999922089e+00 -1.895230184125621875e+01
5.539999999999921876e+00 -1.898847661761164218e+01
5.549999999999921663e+00 -1.902592786994435414e+01
5.559999999999921450e+00 -1.906445897016114444e+01
5.569999999999921236e+00 -1.910386094364278975e+01
5.579999999999921023e+00 -1.914391977129058731e+01
5.589999999999920810e+00 -1.918442800219323985e+01
5.599999999999920597e+00 -1.922519390306613829e+01
5.609999999999920384e+00 -1.926604377098744791e+01
5.619999999999920171e+00 -1.930682112400511485e+01
5.629999999999919957e+00 -1.934738423143140196e+01
5.639999999999919744e+00 -1.938760223239534142e+01
5.649999999999919531e+00 -1.942735116198482714e+01
5.659999999999919318e+00 -1.946651068440041144e+01
5.669999999999919105e+00 -1.950496203746045865e+01
5.679999999999918892e+00 -1.954258732308038304e+01
5.689999999999918678e+00 -1.957926991690897367e+01
5.699999999999918465e+00 -1.961489556633052800e+01
5.709999999999918252e+00 -1.964935365923091837e+01
5.719999999999918039e+00 -1.968253820722750547e+01
5.729999999999917826e+00 -1.971434823971405947e+01
5.739999999999917613e+00 -1.974468751326724814e+01
5.749999999999917399e+00 -1.977346363416231512e+01
5.759999999999917186e+00 -1.980058684822168757e+01
5.769999999999916973e+00 -1.982596882017141482e+01
5.779999999999916760e+00 -1.984952172656945280e+01
5.789999999999916547e+00 -1.987115790505245982e+01
5.799999999999916334e+00 -1.989079019225785672e+01
5.809999999999916120e+00 -1.990833294482538207e+01
5.819999999999915907e+00 -1.992370362849788989e+01
5.829999999999915694e+00 -1.993682477317843293e+01
5.839999999999915481e+00 -1.994762606368395197e+01
5.849999999999915268e+00 -1.995604633975719366e+01
5.859999999999915055e+00 -1.996203533115516038e+01
5.869999999999914841e+00 -1.996555497118009725e+01
5.879999999999914628e+00 -1.996657989464020488e+01
5.889999999999914415e+00 -1.996509898866075261e+01
5.899999999999914202e+00 -1.996111756254258651e+01
5.909999999999913989e+00 -1.995465649545444720e+01
5.919999999999913776e+00 -1.994575036365136000e+01
5.929999999999913562e+00 -1.993444647000796266e+01
5.939999999999913349e+00 -1.992080402153226260e+01
5.949999999999913136e+00 -1.990489372842175442e+01
5.959999999999912923e+00 -1.988679768053590990e+01
5.969999999999912710e+00 -1.986660931998942203e+01
5.979999999999912497e+00 -1.984443331006746547e+01
5.989999999999912283e+00 -1.982038512230631966e+01
5.999999999999912070e+00 -1.979459024424910751e+01
6.009999999999911857e+00 -1.976718299178419258e+01
6.019999999999911644e+00 -1.973830500032384805e+01
6.029999999999911431e+00 -1.970810352241892005e+01
6.039999999999911218e+00 -1.967672969553562012e+01
6.049999999999911005e+00 -1.964433693090832023e+01
6.059999999999910791e+00 -1.961107954894419336e+01
6.069999999999910578e+00 -1.957711172935542265e+01
6.079999999999910365e+00 -1.954258679532438236e+01
6.089999999999910152e+00 -1.950765679581593659e+01
6.099999999999909939e+00 -1.947247232062085942e+01
6.109999999999909726e+00 -1.943718259774767887e+01
6.119999999999909512e+00 -1.940193653435223808e+01
6.129999999999909299e+00 -1.936688367150851420e+01
6.139999999999909086e+00 -1.933217320271709738e+01
6.149999999999908873e+00 -1.929795218080742814e+01
6.159999999999908660e+00 -1.926436537621453837e+01
6.169999999999908447e+00 -1.923155272012743211e+01
6.179999999999908233e+00 -1.919964081953969881e+01
6.189999999999908020e+00 -1.916873940374463814e+01
6.199999999999907807e+00 -1.913894970713003474e+01
6.209999999999907594e+00 -1.911037634741035518e+01
6.219999999999907381e+00 -1.908313060154898722e+01
6.229999999999907168e+00 -1.905732326519455455e+01
6.239999999999906954e+00 -1.903305610700967421e+01
6.249999999999906741e+00 -1.901041534485616680e+01
6.259999999999906528e+00 -1.898946806465292170e+01
6.269999999999906315e+00 -1.897026318444710924e+01
6.279999999999906102e+00 -1.895283461366052791e+01
6.289999999999905889e+00 -1.893720569919618768e+01
6.299999999999905675e+00 -1.892339391665733572e+01
6.309999999999905462e+00 -1.891141388912020460e+01
6.319999999999905249e+00 -1.890127958703263289e+01
6.329999999999905036e+00 -1.889300609057958624e+01
6.339999999999904823e+00 -1.888661000227664388e+01
6.349999999999904610e+00 -1.888210858441457773e+01
6.359999999999904396e+00 -1.887951804482142393e+01
6.369999999999904183e+00 -1.887885168295866833e+01
6.379999999999903970e+00 -1.888011678363650958e+01
6.389999999999903757e+00 -1.888331116277976207e+01
6.399999999999903544e+00 -1.888842330643036860e+01
6.409999999999903331e+00 -1.889543430525029066e+01
6.419999999999903117e+00 -1.890431912216345012e+01
6.429999999999902904e+00 -1.891504745769957552e+01
6.439999999999902691e+00 -1.892758382533363104e+01
6.449999999999902478e+00 -1.894188712236359962e+01
6.459999999999902265e+00 -1.895790967864811805e+01
6.469999999999902052e+00 -1.897559571900716691e+01
6.479999999999901839e+00 -1.899487974919580324e+01
6.489999999999901625e+00 -1.901568773221690734e+01
6.499999999999901412e+00 -1.903794328646784706e+01
6.509999999999901199e+00 -1.906156853212362279e+01
6.519999999999900986e+00 -1.908647341589328761e+01
6.529999999999900773e+00 -1.911254653032557016e+01
6.539999999999900560e+00 -1.913965538506457165e+01
6.549999999999900346e+00 -1.916765321055515159e+01
6.559999999999900133e+00 -1.919638736289164882e+01
6.569999999999899920e+00 -1.922570578378469364e+01
6.579999999999899707e+00 -1.925546171815240726e+01
6.589999999999899494e+00 -1.928551697575809243e+01
6.599999999999899281e+00 -1.931574331466329042e+01
6.609999999999899067e+00 -1.934602212213993511e+01
6.619999999999898854e+00 -1.937624294775160294e+01
6.629999999999898641e+00 -1.940630146730721961e+01
6.639999999999898428e+00 -1.943609748522673897e+01
6.649999999999898215e+00 -1.946553340570031665e+01
6.659999999999898002e+00 -1.949451340004190669e+01
6.669999999999897788e+00 -1.952294328189558215e+01
6.679999999999897575e+00 -1.955073091905305560e+01
6.689999999999897362e+00 -1.957778691598878140e+01
6.699999999999897149e+00 -1.960402527407420337e+01
6.709999999999896936e+00 -1.962936379668335007e+01
6.719999999999896723e+00 -1.965372410336133058e+01
6.729999999999896509e+00 -1.967703124323396580e+01
6.739999999999896296e+00 -1.969921300246030071e+01
6.749999999999896083e+00 -1.972019907990673460e+01
6.759999999999895870e+00 -1.973992033002008029e+01
6.769999999999895657e+00 -1.975830825882444586e+01
6.779999999999895444e+00 -1.977529490137490953e+01
6.789999999999895230e+00 -1.979081313881804149e+01
6.799999999999895017e+00 -1.980479743223213518e+01
6.809999999999894804e+00 -1.981718489006825834e+01
6.819999999999894591e+00 -1.982791654090189226e+01
6.829999999999894378e+00 -1.983693867340408445e+01
6.839999999999894165e+00 -1.984420411278275509e+01
6.849999999999893951e+00 -1.984967333692019764e+01
6.859999999999893738e+00 -1.985331537043183303e+01
6.869999999999893525e+00 -1.985510834398263569e+01
6.879999999999893312e+00 -1.985504004155389879e+01
6.889999999999893099e+00 -1.985310903939975091e+01
6.899999999999892886e+00 -1.984932525206506782e+01
6.909999999999892673e+00 -1.984370905330349188e+01
6.919999999999892459e+00 -1.983629032320790486e+01
6.929999999999892246e+00 -1.982710788497807286e+01
6.939999999999892033e+00 -1.981620911590499290e+01
6.949999999999891820e+00 -1.980364978863399372e+01
6.959999999999891607e+00 -1.978949401925692797e+01
6.969999999999891394e+00 -1.977381420469082229e+01
6.979999999999891180e+00 -1.975669081733377297e+01
6.989999999999890967e+00 -1.973821197462711652e+01
6.999999999999890754e+00 -1.971847274400243322e+01
7.009999999999890541e+00 -1.969757420922799440e+01
7.019999999999890328e+00 -1.967562236383190566e+01
7.029999999999890115e+00 -1.965272693140490290e+01
7.039999999999889901e+00 -1.962900021422798957e+01
7.049999999999889688e+00 -1.960455606243127136e+01
7.059999999999889475e+00 -1.957950902412310157e+01
7.069999999999889262e+00 -1.955397370569905746e+01
7.079999999999889049e+00 -1.952806433417958942e+01
7.089999999999888836e+00 -1.950189448968255235e+01
7.099999999999888622e+00 -1.947557695686208490e+01
7.109999999999888409e+00 -1.944922382462124588e+01
7.119999999999888196e+00 -1.942294723443135496e+01
7.129999999999887983e+00 -1.939685978099335273e+01
7.139999999999887770e+00 -1.937107349808386303e+01
7.149999999999887557e+00 -1.934569853919496651e+01
7.159999999999887343e+00 -1.932084284131296670e+01
7.169999999999887130e+00 -1.929661327009733185e+01
7.179999999999886917e+00 -1.927311092234416989e+01
7.189999999999886704e+00 -1.925042498573950311e+01
7.199999999999886491e+00 -1.922863519861458670e+01
7.209999999999886278e+00 -1.920781386143254466e+01
7.219999999999886064e+00 -1.918802982018466352e+01
7.229999999999885851e+00 -1.916935524844354433e+01
7.239999999999885638e+00 -1.915186370100906643e+01
7.249999999999885425e+00 -1.913562291562735851e+01
7.259999999999885212e+00 -1.912068895688951997e+01
7.269999999999884999e+00 -1.910710298431327203e+01
7.279999999999884785e+00 -1.909489215215379687e+01
7.289999999999884572e+00 -1.908407260887619827e+01
7.299999999999884359e+00 -1.907465282045127708e+01
7.309999999999884146e+00 -1.906663724833356355e+01
7.319999999999883933e+00 -1.906002918752854214e+01
7.329999999999883720e+00 -1.905483272833274455e+01
7.339999999999883507e+00 -1.905105379967130830e+01
7.349999999999883293e+00 -1.904870009373838613e+01
7.359999999999883080e+00 -1.904778017927442235e+01
7.369999999999882867e+00 -1.904830140198631838e+01
7.379999999999882654e+00 -1.905026675287031779e+01
7.389999999999882441e+00 -1.905367317574989272e+01
7.399999999999882228e+00 -1.905851181332261035e+01
7.409999999999882014e+00 -1.906476840497839831e+01
7.419999999999881801e+00 -1.907242355893234986e+01
7.429999999999881588e+00 -1.908145295682021825e+01
7.439999999999881375e+00 -1.909182726455688695e+01
7.449999999999881162e+00 -1.910351173291155291e+01
7.459999999999880949e+00 -1.911646552653485642e+01
7.469999999999880735e+00 -1.913064185651348126e+01
7.479999999999880522e+00 -1.914599010087139774e+01
7.489999999999880309e+00 -1.916245719429126737e+01
7.499999999999880096e+00 -1.917998353112344390e+01
7.509999999999879883e+00 -1.919849682994138007e+01
7.519999999999879670e+00 -1.921791075665031556e+01
7.529999999999879456e+00 -1.923812719811910554e+01
7.539999999999879243e+00 -1.925903962587534579e+01
7.549999999999879030e+00 -1.928053706251746746e+01
7.559999999999878817e+00 -1.930250797422235820e+01
7.569999999999878604e+00 -1.932484352119462301e+01
7.579999999999878391e+00 -1.934743974306272207e+01
7.589999999999878177e+00 -1.937019861107320295e+01
7.599999999999877964e+00 -1.939302804041322048e+01
7.609999999999877751e+00 -1.941584117413649579e+01
7.619999999999877538e+00 -1.943855529599748877e+01
7.629999999999877325e+00 -1.946109072949138863e+01
7.639999999999877112e+00 -1.948336998571978640e+01
7.649999999999876898e+00 -1.950531730289560173e+01
7.659999999999876685e+00 -1.952685858575305033e+01
7.669999999999876472e+00 -1.954792165299445372e+01
7.679999999999876259e+00 -1.956843663337849293e+01
7.689999999999876046e+00 -1.958833634437034732e+01
7.699999999999875833e+00 -1.960755651266819655e+01
7.709999999999875619e+00 -1.962603576209761158e+01
7.719999999999875406e+00 -1.964371536133549512e+01
7.729999999999875193e+00 -1.966053879361295742e+01
7.739999999999874980e+00 -1.967645125173675069e+01
7.749999999999874767e+00 -1.969139918270783340e+01
7.759999999999874554e+00 -1.970532999304040089e+01
7.769999999999874341e+00 -1.971819199630803610e+01
7.779999999999874127e+00 -1.972993463694528415e+01
7.789999999999873914e+00 -1.974050897964809437e+01
7.799999999999873701e+00 -1.974986841172340490e+01
7.809999999999873488e+00 -1.975796948205499604e+01
7.819999999999873275e+00 -1.976477278871583110e+01
7.829999999999873062e+00 -1.977024383530121554e+01
7.839999999999872848e+00 -1.977435379129118687e+01
7.849999999999872635e+00 -1.977708011709028924e+01
7.859999999999872422e+00 -1.977840697573125439e+01
7.869999999999872209e+00 -1.977832569907700844e+01
7.879999999999871996e+00 -1.977683563838620984e+01
7.889999999999871783e+00 -1.977394451794598496e+01
7.899999999999871569e+00 -1.976966781325496214e+01
7.909999999999871356e+00 -1.976402809604454447e+01
7.919999999999871143e+00 -1.975705463775133097e+01
7.929999999999870930e+00 -1.974878313346286163e+01
7.939999999999870717e+00 -1.973925558468370767e+01
7.949999999999870504e+00 -1.972852025467046033e+01
7.959999999999870290e+00 -1.971663161473703951e+01
7.969999999999870077e+00 -1.970365018969683391e+01
7.979999999999869864e+00 -1.968964224305504018e+01
7.989999999999869651e+00 -1.967467927525062521e+01
7.999999999999869438e+00 -1.965883735045360936e+01
8.009999999999870113e+00 -1.964219629921506893e+01
8.019999999999869900e+00 -1.962483886465591709e+01
8.029999999999869686e+00 -1.960684986510920780e+01
8.039999999999869473e+00 -1.958831543662762442e+01
8.049999999999869260e+00 -1.956932240000051237e+01
8.059999999999869047e+00 -1.954995777234232079e+01
8.069999999999868834e+00 -1.953030841986516464e+01
8.079999999999868621e+00 -1.951046082933030235e+01
8.089999999999868407e+00 -1.949050096424285528e+01
8.099999999999868194e+00 -1.947051422536991083e+01
8.109999999999867981e+00 -1.945058599226527818e+01
8.119999999999867768e+00 -1.943080208430557576e+01
8.129999999999867555e+00 -1.941124796219357052e+01
8.139999999999867342e+00 -1.939200759481061453e+01
8.149999999999867129e+00 -1.937316300452130946e+01
8.159999999999866915e+00 -1.935479488364905976e+01
8.169999999999866702e+00 -1.933698334057205770e+01
8.179999999999866489e+00 -1.931980322187600763e+01
8.189999999999866276e+00 -1.930331963759554270e+01
8.199999999999866063e+00 -1.928759160699113551e+01
8.209999999999865850e+00 -1.927267251131153714e+01
8.219999999999865636e+00 -1.925860964595073099e+01
8.229999999999865423e+00 -1.924544910013701227e+01
8.239999999999865210e+00 -1.923323589949108836e+01
8.249999999999864997e+00 -1.922201023206213577e+01
8.259999999999864784e+00 -1.921180500225396059e+01
8.269999999999864571e+00 -1.920264506845246189e+01
8.279999999999864357e+00 -1.919454771306598317e+01
8.289999999999864144e+00 -1.918752359828344112e+01
8.299999999999863931e+00 -1.918157873106533273e+01
8.309999999999863718e+00 -1.917671646104611227e+01
8.319999999999863505e+00 -1.917293871072103073e+01
8.329999999999863292e+00 -1.917024707559239260e+01
8.339999999999863078e+00 -1.916864372681028073e+01
8.349999999999862865e+00 -1.916813174072927239e+01
8.359999999999862652e+00 -1.916871400075453735e+01
8.369999999999862439e+00 -1.917039113177840903e+01
8.379999999999862226e+00 -1.917316069759494468e+01
8.389999999999862013e+00 -1.917701713032637301e+01
8.399999999999861799e+00 -1.918195117161909735e+01
8.409999999999861586e+00 -1.918794954255749730e+01
8.419999999999861373e+00 -1.919499472729043887e+01
8.429999999999861160e+00 -1.920306425851825693e+01
8.439999999999860947e+00 -1.921213019848575243e+01
8.449999999999860734e+00 -1.922216036944392314e+01
8.459999999999860520e+00 -1.923312003130475034e+01
8.469999999999860307e+00 -1.924497260490059958e+01
8.479999999999860094e+00 -1.925767760891904601e+01
8.489999999999859881e+00 -1.927118567311576314e+01
8.499999999999859668e+00 -1.928543660210958066e+01
8.509999999999859455e+00 -1.930036076119102972e+01
8.519999999999859241e+00 -1.931588106904682434e+01
8.529999999999859028e+00 -1.933191574739809226e+01
8.539999999999858815e+00 -1.934838117902725330e+01
8.549999999999858602e+00 -1.936519442305162997e+01
8.559999999999858389e+00 -1.938227506332907168e+01
8.569999999999858176e+00 -1.939954627189522185e+01
8.579999999999857963e+00 -1.941693510838279835e+01
8.589999999999857749e+00 -1.943437224436039301e+01
8.599999999999857536e+00 -1.945179135185641428e+01
8.609999999999857323e+00 -1.946912841256883908e+01
8.619999999999857110e+00 -1.948632115315348301e+01
8.629999999999856897e+00 -1.950330872557455208e+01
8.639999999999856684e+00 -1.952003166576518467e+01
8.649999999999856470e+00 -1.953643207558176798e+01
8.659999999999856257e+00 -1.955245392945651517e+01
8.669999999999856044e+00 -1.956804338149733624e+01
8.679999999999855831e+00 -1.958314897141910293e+01
8.689999999999855618e+00 -1.959772165989377513e+01
8.699999999999855405e+00 -1.961171468027636422e+01
8.709999999999855191e+00 -1.962508323709459646e+01
8.719999999999854978e+00 -1.963778412305379462e+01
8.729999999999854765e+00 -1.964977534018253280e+01
8.739999999999854552e+00 -1.966101581265702336e+01
8.749999999999854339e+00 -1.967146525642565891e+01
8.759999999999854126e+00 -1.968108424396011813e+01
8.769999999999853912e+00 -1.968983446588214292e+01
8.779999999999853699e+00 -1.969767916374993533e+01
8.789999999999853486e+00 -1.970458368393981274e+01
8.799999999999853273e+00 -1.971051609461923348e+01
8.809999999999853060e+00 -1.971544780605043101e+01
8.819999999999852847e+00 -1.971935414647276019e+01
8.829999999999852633e+00 -1.972221485848203315e+01
8.839999999999852420e+00 -1.972401449940448259e+01
8.849999999999852207e+00 -1.972474265523026915e+01
8.859999999999851994e+00 -1.972439439504386627e+01
8.869999999999851781e+00 -1.972297097510601205e+01
8.879999999999851568e+00 -1.972047980877001194e+01
8.889999999999851354e+00 -1.971693393644294900e+01
8.899999999999851141e+00 -1.971235166896947533e+01
8.909999999999850928e+00 -1.970675633288505324e+01
8.919999999999850715e+00 -1.970017612651990291e+01
8.929999999999850502e+00 -1.969264406949222135e+01
8.939999999999850289e+00 -1.968419798245993491e+01
8.949999999999850075e+00 -1.967488043529926500e+01
8.959999999999849862e+00 -1.966473860190295397e+01
8.969999999999849649e+00 -1.965382398602518776e+01
8.979999999999849436e+00 -1.964219200819832523e+01
8.989999999999849223e+00 -1.962990147290451404e+01
8.999999999999849010e+00 -1.961701395590430863e+01
9.009999999999848797e+00 -1.960359316320469958e+01
9.019999999999848583e+00 -1.958970431360062747e+01
9.029999999999848370e+00 -1.957541358763802464e+01
9.039999999999848157e+00 -1.956078767075735314e+01
9.049999999999847944e+00 -1.954589340055562374e+01
9.059999999999847731e+00 -1.953079751200190373e+01
9.069999999999847518e+00 -1.951556646206686452e+01
9.079999999999847304e+00 -1.950026630887917278e+01
9.089999999999847091e+00 -1.948496269690533111e+01
9.099999999999846878e+00 -1.946972128086302689e+01
9.109999999999846665e+00 -1.945460796434961281e+01
9.119999999999846452e+00 -1.943968818940286170e+01
9.129999999999846239e+00 -1.942502609970131999e+01
9.139999999999846025e+00 -1.941068421704943603e+01
9.149999999999845812e+00 -1.939672385916779618e+01
9.159999999999845599e+00 -1.938320568821949408e+01
9.169999999999845386e+00 -1.937018865353172359e+01
9.179999999999845173e+00 -1.935772587625919527e+01
9.189999999999844960e+00 -1.934586363517942686e+01
9.199999999999844746e+00 -1.933464418806476814e+01
9.209999999999844533e+00 -1.932410423324672522e+01
9.219999999999844320e+00 -1.931427508055802278e+01
9.229999999999844107e+00 -1.930518626715802455e+01
9.239999999999843894e+00 -1.929686540392672711e+01
9.249999999999843681e+00 -1.928933600594358566e+01
9.259999999999843467e+00 -1.928261601612959097e+01
9.269999999999843254e+00 -1.927671765627333400e+01
9.279999999999843041e+00 -1.927164840744124419e+01
9.289999999999842828e+00 -1.926741230130926752e+01
9.299999999999842615e+00 -1.926401116495914678e+01
9.309999999999842402e+00 -1.926144570369265807e+01
9.319999999999842188e+00 -1.925971641728023442e+01
9.329999999999841975e+00 -1.925882420812466123e+01
9.339999999999841762e+00 -1.925877037154531379e+01
9.349999999999841549e+00 -1.925955545158830162e+01
9.359999999999841336e+00 -1.926117804365707542e+01
9.369999999999841123e+00 -1.926363487795910601e+01
9.379999999999840909e+00 -1.926692097402439785e+01
9.389999999999840696e+00 -1.927102926822364282e+01
9.399999999999840483e+00 -1.927595015849907156e+01
9.409999999999840270e+00 -1.928167090861328958e+01
9.419999999999840057e+00 -1.928817501955704472e+01
9.429999999999839844e+00 -1.929544281606157696e+01
9.439999999999839631e+00 -1.930345205705818046e+01
9.449999999999839417e+00 -1.931217754048657653e+01
9.459999999999839204e+00 -1.932158992077668458e+01
9.469999999999838991e+00 -1.933165279144329318e+01
9.479999999999838778e+00 -1.934232139823956942e+01
9.489999999999838565e+00 -1.935354365207581040e+01
9.499999999999838352e+00 -1.936526149539426456e+01
9.509999999999838138e+00 -1.937741286885991698e+01
9.519999999999837925e+00 -1.938993376656907941e+01
9.529999999999837712e+00 -1.940276005486806810e+01
9.539999999999837499e+00 -1.941582885078029719e+01
9.549999999999837286e+00 -1.942907937412405772e+01
9.559999999999837073e+00 -1.944245328522805139e+01
9.569999999999836859e+00 -1.945589463670813757e+01
9.579999999999836646e+00 -1.946934959465057347e+01
9.589999999999836433e+00 -1.948276610004129950e+01
9.599999999999836220e+00 -1.949609360171234584e+01
9.609999999999836007e+00 -1.950928293583087836e+01
9.619999999999835794e+00 -1.952228636797794081e+01
9.629999999999835580e+00 -1.953505775710487313e+01
9.639999999999835367e+00 -1.954755277267425484e+01
9.649999999999835154e+00 -1.955972908309741243e+01
9.659999999999834941e+00 -1.957154645011557292e+01
9.669999999999834728e+00 -1.958296668953306252e+01
9.679999999999834515e+00 -1.959395349560292843e+01
9.689999999999834301e+00 -1.960447215853881175e+01
9.699999999999834088e+00 -1.961448922868214950e+01
9.709999999999833875e+00 -1.962397219230891565e+01
9.719999999999833662e+00 -1.963288922008700510e+01
9.729999999999833449e+00 -1.964120903648479910e+01
9.739999999999833236e+00 -1.964890093508799751e+01
9.749999999999833022e+00 -1.965593494341920433e+01
9.759999999999832809e+00 -1.966228211756044786e+01
9.769999999999832596e+00 -1.966791493439824023e+01
9.779999999999832383e+00 -1.967280773942187366e+01
9.789999999999832170e+00 -1.967693721080472713e+01
9.799999999999831957e+00 -1.968028280394867835e+01
9.809999999999831743e+00 -1.968282715293944563e+01
9.819999999999831530e+00 -1.968455641314183779e+01
9.829999999999831317e+00 -1.968546054032512060e+01
9.839999999999831104e+00 -1.968553359957844151e+01
9.849999999999830891e+00 -1.968477428435899768e+01
9.859999999999830678e+00 -1.968318620684613052e+01
9.869999999999830465e+00 -1.968077759342654431e+01
9.879999999999830251e+00 -1.967756091844917066e+01
9.889999999999830038e+00 -1.967355269870877876e+01
9.899999999999829825e+00 -1.966877334296980706e+01
9.909999999999829612e+00 -1.966324708469427662e+01
9.919999999999829399e+00 -1.965700195046312970e+01
9.929999999999829186e+00 -1.965006971886931453e+01
9.939999999999828972e+00 -1.964248581885334133e+01
9.949999999999828759e+00 -1.963428913504816720e+01
9.959999999999828546e+00 -1.962552170448198652e+01
9.969999999999828333e+00 -1.961622831466708305e+01
9.979999999999828120e+00 -1.960645602893332651e+01
9.989999999999827907e+00 -1.959625367885642433e+01
9.999999999999827693e+00 -1.958567136451997825e+01
1.000999999999982748e+01 -1.957476000042112574e+01
