0.000000000000000000e+00 1.300570505950021487e-03
1.000000000000000021e-02 5.214579256234316536e-04
2.000000000000000042e-02 -3.391587554943779892e-03
2.999999999999999889e-02 -1.361591094432729014e-02
4.000000000000000083e-02 -3.335038434030018761e-02
5.000000000000000278e-02 -6.573578320189434054e-02
6.000000000000000472e-02 -1.137469379739941139e-01
7.000000000000000666e-02 -1.800771405719363005e-01
8.000000000000000167e-02 -2.670358165978359843e-01
8.999999999999999667e-02 -3.764762416832940772e-01
9.999999999999999167e-02 -5.097626922304153707e-01
1.099999999999999867e-01 -6.677785497863624187e-01
1.199999999999999817e-01 -8.509690025218248355e-01
1.299999999999999767e-01 -1.059407060995854355e+00
1.399999999999999856e-01 -1.292870345849767899e+00
1.499999999999999944e-01 -1.550915487919103386e+00
1.600000000000000033e-01 -1.832940595410057494e+00
1.700000000000000122e-01 -2.138231436756104831e+00
1.800000000000000211e-01 -2.466081999593664253e+00
1.900000000000000300e-01 -2.816047733753404891e+00
2.000000000000000389e-01 -3.187894443777052889e+00
2.100000000000000477e-01 -3.581126931418412429e+00
2.200000000000000566e-01 -3.994889497816350943e+00
2.300000000000000655e-01 -4.428463730213174188e+00
2.400000000000000744e-01 -4.881738566621650399e+00
2.500000000000000555e-01 -5.355346223015607698e+00
2.600000000000000644e-01 -5.850588128240020502e+00
2.700000000000000733e-01 -6.369156516959811221e+00
2.800000000000000822e-01 -6.912475114014660527e+00
2.900000000000000910e-01 -7.480973667409986483e+00
3.000000000000000999e-01 -8.073961807804064250e+00
3.100000000000001088e-01 -8.689997209238297771e+00
3.200000000000001177e-01 -9.327204499928186010e+00
3.300000000000001266e-01 -9.983266508528231498e+00
3.400000000000001354e-01 -1.065535244054115438e+01
3.500000000000001443e-01 -1.134028200130105013e+01
3.600000000000001532e-01 -1.203484637778210598e+01
3.700000000000001621e-01 -1.273601563061087738e+01
3.800000000000001710e-01 -1.344072057781472829e+01
3.900000000000001799e-01 -1.414565259076526971e+01
4.000000000000001887e-01 -1.484732338116522854e+01
4.100000000000001976e-01 -1.554210213433356103e+01
4.200000000000002065e-01 -1.622632990816123666e+01
4.300000000000002154e-01 -1.689656408290679934e+01
4.400000000000002243e-01 -1.754969017097068829e+01
4.500000000000002331e-01 -1.818271292694692676e+01
4.600000000000002420e-01 -1.879252217115523038e+01
4.700000000000002509e-01 -1.937562655243554488e+01
4.800000000000002598e-01 -1.992888383411343867e+01
4.900000000000002687e-01 -2.045067310466848909e+01
5.000000000000002220e-01 -2.094016173559862892e+01
5.100000000000002309e-01 -2.139640498004441227e+01
5.200000000000002398e-01 -2.181872637412466531e+01
5.300000000000002487e-01 -2.220713033658783075e+01
5.400000000000002576e-01 -2.256226546895590701e+01
5.500000000000002665e-01 -2.288530348976959061e+01
5.600000000000002753e-01 -2.317787770815580473e+01
5.700000000000002842e-01 -2.344192083945848282e+01
5.800000000000002931e-01 -2.367949575060951162e+01
5.900000000000003020e-01 -2.389262997138751743e+01
6.000000000000003109e-01 -2.408319528254407160e+01
6.100000000000003197e-01 -2.425279924447988478e+01
6.200000000000003286e-01 -2.440262108394558638e+01
6.300000000000003375e-01 -2.453337819359312633e+01
6.400000000000003464e-01 -2.464551378771326995e+01
6.500000000000003553e-01 -2.473944350865041031e+01
6.600000000000003642e-01 -2.481572321272017234e+01
6.700000000000003730e-01 -2.487511167769432063e+01
6.800000000000003819e-01 -2.491858192517502246e+01
6.900000000000003908e-01 -2.494731112496662817e+01
7.000000000000003997e-01 -2.496264400053743771e+01
7.100000000000004086e-01 -2.496600254995046342e+01
7.200000000000004174e-01 -2.495882034448935016e+01
7.300000000000004263e-01 -2.494259255694955613e+01
7.400000000000004352e-01 -2.491884684335246902e+01
7.500000000000004441e-01 -2.488899016058715574e+01
7.600000000000004530e-01 -2.485416751971316529e+01
7.700000000000004619e-01 -2.481481716280487504e+01
7.800000000000004707e-01 -2.477017817585783632e+01
7.900000000000004796e-01 -2.471846165743643198e+01
8.000000000000004885e-01 -2.465730088783826801e+01
8.100000000000004974e-01 -2.458412933235254982e+01
8.200000000000005063e-01 -2.449652982028158021e+01
8.300000000000005151e-01 -2.439247784506360262e+01
8.400000000000005240e-01 -2.427048101113154743e+01
8.500000000000005329e-01 -2.412961189658042116e+01
8.600000000000005418e-01 -2.396946845680160365e+01
8.700000000000005507e-01 -2.379009269525161940e+01
8.800000000000005596e-01 -2.359188510121315474e+01
8.900000000000005684e-01 -2.337553862014106087e+01
9.000000000000005773e-01 -2.314200697949422647e+01
9.100000000000005862e-01 -2.289255453712887700e+01
9.200000000000005951e-01 -2.262885247656559073e+01
9.300000000000006040e-01 -2.235294370551062570e+01
9.400000000000006128e-01 -2.206711184255429359e+01
9.500000000000006217e-01 -2.177382441596170182e+01
9.600000000000006306e-01 -2.147572195316123000e+01
9.700000000000006395e-01 -2.117557776340058595e+01
9.800000000000006484e-01 -2.087602393169244408e+01
9.900000000000006573e-01 -2.057929335832226059e+01
1.000000000000000666e+00 -2.028746665337585853e+01
1.010000000000000675e+00 -2.000272096173628356e+01
1.020000000000000684e+00 -1.972719458623003064e+01
1.030000000000000693e+00 -1.946275552433408507e+01
1.040000000000000702e+00 -1.921083827002061994e+01
1.050000000000000711e+00 -1.897236718400059630e+01
1.060000000000000719e+00 -1.874778571199630406e+01
1.070000000000000728e+00 -1.853715711321510895e+01
1.080000000000000737e+00 -1.834022684493005784e+01
1.090000000000000746e+00 -1.815645599996998882e+01
1.100000000000000755e+00 -1.798507537252613986e+01
1.110000000000000764e+00 -1.782514707606699744e+01
1.120000000000000773e+00 -1.767563634931937600e+01
1.130000000000000782e+00 -1.753557796337853247e+01
1.140000000000000790e+00 -1.740417942562134002e+01
1.150000000000000799e+00 -1.728068394311812739e+01
1.160000000000000808e+00 -1.716427194420163715e+01
1.170000000000000817e+00 -1.705419399359130495e+01
1.180000000000000826e+00 -1.694995263001166208e+01
1.190000000000000835e+00 -1.685124977133398971e+01
1.200000000000000844e+00 -1.675779703823219791e+01
1.210000000000000853e+00 -1.666926566595266479e+01
1.220000000000000862e+00 -1.658534473890142635e+01
1.230000000000000870e+00 -1.650580798398604898e+01
1.240000000000000879e+00 -1.643057610506986066e+01
1.250000000000000888e+00 -1.635976004164806596e+01
1.260000000000000897e+00 -1.629367962660642988e+01
1.270000000000000906e+00 -1.623285729052170723e+01
1.280000000000000915e+00 -1.617809064903659433e+01
1.290000000000000924e+00 -1.613052215506089127e+01
1.300000000000000933e+00 -1.609150277165025145e+01
1.310000000000000941e+00 -1.606240166923039681e+01
1.320000000000000950e+00 -1.604447679373242863e+01
1.330000000000000959e+00 -1.603878876721598346e+01
1.340000000000000968e+00 -1.604614857319240784e+01
1.350000000000000977e+00 -1.606709803097264455e+01
1.360000000000000986e+00 -1.610193110484484791e+01
1.370000000000000995e+00 -1.615073108424239123e+01
1.380000000000001004e+00 -1.621341175955556579e+01
1.390000000000001013e+00 -1.628974548875722661e+01
1.400000000000001021e+00 -1.637936935831646323e+01
1.410000000000001030e+00 -1.648177618575169845e+01
1.420000000000001039e+00 -1.659629707365609264e+01
1.430000000000001048e+00 -1.672208505297519565e+01
1.440000000000001057e+00 -1.685810911829997139e+01
1.450000000000001066e+00 -1.700316455679845618e+01
1.460000000000001075e+00 -1.715590216111375454e+01
1.470000000000001084e+00 -1.731487428403232798e+01
1.480000000000001092e+00 -1.747859365225783890e+01
1.490000000000001101e+00 -1.764561534091806294e+01
1.500000000000001110e+00 -1.781469332519822757e+01
1.510000000000001119e+00 -1.798484197218832747e+01
1.520000000000001128e+00 -1.815519933209336756e+01
1.530000000000001137e+00 -1.832495328445559579e+01
1.540000000000001146e+00 -1.849335935086060800e+01
1.541000000000001036e+00 -1.851010445681123429e+01
1.542000000000000925e+00 -1.852682857787816673e+01
1.543000000000000815e+00 -1.854353113058463620e+01
1.544000000000000705e+00 -1.856021154679189777e+01
1.545000000000000595e+00 -1.857686926196894817e+01
1.546000000000000485e+00 -1.859350373059136885e+01
1.547000000000000375e+00 -1.861011441217565832e+01
1.548000000000000265e+00 -1.862670078701476584e+01
1.549000000000000155e+00 -1.864326234245088543e+01
1.550000000000000044e+00 -1.865979858519791890e+01
1.560000000000000053e+00 -1.882364432177101321e+01
1.570000000000000062e+00 -1.898455250567237584e+01
1.580000000000000071e+00 -1.914227093789250489e+01
1.590000000000000080e+00 -1.929665982415336245e+01
1.600000000000000089e+00 -1.944768076432238857e+01
1.610000000000000098e+00 -1.959540806610351638e+01
1.620000000000000107e+00 -1.973999289305440286e+01
1.630000000000000115e+00 -1.988160445065427595e+01
1.640000000000000124e+00 -2.002038347422233855e+01
1.650000000000000133e+00 -2.015639906180546603e+01
1.660000000000000142e+00 -2.028961679091583648e+01
1.670000000000000151e+00 -2.041988035106048827e+01
1.680000000000000160e+00 -2.054690617935751362e+01
1.690000000000000169e+00 -2.067028960822250028e+01
1.700000000000000178e+00 -2.078951940276174781e+01
1.710000000000000187e+00 -2.090399739523292055e+01
1.720000000000000195e+00 -2.101306025281888168e+01
1.730000000000000204e+00 -2.111600118476224353e+01
1.740000000000000213e+00 -2.121209039700519128e+01
1.750000000000000222e+00 -2.130059401475317671e+01
1.760000000000000231e+00 -2.138079180798254697e+01
1.770000000000000240e+00 -2.145199434803932093e+01
1.780000000000000249e+00 -2.151356011556304182e+01
1.790000000000000258e+00 -2.156491272410805848e+01
1.800000000000000266e+00 -2.160555793435416660e+01
1.810000000000000275e+00 -2.163509926138873851e+01
1.820000000000000284e+00 -2.165325123375013305e+01
1.830000000000000293e+00 -2.165984968535008903e+01
1.840000000000000302e+00 -2.165486778998660711e+01
1.850000000000000311e+00 -2.163843089764043270e+01
1.860000000000000320e+00 -2.161080747902514432e+01
1.870000000000000329e+00 -2.157238572728119053e+01
1.880000000000000338e+00 -2.152365032450229521e+01
1.890000000000000346e+00 -2.146515882734952285e+01
1.900000000000000355e+00 -2.139751980559113420e+01
1.910000000000000364e+00 -2.132137375727259609e+01
1.920000000000000373e+00 -2.123737710849734839e+01
1.930000000000000382e+00 -2.114618896483090538e+01
1.940000000000000391e+00 -2.104846009377270377e+01
1.950000000000000400e+00 -2.094482358766311592e+01
1.960000000000000409e+00 -2.083588694666672936e+01
1.970000000000000417e+00 -2.072222555834313695e+01
1.980000000000000426e+00 -2.060437789971284772e+01
1.990000000000000435e+00 -2.048284287277470384e+01
2.000000000000000444e+00 -2.035807977667336033e+01
2.010000000000000231e+00 -2.023051118398574388e+01
2.020000000000000018e+00 -2.010052880878517811e+01
2.029999999999999805e+00 -1.996850202793965323e+01
2.039999999999999591e+00 -1.983478848455004950e+01
2.049999999999999378e+00 -1.969975043376463120e+01
2.059999999999999165e+00 -1.956377278672933784e+01
2.069999999999998952e+00 -1.942725562991719812e+01
2.079999999999998739e+00 -1.929055681328783578e+01
2.089999999999998526e+00 -1.915398406295932432e+01
2.099999999999998312e+00 -1.901789545017008010e+01
2.109999999999998099e+00 -1.888276889613783638e+01
2.119999999999997886e+00 -1.874918843894754872e+01
2.129999999999997673e+00 -1.861780035723365145e+01
2.139999999999997460e+00 -1.848925385981840819e+01
2.149999999999997247e+00 -1.836415913243012099e+01
2.159999999999997033e+00 -1.824308417663267434e+01
2.169999999999996820e+00 -1.812654605978963929e+01
2.179999999999996607e+00 -1.801499419821185555e+01
2.189999999999996394e+00 -1.790881069575527462e+01
2.199999999999996181e+00 -1.780831708828681315e+01
2.209999999999995968e+00 -1.771378818935990651e+01
2.219999999999995755e+00 -1.762546479097185426e+01
2.229999999999995541e+00 -1.754356526781260683e+01
2.239999999999995328e+00 -1.746830226237658579e+01
2.249999999999995115e+00 -1.739988456981053488e+01
2.259999999999994902e+00 -1.733850521326669281e+01
2.269999999999994689e+00 -1.728433099970671805e+01
2.279999999999994476e+00 -1.723749405257080625e+01
2.289999999999994262e+00 -1.719808504281928663e+01
2.299999999999994049e+00 -1.716614959179080202e+01
2.309999999999993836e+00 -1.714168991945393117e+01
2.319999999999993623e+00 -1.712467120816001653e+01
2.329999999999993410e+00 -1.711503068431793650e+01
2.339999999999993197e+00 -1.711268711866848946e+01
2.349999999999992983e+00 -1.711754106988364299e+01
2.359999999999992770e+00 -1.712947467532619683e+01
2.369999999999992557e+00 -1.714836547964142710e+01
2.379999999999992344e+00 -1.717409780070161673e+01
2.389999999999992131e+00 -1.720656493393881803e+01
2.399999999999991918e+00 -1.724566748018647644e+01
2.409999999999991704e+00 -1.729130694017826997e+01
2.419999999999991491e+00 -1.734337649411166993e+01
2.429999999999991278e+00 -1.740175058279041309e+01
2.439999999999991065e+00 -1.746627511931766463e+01
2.449999999999990852e+00 -1.753675962752448214e+01
2.459999999999990639e+00 -1.761297225494220342e+01
2.469999999999990425e+00 -1.769463774200730199e+01
2.479999999999990212e+00 -1.778143730415204615e+01
2.489999999999989999e+00 -1.787301019324416629e+01
2.499999999999989786e+00 -1.796895717341664422e+01
2.509999999999989573e+00 -1.806884796394615122e+01
2.519999999999989360e+00 -1.817228183278338349e+01
2.529999999999989146e+00 -1.827891954058211610e+01
2.539999999999988933e+00 -1.838838178473137930e+01
2.549999999999988720e+00 -1.850018399318718920e+01
2.559999999999988507e+00 -1.861376728545174686e+01
2.569999999999988294e+00 -1.872853006957727118e+01
2.579999999999988081e+00 -1.884385967544611518e+01
2.589999999999987867e+00 -1.895916383789440829e+01
2.599999999999987654e+00 -1.907388293309155003e+01
2.609999999999987441e+00 -1.918750142454190666e+01
2.619999999999987228e+00 -1.929957440787952549e+01
2.629999999999987015e+00 -1.940973081797302058e+01
2.639999999999986802e+00 -1.951765498970723911e+01
2.649999999999986589e+00 -1.962306994119802539e+01
2.659999999999986375e+00 -1.972572000340327136e+01
2.669999999999986162e+00 -1.982535687376104150e+01
2.679999999999985949e+00 -1.992173130263629233e+01
2.689999999999985736e+00 -2.001459047971293970e+01
2.699999999999985523e+00 -2.010368026797296181e+01
2.709999999999985310e+00 -2.018875039073312649e+01
2.719999999999985096e+00 -2.026956038041798180e+01
2.729999999999984883e+00 -2.034588439545120409e+01
2.739999999999984670e+00 -2.041751360402095727e+01
2.749999999999984457e+00 -2.048425568988758627e+01
2.759999999999984244e+00 -2.054593183706780835e+01
2.769999999999984031e+00 -2.060237215644320230e+01
2.779999999999983817e+00 -2.065341083360287655e+01
2.789999999999983604e+00 -2.069888226450791535e+01
2.799999999999983391e+00 -2.073861915355060859e+01
2.809999999999983178e+00 -2.077245310341623252e+01
2.819999999999982965e+00 -2.080021769195803572e+01
2.829999999999982752e+00 -2.082175360374966999e+01
2.839999999999982538e+00 -2.083691504071719081e+01
2.849999999999982325e+00 -2.084557566100259152e+01
2.859999999999982112e+00 -2.084763312103100219e+01
2.869999999999981899e+00 -2.084301974995160833e+01
2.879999999999981686e+00 -2.083171408059124374e+01
2.889999999999981473e+00 -2.081373979548112629e+01
2.899999999999981259e+00 -2.078916082833243451e+01
2.909999999999981046e+00 -2.075807884294090400e+01
2.919999999999980833e+00 -2.072063086857126279e+01
2.929999999999980620e+00 -2.067698838207666157e+01
2.939999999999980407e+00 -2.062735749819152886e+01
2.949999999999980194e+00 -2.057197982725941898e+01
2.959999999999979980e+00 -2.051113322085763713e+01
2.969999999999979767e+00 -2.044513171150440911e+01
2.979999999999979554e+00 -2.037432406282226083e+01
2.989999999999979341e+00 -2.029909070600388432e+01
2.999999999999979128e+00 -2.021983910628814485e+01
3.009999999999978915e+00 -2.013699793884003952e+01
3.019999999999978701e+00 -2.005101059590065304e+01
3.029999999999978488e+00 -1.996232866260242034e+01
3.039999999999978275e+00 -1.987140590925946881e+01
3.049999999999978062e+00 -1.977869325460877192e+01
3.059999999999977849e+00 -1.968463492228335454e+01
3.069999999999977636e+00 -1.958966585998683385e+01
3.079999999999977423e+00 -1.949421214537457203e+01
3.089999999999977209e+00 -1.939869402973489088e+01
3.099999999999976996e+00 -1.930352547814085185e+01
3.109999999999976783e+00 -1.920909984718459285e+01
3.119999999999976570e+00 -1.911575599947479986e+01
3.129999999999976357e+00 -1.902376864272095602e+01
3.139999999999976144e+00 -1.893340093510081346e+01
3.149999999999975930e+00 -1.884495662988917886e+01
3.159999999999975717e+00 -1.875877824164614793e+01
3.169999999999975504e+00 -1.867521858668518675e+01
3.179999999999975291e+00 -1.859461387157259082e+01
3.189999999999975078e+00 -1.851726310014099042e+01
3.199999999999974865e+00 -1.844340852480323889e+01
3.209999999999974651e+00 -1.837323221113166127e+01
3.219999999999974438e+00 -1.830687428009884599e+01
3.229999999999974225e+00 -1.824444443804879157e+01
3.239999999999974012e+00 -1.818602951720371053e+01
3.249999999999973799e+00 -1.813170632132165849e+01
3.259999999999973586e+00 -1.808155169510234472e+01
3.269999999999973372e+00 -1.803564995490394551e+01
3.279999999999973159e+00 -1.799409646111507399e+01
3.289999999999972946e+00 -1.795699694054053452e+01
3.299999999999972733e+00 -1.792446481474160080e+01
3.309999999999972520e+00 -1.789661711090731444e+01
3.319999999999972307e+00 -1.787356865802662398e+01
3.329999999999972093e+00 -1.785542518955785951e+01
3.339999999999971880e+00 -1.784227781289341053e+01
3.349999999999971667e+00 -1.783420028047344275e+01
3.359999999999971454e+00 -1.783124947717381659e+01
3.369999999999971241e+00 -1.783346284626104961e+01
3.379999999999971028e+00 -1.784085144923603039e+01
3.389999999999970814e+00 -1.785340101505514454e+01
3.399999999999970601e+00 -1.787107814429534258e+01
3.409999999999970388e+00 -1.789383302685408594e+01
3.419999999999970175e+00 -1.792159944606977362e+01
3.429999999999969962e+00 -1.795429223978457500e+01
3.439999999999969749e+00 -1.799180294172677463e+01
3.449999999999969535e+00 -1.803399473861029634e+01
3.459999999999969322e+00 -1.808069795534580493e+01
3.469999999999969109e+00 -1.813170710632747884e+01
3.479999999999968896e+00 -1.818678015386881697e+01
3.489999999999968683e+00 -1.824564017679913519e+01
3.499999999999968470e+00 -1.830797972889320135e+01
3.509999999999968257e+00 -1.837346970539491764e+01
3.519999999999968043e+00 -1.844178264898971520e+01
3.529999999999967830e+00 -1.851262107801980861e+01
3.539999999999967617e+00 -1.858570101337707925e+01
3.549999999999967404e+00 -1.866070314814062314e+01
3.559999999999967191e+00 -1.873726267300680703e+01
3.569999999999966978e+00 -1.881498994980524131e+01
3.579999999999966764e+00 -1.889348879188176866e+01
3.589999999999966551e+00 -1.897237468321270271e+01
3.599999999999966338e+00 -1.905128668263838065e+01
3.609999999999966125e+00 -1.912989040598675672e+01
3.619999999999965912e+00 -1.920788755445746432e+01
3.629999999999965699e+00 -1.928502687620176914e+01
3.639999999999965485e+00 -1.936109790136247355e+01
3.649999999999965272e+00 -1.943591740348280794e+01
3.659999999999965059e+00 -1.950931784560170357e+01
3.669999999999964846e+00 -1.958113613717820556e+01
3.679999999999964633e+00 -1.965120543240500339e+01
3.689999999999964420e+00 -1.971935067141765430e+01
3.699999999999964206e+00 -1.978538764874599920e+01
3.709999999999963993e+00 -1.984912488400834008e+01
3.719999999999963780e+00 -1.991036706139057699e+01
3.729999999999963567e+00 -1.996891879860410768e+01
3.739999999999963354e+00 -2.002458775174173056e+01
3.749999999999963141e+00 -2.007718646332314805e+01
3.759999999999962927e+00 -2.012653285673782833e+01
3.769999999999962714e+00 -2.017244968840094543e+01
3.779999999999962501e+00 -2.021476354559091604e+01
3.789999999999962288e+00 -2.025330407138170941e+01
3.799999999999962075e+00 -2.028790401008208377e+01
3.809999999999961862e+00 -2.031840045372147330e+01
3.819999999999961648e+00 -2.034463738506748953e+01
3.829999999999961435e+00 -2.036646933366456835e+01
3.839999999999961222e+00 -2.038376574360813009e+01
3.849999999999961009e+00 -2.039641553023538734e+01
3.859999999999960796e+00 -2.040433129398840606e+01
3.869999999999960583e+00 -2.040745188996745441e+01
3.879999999999960369e+00 -2.040574652348592721e+01
3.889999999999960156e+00 -2.039922054761808923e+01
3.899999999999959943e+00 -2.038791508852735390e+01
3.909999999999959730e+00 -2.037190229760939886e+01
3.919999999999959517e+00 -2.035128143833290437e+01
3.929999999999959304e+00 -2.032617551942857403e+01
3.939999999999959091e+00 -2.029672886941377286e+01
3.949999999999958877e+00 -2.026310571155642393e+01
3.959999999999958664e+00 -2.022548946696532468e+01
3.969999999999958451e+00 -2.018408237092535629e+01
3.979999999999958238e+00 -2.013910493192025086e+01
3.989999999999958025e+00 -2.009079487486106785e+01
3.999999999999957812e+00 -2.003940536659708016e+01
4.009999999999958042e+00 -1.998520253202544694e+01
4.019999999999957829e+00 -1.992846243809612261e+01
4.029999999999957616e+00 -1.986946784829039103e+01
4.039999999999957403e+00 -1.980850509038148033e+01
4.049999999999957190e+00 -1.974586135157457178e+01
4.059999999999956977e+00 -1.968182262500688751e+01
4.069999999999956763e+00 -1.961667240851542715e+01
4.079999999999956550e+00 -1.955069113167783001e+01
4.089999999999956337e+00 -1.948415617840044689e+01
4.099999999999956124e+00 -1.941734351484938514e+01
4.109999999999955911e+00 -1.935053079408642418e+01
4.119999999999955698e+00 -1.928399800683832765e+01
4.129999999999955484e+00 -1.921802454209774424e+01
4.139999999999955271e+00 -1.915287883682694314e+01
4.149999999999955058e+00 -1.908880067580820850e+01
4.159999999999954845e+00 -1.902599678056897048e+01
4.169999999999954632e+00 -1.896466724599331144e+01
4.179999999999954419e+00 -1.890503591310192988e+01
4.189999999999954206e+00 -1.884734830748518064e+01
4.199999999999953992e+00 -1.879185123423487269e+01
4.209999999999953779e+00 -1.873877578331997640e+01
4.219999999999953566e+00 -1.868832590509434510e+01
4.229999999999953353e+00 -1.864067196536567295e+01
4.239999999999953140e+00 -1.859594868607474538e+01
4.249999999999952927e+00 -1.855425856378226968e+01
4.259999999999952713e+00 -1.851567592694976838e+01
4.269999999999952500e+00 -1.848025127614232233e+01
4.279999999999952287e+00 -1.844802283627808492e+01
4.289999999999952074e+00 -1.841902959434152365e+01
4.299999999999951861e+00 -1.839331645033062657e+01
4.309999999999951648e+00 -1.837093472785641168e+01
4.319999999999951434e+00 -1.835194058986822441e+01
4.329999999999951221e+00 -1.833639086268235729e+01
4.339999999999951008e+00 -1.832433836828933948e+01
4.349999999999950795e+00 -1.831582793219185490e+01
4.359999999999950582e+00 -1.831089342907669604e+01
4.369999999999950369e+00 -1.830955667949864463e+01
4.379999999999950155e+00 -1.831182444815594579e+01
4.389999999999949942e+00 -1.831768473206178527e+01
4.399999999999949729e+00 -1.832711023468990064e+01
4.409999999999949516e+00 -1.834006428791466092e+01
4.419999999999949303e+00 -1.835650387372110259e+01
4.429999999999949090e+00 -1.837638076437046664e+01
4.439999999999948876e+00 -1.839964016640286815e+01
4.449999999999948663e+00 -1.842621735052976462e+01
4.459999999999948450e+00 -1.845603369030406071e+01
4.469999999999948237e+00 -1.848899300983617877e+01
4.479999999999948024e+00 -1.852497677818074351e+01
4.489999999999947811e+00 -1.856383974904147394e+01
4.499999999999947597e+00 -1.860540871774685812e+01
4.509999999999947384e+00 -1.864948373947503413e+01
4.519999999999947171e+00 -1.869585859920831439e+01
4.529999999999946958e+00 -1.874434212756917617e+01
4.539999999999946745e+00 -1.879473700744621922e+01
4.549999999999946532e+00 -1.884681212850750853e+01
4.559999999999946318e+00 -1.890030471561953718e+01
4.569999999999946105e+00 -1.895493299990353009e+01
4.579999999999945892e+00 -1.901040831129684605e+01
4.589999999999945679e+00 -1.906644457486913069e+01
4.599999999999945466e+00 -1.912276406550700969e+01
4.609999999999945253e+00 -1.917910755109673815e+01
4.619999999999945040e+00 -1.923524522113313751e+01
4.629999999999944826e+00 -1.929097643133905038e+01
4.639999999999944613e+00 -1.934612394140496860e+01
4.649999999999944400e+00 -1.940052803847254381e+01
4.659999999999944187e+00 -1.945403984641028217e+01
4.669999999999943974e+00 -1.950651569910886707e+01
4.679999999999943761e+00 -1.955781334851903708e+01
4.689999999999943547e+00 -1.960779021009919987e+01
4.699999999999943334e+00 -1.965630343581156581e+01
4.709999999999943121e+00 -1.970321119035687474e+01
4.719999999999942908e+00 -1.974837438704971149e+01
4.729999999999942695e+00 -1.979165819738332388e+01
4.739999999999942482e+00 -1.983293285123389893e+01
4.749999999999942268e+00 -1.987207353888671690e+01
4.759999999999942055e+00 -1.990895951501856942e+01
4.769999999999941842e+00 -1.994347272816353822e+01
4.779999999999941629e+00 -1.997549642404221615e+01
4.789999999999941416e+00 -2.000491417039133424e+01
4.799999999999941203e+00 -2.003160965675771621e+01
4.809999999999940989e+00 -2.005546745508730666e+01
4.819999999999940776e+00 -2.007637473963916364e+01
4.829999999999940563e+00 -2.009422379387254054e+01
4.839999999999940350e+00 -2.010891501088551792e+01
4.849999999999940137e+00 -2.012036004043924464e+01
4.859999999999939924e+00 -2.012848474703492840e+01
4.869999999999939710e+00 -2.013323160053505845e+01
4.879999999999939497e+00 -2.013456088967969038e+01
4.889999999999939284e+00 -2.013245370547815938e+01
4.899999999999939071e+00 -2.012691561585643285e+01
4.909999999999938858e+00 -2.011797532112489861e+01
4.919999999999938645e+00 -2.010568164339033004e+01
4.929999999999938431e+00 -2.009010179400323892e+01
4.939999999999938218e+00 -2.007131983257300689e+01
4.949999999999938005e+00 -2.004943581094324045e+01
4.959999999999937792e+00 -2.002456540517281169e+01
4.969999999999937579e+00 -1.999683979494705710e+01
4.979999999999937366e+00 -1.996640546993176102e+01
4.989999999999937152e+00 -1.993342368067844106e+01
4.999999999999936939e+00 -1.989806935021202250e+01
5.009999999999936726e+00 -1.986052939794459959e+01
5.019999999999936513e+00 -1.982100056228072305e+01
5.029999999999936300e+00 -1.977968690764295090e+01
5.039999999999936087e+00 -1.973679726146241720e+01
5.049999999999935874e+00 -1.969254282240354925e+01
5.059999999999935660e+00 -1.964713514319366894e+01
5.069999999999935447e+00 -1.960078460966629521e+01
5.079999999999935234e+00 -1.955369945663889553e+01
5.089999999999935021e+00 -1.950608527427426608e+01
5.099999999999934808e+00 -1.945814490394141316e+01
5.109999999999934595e+00 -1.941007911405288056e+01
5.119999999999934381e+00 -1.936208859996733977e+01
5.129999999999934168e+00 -1.931437480624260417e+01
5.139999999999933955e+00 -1.926713793575693856e+01
5.149999999999933742e+00 -1.922057552277377113e+01
5.159999999999933529e+00 -1.917487549414305548e+01
5.169999999999933316e+00 -1.913020756432941027e+01
5.179999999999933102e+00 -1.908672241602815589e+01
5.189999999999932889e+00 -1.904456069604470869e+01
5.199999999999932676e+00 -1.900387149455214342e+01
5.209999999999932463e+00 -1.896481609666602708e+01
5.219999999999932250e+00 -1.892755532027114640e+01
5.229999999999932037e+00 -1.889223703399728649e+01
5.239999999999931823e+00 -1.885898706878080944e+01
5.249999999999931610e+00 -1.882790770553278392e+01
5.259999999999931397e+00 -1.879907923759665067e+01
5.269999999999931184e+00 -1.877256177944130044e+01
5.279999999999930971e+00 -1.874839947144160845e+01
5.289999999999930758e+00 -1.872662591562888679e+01
5.299999999999930544e+00 -1.870726922965280536e+01
5.309999999999930331e+00 -1.869035626531825045e+01
5.319999999999930118e+00 -1.867591511619819755e+01
5.329999999999929905e+00 -1.866397549124343058e+01
5.339999999999929692e+00 -1.865456756816801587e+01
5.349999999999929479e+00 -1.864771993904474812e+01
5.359999999999929265e+00 -1.864345739040369310e+01
5.369999999999929052e+00 -1.864179889238549848e+01
5.379999999999928839e+00 -1.864275479665965563e+01
5.389999999999928626e+00 -1.864632331601653448e+01
5.399999999999928413e+00 -1.865248997486168037e+01
5.409999999999928200e+00 -1.866123032450757080e+01
5.419999999999927986e+00 -1.867251241208437662e+01
5.429999999999927773e+00 -1.868629815489721580e+01
5.439999999999927560e+00 -1.870254365666225027e+01
5.449999999999927347e+00 -1.872119827645162360e+01
5.459999999999927134e+00 -1.874220270966686286e+01
5.469999999999926921e+00 -1.876548623302094754e+01
5.479999999999926708e+00 -1.879096385880831122e+01
5.489999999999926494e+00 -1.881853465492621780e+01
5.499999999999926281e+00 -1.884808154246983136e+01
5.509999999999926068e+00 -1.887948051477011546e+01
5.519999999999925855e+00 -1.891261171696850951e+01
5.529999999999925642e+00 -1.894734827584356651e+01
5.539999999999925429e+00 -1.898353802599253015e+01
5.549999999999925215e+00 -1.902100259787860281e+01
5.559999999999925002e+00 -1.905954523399509526e+01
5.569999999999924789e+00 -1.909895686703495699e+01
5.579999999999924576e+00 -1.913902349315978313e+01
5.589999999999924363e+00 -1.917953780431101407e+01
5.599999999999924150e+00 -1.922030824027804030e+01
5.609999999999923936e+00 -1.926116126038042253e+01
5.619999999999923723e+00 -1.930194052191402676e+01
5.629999999999923510e+00 -1.934250439099229979e+01
5.639999999999923297e+00 -1.938272205659282577e+01
5.649999999999923084e+00 -1.942246956247441503e+01
5.659999999999922871e+00 -1.946162655141758080e+01
5.669999999999922657e+00 -1.950007422527570355e+01
5.679999999999922444e+00 -1.953769464886417850e+01
5.689999999999922231e+00 -1.957437117069839161e+01
5.699999999999922018e+00 -1.960998952581690347e+01
5.709999999999921805e+00 -1.964443910557064044e+01
5.719999999999921592e+00 -1.967761393656710212e+01
5.729999999999921378e+00 -1.970941306970115292e+01
5.739999999999921165e+00 -1.973974028298041716e+01
5.749999999999920952e+00 -1.976850320054648336e+01
5.759999999999920739e+00 -1.979561208020277618e+01
5.769999999999920526e+00 -1.982097859496006720e+01
5.779999999999920313e+00 -1.984451492916626236e+01
5.789999999999920099e+00 -1.986613343408489740e+01
5.799999999999919886e+00 -1.988574697094622934e+01
5.809999999999919673e+00 -1.990326993781631870e+01
5.819999999999919460e+00 -1.991861986124619222e+01
5.829999999999919247e+00 -1.993171935324189192e+01
5.839999999999919034e+00 -1.994249820007739160e+01
5.849999999999918820e+00 -1.995089536009477627e+01
5.859999999999918607e+00 -1.995686069370309568e+01
5.869999999999918394e+00 -1.996035626847812949e+01
5.879999999999918181e+00 -1.996135685882597954e+01
5.889999999999917968e+00 -1.995985151877927777e+01
5.899999999999917755e+00 -1.995584571982327304e+01
5.909999999999917542e+00 -1.994936047792588951e+01
5.919999999999917328e+00 -1.994043049426970171e+01
5.929999999999917115e+00 -1.992910318471131959e+01
5.939999999999916902e+00 -1.991543786196656285e+01
5.949999999999916689e+00 -1.989950533875035532e+01
5.959999999999916476e+00 -1.988138780605549627e+01
5.969999999999916263e+00 -1.986117880668519575e+01
5.979999999999916049e+00 -1.983898310203668203e+01
5.989999999999915836e+00 -1.981491625711857552e+01
5.999999999999915623e+00 -1.978910384428721514e+01
6.009999999999915410e+00 -1.976168025344103185e+01
6.019999999999915197e+00 -1.973278718044118207e+01
6.029999999999914984e+00 -1.970257192496512033e+01
6.039999999999914770e+00 -1.967118565827665222e+01
6.049999999999914557e+00 -1.963878181490733255e+01
6.059999999999914344e+00 -1.960551472994820443e+01
6.069999999999914131e+00 -1.957153859294471232e+01
6.079999999999913918e+00 -1.953700673386541098e+01
6.089999999999913705e+00 -1.950207120822672024e+01
6.099999999999913491e+00 -1.946688261242472251e+01
6.109999999999913278e+00 -1.943159018547164152e+01
6.119999999999913065e+00 -1.939634285272255099e+01
6.129999999999912852e+00 -1.936129017310962297e+01
6.139999999999912639e+00 -1.932658134606169043e+01
6.149999999999912426e+00 -1.929236341920362818e+01
6.159999999999912212e+00 -1.925878116428315323e+01
6.169999999999911999e+00 -1.922597433399735678e+01
6.179999999999911786e+00 -1.919406921336449301e+01
6.189999999999911573e+00 -1.916317532713235039e+01
6.199999999999911360e+00 -1.913339384238277319e+01
6.209999999999911147e+00 -1.910482953197040956e+01
6.219999999999910933e+00 -1.907759390245831099e+01
6.229999999999910720e+00 -1.905179785267502979e+01
6.239999999999910507e+00 -1.902754313597624503e+01
6.249999999999910294e+00 -1.900491585436192565e+01
6.259999999999910081e+00 -1.898398293531504066e+01
6.269999999999909868e+00 -1.896479312175732801e+01
6.279999999999909654e+00 -1.894738015524714925e+01
6.289999999999909441e+00 -1.893176725240724068e+01
6.299999999999909228e+00 -1.891797181078924694e+01
6.309999999999909015e+00 -1.890600842966813744e+01
6.319999999999908802e+00 -1.889589109439559778e+01
6.329999999999908589e+00 -1.888763492088316909e+01
6.339999999999908376e+00 -1.888125654473483550e+01
6.349999999999908162e+00 -1.887677324210803675e+01
6.359999999999907949e+00 -1.887420120715771077e+01
6.369999999999907736e+00 -1.887355369365003810e+01
6.379999999999907523e+00 -1.887483788157119236e+01
6.389999999999907310e+00 -1.887805145510478155e+01
6.399999999999907097e+00 -1.888318278214610402e+01
6.409999999999906883e+00 -1.889021284217320940e+01
6.419999999999906670e+00 -1.889911649931328341e+01
6.429999999999906457e+00 -1.890986336378903232e+01
6.439999999999906244e+00 -1.892241786435667805e+01
6.449999999999906031e+00 -1.893673882289966670e+01
6.459999999999905818e+00 -1.895277849533379921e+01
6.469999999999905604e+00 -1.897048102616797749e+01
6.479999999999905391e+00 -1.898978083511649473e+01
6.489999999999905178e+00 -1.901060382582522124e+01
6.499999999999904965e+00 -1.903287362402962302e+01
6.509999999999904752e+00 -1.905651232281546470e+01
6.519999999999904539e+00 -1.908142972606690790e+01
6.529999999999904325e+00 -1.910751424686823086e+01
6.539999999999904112e+00 -1.913463324489376305e+01
6.549999999999903899e+00 -1.916263987962937421e+01
6.559999999999903686e+00 -1.919138151488356669e+01
6.569999999999903473e+00 -1.922070614289708956e+01
6.579999999999903260e+00 -1.925046709013390256e+01
6.589999999999903046e+00 -1.928052626524525337e+01
6.599999999999902833e+00 -1.931075552333551570e+01
6.609999999999902620e+00 -1.934103633407366374e+01
6.619999999999902407e+00 -1.937125830573676311e+01
6.629999999999902194e+00 -1.940131714705056609e+01
6.639999999999901981e+00 -1.943111267176673707e+01
6.649999999999901767e+00 -1.946054727630316350e+01
6.659999999999901554e+00 -1.948952511436644031e+01
6.669999999999901341e+00 -1.951795197975837226e+01
6.679999999999901128e+00 -1.954573572331468512e+01
6.689999999999900915e+00 -1.957278693873412934e+01
6.699999999999900702e+00 -1.959901962297056599e+01
6.709999999999900488e+00 -1.962435158024598536e+01
6.719999999999900275e+00 -1.964870443359989594e+01
6.729999999999900062e+00 -1.967200323630928693e+01
6.739999999999899849e+00 -1.969417577770654759e+01
6.749999999999899636e+00 -1.971515175913039641e+01
6.759999999999899423e+00 -1.973486203804456807e+01
6.769999999999899210e+00 -1.975323812695143033e+01
6.779999999999898996e+00 -1.977021207393685032e+01
6.789999999999898783e+00 -1.978571678324571437e+01
6.799999999999898570e+00 -1.979968675157628510e+01
6.809999999999898357e+00 -1.981205913728197032e+01
6.819999999999898144e+00 -1.982277503318609746e+01
6.829999999999897931e+00 -1.983178080567622459e+01
6.839999999999897717e+00 -1.983902936886387636e+01
6.849999999999897504e+00 -1.984448129804485461e+01
6.859999999999897291e+00 -1.984810572049031308e+01
6.869999999999897078e+00 -1.984988086877010716e+01
6.879999999999896865e+00 -1.984979463195406879e+01
6.889999999999896652e+00 -1.984784570699545014e+01
6.899999999999896438e+00 -1.984404412542919616e+01
6.909999999999896225e+00 -1.983841035864181634e+01
6.919999999999896012e+00 -1.983097437391647233e+01
6.929999999999895799e+00 -1.982177507135311956e+01
6.939999999999895586e+00 -1.981085989798426539e+01
6.949999999999895373e+00 -1.979828469211048869e+01
6.959999999999895159e+00 -1.978411363312657656e+01
6.969999999999894946e+00 -1.976841917989168707e+01
6.979999999999894733e+00 -1.975128186486175608e+01
6.989999999999894520e+00 -1.973278986248028843e+01
6.999999999999894307e+00 -1.971303829243588623e+01
7.009999999999894094e+00 -1.969212828449104080e+01
7.019999999999893880e+00 -1.967016587090428814e+01
7.029999999999893667e+00 -1.964726080644187789e+01
7.039999999999893454e+00 -1.962352541759436875e+01
7.049999999999893241e+00 -1.959907357285207397e+01
7.059999999999893028e+00 -1.957401983450478511e+01
7.069999999999892815e+00 -1.954847882049793029e+01
7.079999999999892601e+00 -1.952256476832372911e+01
7.089999999999892388e+00 -1.949639126833273650e+01
7.099999999999892175e+00 -1.947007111573761762e+01
7.109999999999891962e+00 -1.944371641225733427e+01
7.119999999999891749e+00 -1.941743931711069138e+01
7.129999999999891536e+00 -1.939135244104786437e+01
7.139999999999891322e+00 -1.936556782397972754e+01
7.149999999999891109e+00 -1.934019561491133743e+01
7.159999999999890896e+00 -1.931534374589298508e+01
7.169999999999890683e+00 -1.929111908551045218e+01
7.179999999999890470e+00 -1.926762256840169485e+01
7.189999999999890257e+00 -1.924494310646669248e+01
7.199999999999890044e+00 -1.922316028547683331e+01
7.209999999999889830e+00 -1.920234634431124832e+01
7.219999999999889617e+00 -1.918257022743147289e+01
7.229999999999889404e+00 -1.916390429158317943e+01
7.239999999999889191e+00 -1.914642218264593510e+01
7.249999999999888978e+00 -1.913019163415007995e+01
7.259999999999888765e+00 -1.911526861958409640e+01
7.269999999999888551e+00 -1.910169416928624386e+01
7.279999999999888338e+00 -1.908949530215194912e+01
7.289999999999888125e+00 -1.907868804395714335e+01
7.299999999999887912e+00 -1.906928076854737597e+01
7.309999999999887699e+00 -1.906127788429597913e+01
7.319999999999887486e+00 -1.905468267411825778e+01
7.329999999999887272e+00 -1.904949924563767993e+01
7.339999999999887059e+00 -1.904573355873342067e+01
7.349999999999886846e+00 -1.904339333309600235e+01
7.359999999999886633e+00 -1.904248714684700516e+01
7.369999999999886420e+00 -1.904302231126070666e+01
7.379999999999886207e+00 -1.904500174818280200e+01
7.389999999999885993e+00 -1.904842232146350867e+01
7.399999999999885780e+00 -1.905327508725978447e+01
7.409999999999885567e+00 -1.905954569565646395e+01
7.419999999999885354e+00 -1.906721466851190172e+01
7.429999999999885141e+00 -1.907625760673329296e+01
7.439999999999884928e+00 -1.908664510223490396e+01
7.449999999999884714e+00 -1.909834233757856836e+01
7.459999999999884501e+00 -1.911130841357971022e+01
7.469999999999884288e+00 -1.912549648990700746e+01
7.479999999999884075e+00 -1.914085591459593871e+01
7.489999999999883862e+00 -1.915733359045120210e+01
7.499999999999883649e+00 -1.917486984922872040e+01
7.509999999999883435e+00 -1.919339233144392054e+01
7.519999999999883222e+00 -1.921281462490458125e+01
7.529999999999883009e+00 -1.923303854637449817e+01
7.539999999999882796e+00 -1.925395752357061596e+01
7.549999999999882583e+00 -1.927546056434334787e+01
7.559999999999882370e+00 -1.929743615017521208e+01
7.569999999999882156e+00 -1.931977548058625516e+01
7.579999999999881943e+00 -1.934237465085528385e+01
7.589999999999881730e+00 -1.936513569343374641e+01
7.599999999999881517e+00 -1.938796658177417598e+01
7.609999999999881304e+00 -1.941078050634804697e+01
7.619999999999881091e+00 -1.943349478416970655e+01
7.629999999999880878e+00 -1.945602975625807218e+01
7.639999999999880664e+00 -1.947830793805275817e+01
7.649999999999880451e+00 -1.950025356184570668e+01
7.659999999999880238e+00 -1.952179252120797415e+01
7.669999999999880025e+00 -1.954285262179058336e+01
7.679999999999879812e+00 -1.956336398118424214e+01
7.689999999999879599e+00 -1.958325940865102766e+01
7.699999999999879385e+00 -1.960247462689355658e+01
7.709999999999879172e+00 -1.962094825886574867e+01
7.719999999999878959e+00 -1.963862157541291609e+01
7.729999999999878746e+00 -1.965543806353456802e+01
7.739999999999878533e+00 -1.967134292186696243e+01
7.749999999999878320e+00 -1.968628260498825711e+01
7.759999999999878106e+00 -1.970020453052956455e+01
7.769999999999877893e+00 -1.971305702753849332e+01
7.779999999999877680e+00 -1.972478956271027783e+01
7.789999999999877467e+00 -1.973535323058980850e+01
7.799999999999877254e+00 -1.974470145768379936e+01
7.809999999999877041e+00 -1.975279084105237359e+01
7.819999999999876827e+00 -1.975958203622306897e+01
7.829999999999876614e+00 -1.976504061167094406e+01
7.839999999999876401e+00 -1.976913780821137578e+01
7.849999999999876188e+00 -1.977185116130045373e+01
7.859999999999875975e+00 -1.977316490855830011e+01
7.869999999999875762e+00 -1.977307045340478808e+01
7.879999999999875548e+00 -1.977156723562356078e+01
7.889999999999875335e+00 -1.976866306988158328e+01
7.899999999999875122e+00 -1.976437350501540635e+01
7.909999999999874909e+00 -1.975872117834224539e+01
7.919999999999874696e+00 -1.975173541838486457e+01
7.929999999999874483e+00 -1.974345197084659631e+01
7.939999999999874269e+00 -1.973391288408673461e+01
7.949999999999874056e+00 -1.972316646555672648e+01
7.959999999999873843e+00 -1.971126722966609890e+01
7.969999999999873630e+00 -1.969827574263675274e+01
7.979999999999873417e+00 -1.968425830769364282e+01
7.989999999999873204e+00 -1.966928646161796834e+01
7.999999999999872990e+00 -1.965343630110597317e+01
8.009999999999873666e+00 -1.963678768399047669e+01
8.019999999999873452e+00 -1.961942337573768214e+01
8.029999999999873239e+00 -1.960142821173503336e+01
8.039999999999873026e+00 -1.958288834113215060e+01
8.049999999999872813e+00 -1.956389059435491973e+01
8.059999999999872600e+00 -1.954452199643469257e+01
8.069999999999872387e+00 -1.952486942029639039e+01
8.079999999999872173e+00 -1.950501935951253074e+01
8.089999999999871960e+00 -1.948505778434141078e+01
8.099999999999871747e+00 -1.946507010350796207e+01
8.109999999999871534e+00 -1.944514170770462158e+01
8.119999999999871321e+00 -1.942535842765337151e+01
8.129999999999871108e+00 -1.940580572825557581e+01
8.139999999999870894e+00 -1.938656757529115282e+01
8.149999999999870681e+00 -1.936772598444099813e+01
8.159999999999870468e+00 -1.934936164710380524e+01
8.169999999999870255e+00 -1.933155465635551806e+01
8.179999999999870042e+00 -1.931437971554970900e+01
8.189999999999869829e+00 -1.929790174284978832e+01
8.199999999999869615e+00 -1.928217965522216915e+01
8.209999999999869402e+00 -1.926726677819502243e+01
8.219999999999869189e+00 -1.925321047226623605e+01
8.229999999999868976e+00 -1.924005695775614200e+01
8.239999999999868763e+00 -1.922785132188976576e+01
8.249999999999868550e+00 -1.921663374555676995e+01
8.259999999999868336e+00 -1.920643706671965489e+01
8.269999999999868123e+00 -1.919728604908754832e+01
8.279999999999867910e+00 -1.918919788024111384e+01
8.289999999999867697e+00 -1.918218314073947539e+01
8.299999999999867484e+00 -1.917624777443644035e+01
8.309999999999867271e+00 -1.917139509577740952e+01
8.319999999999867057e+00 -1.916762702369854310e+01
8.329999999999866844e+00 -1.916494516819748384e+01
8.339999999999866631e+00 -1.916335172212403748e+01
8.349999999999866418e+00 -1.916284977901359454e+01
8.359999999999866205e+00 -1.916344222276836362e+01
8.369999999999865992e+00 -1.916512964691675336e+01
8.379999999999865778e+00 -1.916790956474346430e+01
8.389999999999865565e+00 -1.917177635144982872e+01
8.399999999999865352e+00 -1.917672067829539628e+01
8.409999999999865139e+00 -1.918272919798591403e+01
8.419999999999864926e+00 -1.918978432787665156e+01
8.429999999999864713e+00 -1.919786352960341702e+01
8.439999999999864500e+00 -1.920693880534260245e+01
8.449999999999864286e+00 -1.921697794249847036e+01
8.459999999999864073e+00 -1.922794618899794017e+01
8.469999999999863860e+00 -1.923980694608800945e+01
8.479999999999863647e+00 -1.925251968477069298e+01
8.489999999999863434e+00 -1.926603497145298505e+01
8.499999999999863221e+00 -1.928029254454268937e+01
8.509999999999863007e+00 -1.929522270986340970e+01
8.519999999999862794e+00 -1.931074834462561896e+01
8.529999999999862581e+00 -1.932678765146736310e+01
8.539999999999862368e+00 -1.934325701642513096e+01
8.549999999999862155e+00 -1.936007352116685709e+01
8.559999999999861942e+00 -1.937715678504464023e+01
8.569999999999861728e+00 -1.939443002152659901e+01
8.579999999999861515e+00 -1.941182033050658973e+01
8.589999999999861302e+00 -1.942925841753310223e+01
8.599999999999861089e+00 -1.944667797892987693e+01
8.609999999999860876e+00 -1.946401501050989680e+01
8.619999999999860663e+00 -1.948120724372267176e+01
8.629999999999860449e+00 -1.949819382885346997e+01
8.639999999999860236e+00 -1.951491529632689748e+01
8.649999999999860023e+00 -1.953131374186224889e+01
8.659999999999859810e+00 -1.954733313482036294e+01
8.669999999999859597e+00 -1.956291962686250585e+01
8.679999999999859384e+00 -1.957802175768424746e+01
8.689999999999859170e+00 -1.959259049036498013e+01
8.699999999999858957e+00 -1.960657906190676414e+01
8.709999999999858744e+00 -1.961994268151766718e+01
8.719999999999858531e+00 -1.963263814685117836e+01
8.729999999999858318e+00 -1.964462346586693187e+01
8.739999999999858105e+00 -1.965585756992701860e+01
8.749999999999857891e+00 -1.966630018508796596e+01
8.759999999999857678e+00 -1.967591189766832471e+01
8.769999999999857465e+00 -1.968465441764975310e+01
8.779999999999857252e+00 -1.969249101184699668e+01
8.789999999999857039e+00 -1.969938705878123031e+01
8.799999999999856826e+00 -1.970531066497427020e+01
8.809999999999856612e+00 -1.971023328518518980e+01
8.819999999999856399e+00 -1.971413029664132566e+01
8.829999999999856186e+00 -1.971698149468093320e+01
8.839999999999855973e+00 -1.971877149108323479e+01
8.849999999999855760e+00 -1.971948992424145786e+01
8.859999999999855547e+00 -1.971913191348066619e+01
8.869999999999855333e+00 -1.971769877790552528e+01
8.879999999999855120e+00 -1.971519799399652229e+01
8.889999999999854907e+00 -1.971164265432936347e+01
8.899999999999854694e+00 -1.970705111680140220e+01
8.909999999999854481e+00 -1.970144674969170850e+01
8.919999999999854268e+00 -1.969485778904021700e+01
8.929999999999854055e+00 -1.968731728994134755e+01
8.939999999999853841e+00 -1.967886310675173434e+01
8.949999999999853628e+00 -1.966953784227115420e+01
8.959999999999853415e+00 -1.965938870177023290e+01
8.969999999999853202e+00 -1.964846721890486236e+01
8.979999999999852989e+00 -1.963682884117778116e+01
8.989999999999852776e+00 -1.962453239704787933e+01
8.999999999999852562e+00 -1.961163948206220553e+01
9.009999999999852349e+00 -1.959821381837257803e+01
9.019999999999852136e+00 -1.958432063682374036e+01
9.029999999999851923e+00 -1.957002612717758439e+01
9.039999999999851710e+00 -1.955539698132978543e+01
9.049999999999851497e+00 -1.954050004208020752e+01
9.059999999999851283e+00 -1.952540204837092119e+01
9.069999999999851070e+00 -1.951016946110983952e+01
9.079999999999850857e+00 -1.949486834186413020e+01
9.089999999999850644e+00 -1.947956434046776053e+01
9.099999999999850431e+00 -1.946432311861875419e+01
9.109999999999850218e+00 -1.944921058423217275e+01
9.119999999999850004e+00 -1.943429217828709810e+01
9.129999999999849791e+00 -1.941963203973604379e+01
9.139999999999849578e+00 -1.940529268295049192e+01
9.149999999999849365e+00 -1.939133542251266462e+01
9.159999999999849152e+00 -1.937782091413895458e+01
9.169999999999848939e+00 -1.936480799799199204e+01
9.179999999999848725e+00 -1.935234963349597592e+01
9.189999999999848512e+00 -1.934049208859097035e+01
9.199999999999848299e+00 -1.932927763129120535e+01
9.209999999999848086e+00 -1.931874288600717193e+01
9.219999999999847873e+00 -1.930891917788832046e+01
9.229999999999847660e+00 -1.929983612104272694e+01
9.239999999999847446e+00 -1.929152135182628314e+01
9.249999999999847233e+00 -1.928399836774334020e+01
9.259999999999847020e+00 -1.927728506168680056e+01
9.269999999999846807e+00 -1.927139359523869899e+01
9.279999999999846594e+00 -1.926633139197744171e+01
9.289999999999846381e+00 -1.926210243496576524e+01
9.299999999999846167e+00 -1.925870851966207908e+01
9.309999999999845954e+00 -1.925615033883737937e+01
9.319999999999845741e+00 -1.925442839368006887e+01
9.329999999999845528e+00 -1.925354359648490998e+01
9.339999999999845315e+00 -1.925349723481997799e+01
9.349999999999845102e+00 -1.925428983728911447e+01
9.359999999999844889e+00 -1.925591998948204875e+01
9.369999999999844675e+00 -1.925838440202393897e+01
9.379999999999844462e+00 -1.926167806579051245e+01
9.389999999999844249e+00 -1.926579387840986612e+01
9.399999999999844036e+00 -1.927072218989602348e+01
9.409999999999843823e+00 -1.927645020992993352e+01
9.419999999999843610e+00 -1.928296138555192130e+01
9.429999999999843396e+00 -1.929023599138635348e+01
9.439999999999843183e+00 -1.929825175019289318e+01
9.449999999999842970e+00 -1.930698342778457288e+01
9.459999999999842757e+00 -1.931640163349911532e+01
9.469999999999842544e+00 -1.932646991437140116e+01
9.479999999999842331e+00 -1.933714347168553971e+01
9.489999999999842117e+00 -1.934837017956708749e+01
9.499999999999841904e+00 -1.936009195692306406e+01
9.509999999999841691e+00 -1.937224673582791823e+01
9.519999999999841478e+00 -1.938477051545278229e+01
9.529999999999841265e+00 -1.939759917870139461e+01
9.539999999999841052e+00 -1.941066986654912441e+01
9.549999999999840838e+00 -1.942392182624536190e+01
9.559999999999840625e+00 -1.943729674503345350e+01
9.569999999999840412e+00 -1.945073869932412691e+01
9.579999999999840199e+00 -1.946419387402677259e+01
9.589999999999839986e+00 -1.947761022379042473e+01
9.599999999999839773e+00 -1.949093720623856285e+01
9.609999999999839559e+00 -1.950412566280168747e+01
9.619999999999839346e+00 -1.951712786186613968e+01
9.629999999999839133e+00 -1.952989766410051686e+01
9.639999999999838920e+00 -1.954239074020284406e+01
9.649999999999838707e+00 -1.955456475992375687e+01
9.659999999999838494e+00 -1.956637948633214208e+01
9.669999999999838280e+00 -1.957779673656658659e+01
9.679999999999838067e+00 -1.958878020593769165e+01
9.689999999999837854e+00 -1.959929518557528283e+01
9.699999999999837641e+00 -1.960930822676627727e+01
9.709999999999837428e+00 -1.961878681742525643e+01
9.719999999999837215e+00 -1.962769913129565680e+01
9.729999999999837001e+00 -1.963601389837873512e+01
9.739999999999836788e+00 -1.964370042116236803e+01
9.749999999999836575e+00 -1.965072874028630068e+01
9.759999999999836362e+00 -1.965706992970209299e+01
9.769999999999836149e+00 -1.966269648914148149e+01
9.779999999999835936e+00 -1.966758279179737201e+01
9.789999999999835723e+00 -1.967170554792492609e+01
9.799999999999835509e+00 -1.967504424872152313e+01
9.809999999999835296e+00 -1.967758156685101412e+01
9.819999999999835083e+00 -1.967930369816249581e+01
9.829999999999834870e+00 -1.968020063972413780e+01
9.839999999999834657e+00 -1.968026650089355911e+01
9.849999999999834444e+00 -1.967950002302958268e+01
9.859999999999834230e+00 -1.967790486361200308e+01
9.869999999999834017e+00 -1.967548928801256025e+01
9.879999999999833804e+00 -1.967226580557281324e+01
9.889999999999833591e+00 -1.966825096411530538e+01
9.899999999999833378e+00 -1.966346520061226144e+01
9.909999999999833165e+00 -1.965793277468637612e+01
9.919999999999832951e+00 -1.965168173778035410e+01
9.929999999999832738e+00 -1.964474389212256611e+01
9.939999999999832525e+00 -1.963715468911043516e+01
9.949999999999832312e+00 -1.962895303404035374e+01
9.959999999999832099e+00 -1.962018098253288656e+01
9.969999999999831886e+00 -1.961088333792920579e+01
9.979999999999831672e+00 -1.960110717663204483e+01
9.989999999999831459e+00 -1.959090134027071883e+01
9.999999999999831246e+00 -1.958031593652833280e+01
1.000999999999983103e+01 -1.956940188523910962e+01
