0.000000000000000000e+00 1.300570505950021487e-03
5.000000000000000278e-02 -1.436418782860886430e-02
1.000000000000000056e-01 -8.766840466908180918e-02
1.500000000000000222e-01 -2.561274498565883073e-01
2.000000000000000111e-01 -5.247692286197676026e-01
2.500000000000000000e-01 -8.719970118501151335e-01
2.999999999999999889e-01 -1.262580015625087482e+00
3.499999999999999778e-01 -1.649538236872640340e+00
3.999999999999999667e-01 -1.970032274234794878e+00
4.499999999999999556e-01 -2.149865622794535636e+00
4.999999999999999445e-01 -2.126766244742430700e+00
5.499999999999999334e-01 -1.881414561557204657e+00
5.999999999999999778e-01 -1.440890585867580231e+00
6.500000000000000222e-01 -8.559577252680644621e-01
7.000000000000000666e-01 -1.866451209629812480e-01
7.500000000000001110e-01 4.981867562389075133e-01
8.000000000000001554e-01 1.122995944413545777e+00
8.500000000000001998e-01 1.616132177100833234e+00
9.000000000000002442e-01 1.922843874681445575e+00
9.500000000000002887e-01 2.013497018263925131e+00
1.000000000000000222e+00 1.885127013305608390e+00
1.050000000000000266e+00 1.557915505630636632e+00
1.100000000000000311e+00 1.069957624653594896e+00
1.150000000000000355e+00 4.732663337717153418e-01
1.200000000000000400e+00 -1.687625228442594105e-01
1.250000000000000444e+00 -7.856725657579396449e-01
1.300000000000000488e+00 -1.308433037393231579e+00
1.350000000000000533e+00 -1.679701152757954175e+00
1.400000000000000577e+00 -1.861668480250818991e+00
1.450000000000000622e+00 -1.839390420102505752e+00
1.500000000000000666e+00 -1.620092804392106345e+00
1.550000000000000711e+00 -1.230445231542533380e+00
1.600000000000000755e+00 -7.135792824691956637e-01
1.650000000000000799e+00 -1.258441356839045400e-01
1.700000000000000844e+00 4.681166747141911610e-01
1.750000000000000888e+00 1.002675904767717618e+00
1.800000000000000933e+00 1.419655297140630879e+00
1.850000000000000977e+00 1.675574791999274948e+00
1.900000000000001021e+00 1.746060974013980749e+00
1.950000000000001066e+00 1.627206473925169927e+00
2.000000000000000888e+00 1.334785887120941261e+00
2.050000000000000711e+00 9.022753212120014910e-01
2.100000000000000533e+00 3.777753492298338567e-01
2.150000000000000355e+00 -1.806777895368266995e-01
2.200000000000000178e+00 -7.115439366821562084e-01
2.250000000000000000e+00 -1.157118437297354641e+00
2.299999999999999822e+00 -1.470316227705881884e+00
2.349999999999999645e+00 -1.619640916651604146e+00
2.399999999999999467e+00 -1.591876097696532710e+00
2.449999999999999289e+00 -1.392755693539516892e+00
2.499999999999999112e+00 -1.046021611497338188e+00
2.549999999999998934e+00 -5.909712583022203036e-01
2.599999999999998757e+00 -7.837036543513936637e-02
2.649999999999998579e+00 4.351667659400706989e-01
2.699999999999998401e+00 8.936901062012618802e-01
2.749999999999998224e+00 1.248283260839736064e+00
2.799999999999998046e+00 1.462304747121583759e+00
2.849999999999997868e+00 1.514941747107819037e+00
2.899999999999997691e+00 1.402966811382772461e+00
2.949999999999997513e+00 1.140778467272068664e+00
2.999999999999997335e+00 7.587614768249787423e-01
3.049999999999997158e+00 2.999727888826247413e-01
3.099999999999996980e+00 -1.846613864442857855e-01
3.149999999999996803e+00 -6.421142770227696861e-01
3.199999999999996625e+00 -1.023201715347106910e+00
3.249999999999996447e+00 -1.287892576666671340e+00
3.299999999999996270e+00 -1.409399389387862245e+00
3.349999999999996092e+00 -1.376743322601694519e+00
3.399999999999995914e+00 -1.195669856779981943e+00
3.449999999999995737e+00 -8.878620985893218576e-01
3.499999999999995559e+00 -4.884695223145018028e-01
3.549999999999995381e+00 -4.213835299809821217e-02
3.599999999999995204e+00 4.020256295791849732e-01
3.649999999999995026e+00 7.959292440214835729e-01
3.699999999999994849e+00 1.097714081021073040e+00
3.749999999999994671e+00 1.276147147056698294e+00
3.799999999999994493e+00 1.313772383625965601e+00
3.849999999999994316e+00 1.208569820658787597e+00
3.899999999999994138e+00 9.739829601282902205e-01
3.949999999999993960e+00 6.372927851361250839e-01
3.999999999999993783e+00 2.364827121332648274e-01
4.049999999999993605e+00 -1.840601512161877118e-01
4.099999999999993427e+00 -5.784918749517090619e-01
4.149999999999993250e+00 -9.045161785307599400e-01
4.199999999999993072e+00 -1.127889293508744561e+00
4.249999999999992895e+00 -1.225970261642427728e+00
4.299999999999992717e+00 -1.189983039629391337e+00
4.349999999999992539e+00 -1.025777462844501997e+00
4.399999999999992362e+00 -7.530095726672010326e-01
4.449999999999992184e+00 -4.028240223020508881e-01
4.499999999999992006e+00 -1.430040182959699605e-02
4.549999999999991829e+00 3.699187916370693663e-01
4.599999999999991651e+00 7.083095259499190277e-01
4.649999999999991473e+00 9.649359207108675340e-01
4.699999999999991296e+00 1.113238714273332208e+00
4.749999999999991118e+00 1.138761404266401822e+00
4.799999999999990941e+00 1.040542924936054048e+00
4.849999999999990763e+00 8.310373032916058555e-01
4.899999999999990585e+00 5.345755680127896037e-01
4.949999999999990408e+00 1.845509242504731473e-01
4.999999999999990230e+00 -1.803427367830520434e-01
5.049999999999990052e+00 -5.203855379567858819e-01
5.099999999999989875e+00 -7.991431097412963203e-01
5.149999999999989697e+00 -9.873523999863886846e-01
5.199999999999989519e+00 -1.065977233077046282e+00
5.249999999999989342e+00 -1.028120277814780659e+00
5.299999999999989164e+00 -8.795978136110719214e-01
5.349999999999988987e+00 -6.381270625440109701e-01
5.399999999999988809e+00 -3.312302634907036136e-01
5.449999999999988631e+00 6.896000734309344453e-03
5.499999999999988454e+00 3.391857858143402238e-01
5.549999999999988276e+00 6.297575728397672989e-01
5.599999999999988098e+00 8.477762779616977440e-01
5.649999999999987921e+00 9.707132033718033348e-01
5.699999999999987743e+00 9.866629486809121996e-01
5.749999999999987566e+00 8.954789752885616849e-01
5.799999999999987388e+00 7.086183761321773744e-01
5.849999999999987210e+00 4.477292034339317439e-01
5.899999999999987033e+00 1.421529253843993590e-01
5.949999999999986855e+00 -1.743683528299894703e-01
5.999999999999986677e+00 -4.674094997874497226e-01
6.049999999999986500e+00 -7.055967496077694134e-01
6.099999999999986322e+00 -8.639568830840049785e-01
6.149999999999986144e+00 -9.265261403228989279e-01
6.199999999999985967e+00 -8.879470086223504310e-01
6.249999999999985789e+00 -7.538931279101412919e-01
6.299999999999985612e+00 -5.402919057475282782e-01
6.349999999999985434e+00 -2.714466858438225327e-01
6.399999999999985256e+00 2.271997914035229355e-02
6.449999999999985079e+00 3.099886052846361206e-01
6.499999999999984901e+00 5.593631153771292386e-01
6.549999999999984723e+00 7.444071248408489216e-01
6.599999999999984546e+00 8.460386795683898509e-01
6.649999999999984368e+00 8.544884613194957401e-01
6.699999999999984190e+00 7.702206368347419563e-01
6.749999999999984013e+00 6.037310150089710836e-01
6.799999999999983835e+00 3.742613010554207142e-01
6.849999999999983658e+00 1.075858233206741787e-01
6.899999999999983480e+00 -1.668754374131314888e-01
6.949999999999983302e+00 -4.192952264275924268e-01
6.999999999999983125e+00 -6.226734759381445938e-01
7.049999999999982947e+00 -7.557182999625879916e-01
7.099999999999982769e+00 -8.050669831681813715e-01
7.149999999999982592e+00 -7.666157709340878368e-01
7.199999999999982414e+00 -6.458272098037721731e-01
7.249999999999982236e+00 -4.569968725976398249e-01
7.299999999999982059e+00 -2.215745358942155518e-01
7.349999999999981881e+00 3.426397900799088569e-02
7.399999999999981704e+00 2.825201347243202488e-01
7.449999999999981526e+00 4.964302575535022855e-01
7.499999999999981348e+00 6.533445929219848791e-01
7.549999999999981171e+00 7.371187939044413495e-01
7.599999999999980993e+00 7.397658061736538393e-01
7.649999999999980815e+00 6.621999323551641670e-01
7.699999999999980638e+00 5.140058680270443991e-01
7.749999999999980460e+00 3.122724243683607792e-01
7.799999999999980282e+00 7.963136441431334367e-02
7.849999999999980105e+00 -1.582745941102528808e-01
7.899999999999979927e+00 -3.756122404715851459e-01
7.949999999999979750e+00 -5.491572900324421802e-01
7.999999999999979572e+00 -6.607700538046535899e-01
8.049999999999979394e+00 -6.992840819252140738e-01
8.099999999999980105e+00 -6.616118679024833860e-01
8.149999999999980815e+00 -5.529594653398701709e-01
8.199999999999981526e+00 -3.861400455020008171e-01
8.249999999999982236e+00 -1.800741152179874682e-01
8.299999999999982947e+00 4.234913794266666198e-02
8.349999999999983658e+00 2.568083971143577671e-01
8.399999999999984368e+00 4.402043137647143056e-01
8.449999999999985079e+00 5.731421838051249384e-01
8.499999999999985789e+00 6.419769022764105770e-01
8.549999999999986500e+00 6.402051747352721645e-01
8.599999999999987210e+00 5.690638608472351478e-01
8.649999999999987921e+00 4.372814328406683937e-01
8.699999999999988631e+00 2.600220808801893546e-01
8.749999999999989342e+00 5.714879618778336001e-02
8.799999999999990052e+00 -1.489964924783604427e-01
8.849999999999990763e+00 -3.360483111628268516e-01
8.899999999999991473e+00 -4.840392517813915663e-01
8.949999999999992184e+00 -5.775261319464538579e-01
8.999999999999992895e+00 -6.071948939993723204e-01
9.049999999999993605e+00 -5.707782021081323487e-01
9.099999999999994316e+00 -4.731965859612851655e-01
9.149999999999995026e+00 -3.259193618778544743e-01
9.199999999999995737e+00 -1.456260609448915000e-01
9.249999999999996447e+00 4.767636456529694700e-02
9.299999999999997158e+00 2.328686751197366345e-01
9.349999999999997868e+00 3.900221303685350027e-01
9.399999999999998579e+00 5.025383571130768168e-01
9.449999999999999289e+00 5.588970274313577180e-01
9.500000000000000000e+00 5.538279181671307283e-01
9.550000000000000711e+00 4.887889669812817695e-01
9.600000000000001421e+00 3.717088376073316436e-01
9.650000000000002132e+00 2.160327732545000712e-01
9.700000000000002842e+00 3.918536524364233525e-02
9.750000000000003553e+00 -1.393747210810958592e-01
9.800000000000004263e+00 -3.002914332192682667e-01
9.850000000000004974e+00 -4.264052705241807018e-01
9.900000000000005684e+00 -5.045784239691569750e-01
9.950000000000006395e+00 -5.270575205485282799e-01
1.000000000000000711e+01 -4.922332928482553438e-01
1.005000000000000782e+01 -4.047238636868589201e-01
