0.000000000000000000e+00 1.300570505950021487e-03
1.000000000000000021e-02 1.171572662689308875e-03
2.000000000000000042e-02 5.246373971110119324e-04
2.999999999999999889e-02 -1.164855452451397325e-03
4.000000000000000083e-02 -4.430754825406927125e-03
5.000000000000000278e-02 -9.811466166372696460e-03
6.000000000000000472e-02 -1.783684226576323292e-02
7.000000000000000666e-02 -2.900764077492849063e-02
8.000000000000000167e-02 -4.377061445071996765e-02
8.999999999999999667e-02 -6.249369217418596079e-02
9.999999999999999167e-02 -8.544611237604068932e-02
1.099999999999999867e-01 -1.127876365577104578e-01
1.199999999999999817e-01 -1.445692792592684350e-01
1.299999999999999767e-01 -1.807457398362680989e-01
1.399999999999999856e-01 -2.211973439635503969e-01
1.499999999999999944e-01 -2.657574581816095627e-01
1.600000000000000033e-01 -3.142403479326419946e-01
1.700000000000000122e-01 -3.664642600636517922e-01
1.800000000000000211e-01 -4.222656692383326416e-01
1.900000000000000300e-01 -4.815029194686116787e-01
2.000000000000000389e-01 -5.440497054740892624e-01
2.100000000000000477e-01 -6.097809129517768323e-01
2.200000000000000566e-01 -6.785549866382553086e-01
2.300000000000000655e-01 -7.501974527536655613e-01
2.400000000000000744e-01 -8.244896273190811531e-01
2.500000000000000555e-01 -9.011650319230407602e-01
2.600000000000000644e-01 -9.799139589581880028e-01
2.700000000000000733e-01 -1.060394494285012534e+00
2.800000000000000822e-01 -1.142246535899699378e+00
2.900000000000000910e-01 -1.225104504584349385e+00
3.000000000000000999e-01 -1.308604666957648544e+00
3.100000000000001088e-01 -1.392384262115511806e+00
3.200000000000001177e-01 -1.476071588999773310e+00
3.300000000000001266e-01 -1.559268406111447902e+00
3.400000000000001354e-01 -1.641527455935452240e+00
3.500000000000001443e-01 -1.722330214075963983e+00
3.600000000000001532e-01 -1.801071043172322472e+00
3.700000000000001621e-01 -1.877051626226519554e+00
3.800000000000001710e-01 -1.949488413150882726e+00
3.900000000000001799e-01 -2.017533036432730409e+00
4.000000000000001887e-01 -2.080301454139682260e+00
4.100000000000001976e-01 -2.136906087149041511e+00
4.200000000000002065e-01 -2.186486300428832852e+00
4.300000000000002154e-01 -2.228234176601890937e+00
4.400000000000002243e-01 -2.261412078635911982e+00
4.500000000000002331e-01 -2.285360241022684313e+00
4.600000000000002420e-01 -2.299495964271924375e+00
4.700000000000002509e-01 -2.303274420370444275e+00
4.800000000000002598e-01 -2.296307269128967654e+00
4.900000000000002687e-01 -2.278549452305959733e+00
5.000000000000002220e-01 -2.250173078213924871e+00
5.100000000000002309e-01 -2.211414621666141223e+00
5.200000000000002398e-01 -2.162583322856777457e+00
5.300000000000002487e-01 -2.104066215467829348e+00
5.400000000000002576e-01 -2.036325484102246008e+00
5.500000000000002665e-01 -1.959886734914277673e+00
5.600000000000002753e-01 -1.875318857933840677e+00
5.700000000000002842e-01 -1.783206845915114691e+00
5.800000000000002931e-01 -1.684122413189252265e+00
5.900000000000003020e-01 -1.578598108963680469e+00
6.000000000000003109e-01 -1.467109154300875851e+00
6.100000000000003197e-01 -1.350066933904338518e+00
6.200000000000003286e-01 -1.227825657413378124e+00
6.300000000000003375e-01 -1.100700310073809751e+00
6.400000000000003464e-01 -9.689925670995264140e-01
6.500000000000003553e-01 -8.330197213446853821e-01
6.600000000000003642e-01 -6.931404145182256116e-01
6.700000000000003730e-01 -5.497727801088462263e-01
6.800000000000003819e-01 -4.034026283627118459e-01
6.900000000000003908e-01 -2.545806260635234408e-01
7.000000000000003997e-01 -1.039108796471518853e-01
7.100000000000004086e-01 4.796583621209790649e-02
7.200000000000004174e-01 2.003869415397933618e-01
7.300000000000004263e-01 3.526769318390474695e-01
7.400000000000004352e-01 5.041536172426638318e-01
7.500000000000004441e-01 6.541271822509722167e-01
7.600000000000004530e-01 8.018923062631282406e-01
7.700000000000004619e-01 9.467197386213405119e-01
7.800000000000004707e-01 1.087847575576051939e+00
7.900000000000004796e-01 1.224472498663024211e+00
8.000000000000004885e-01 1.355752788836928513e+00
8.100000000000004974e-01 1.480831017106164271e+00
8.200000000000005063e-01 1.598863540076293610e+00
8.300000000000005151e-01 1.709052519493518663e+00
8.400000000000005240e-01 1.810679349554120243e+00
8.500000000000005329e-01 1.903129726058668147e+00
8.600000000000005418e-01 1.985911695873123772e+00
8.700000000000005507e-01 2.058669442306921837e+00
8.800000000000005596e-01 2.121181734083556147e+00
8.900000000000005684e-01 2.173341270798340830e+00
9.000000000000005773e-01 2.215128726152075345e+00
9.100000000000005862e-01 2.246587013288586121e+00
9.200000000000005951e-01 2.267796514229247329e+00
9.300000000000006040e-01 2.278859388001655439e+00
9.400000000000006128e-01 2.279894556973692588e+00
9.500000000000006217e-01 2.271038526993925277e+00
9.600000000000006306e-01 2.252451567164168278e+00
9.700000000000006395e-01 2.224327718515300756e+00
9.800000000000006484e-01 2.186900938620482737e+00
9.900000000000006573e-01 2.140444501278518707e+00
1.000000000000000666e+00 2.085266548911758555e+00
1.010000000000000675e+00 2.021698187921875167e+00
1.020000000000000684e+00 1.950072588833175136e+00
1.030000000000000693e+00 1.870705025842084979e+00
1.040000000000000702e+00 1.783878172834686193e+00
1.050000000000000711e+00 1.689831323950021780e+00
1.060000000000000719e+00 1.588761073355653419e+00
1.070000000000000728e+00 1.480837542396387319e+00
1.080000000000000737e+00 1.366228717665812997e+00
1.090000000000000746e+00 1.245129810467429543e+00
1.100000000000000755e+00 1.117797364728777110e+00
1.110000000000000764e+00 9.845774962176456757e-01
1.120000000000000773e+00 8.459210981324294387e-01
1.130000000000000782e+00 7.023894275143268695e-01
1.140000000000000790e+00 5.546477186359416445e-01
1.150000000000000799e+00 4.034449975841835068e-01
1.160000000000000808e+00 2.495894424921822341e-01
1.170000000000000817e+00 9.392524729388655735e-02
1.180000000000000826e+00 -6.269014950057856528e-02
1.190000000000000835e+00 -2.194031925196504307e-01
1.200000000000000844e+00 -3.753694235822072067e-01
1.210000000000000853e+00 -5.297526463390644924e-01
1.220000000000000862e+00 -6.817231977479439875e-01
1.230000000000000870e+00 -8.304522794144814091e-01
1.240000000000000879e+00 -9.751075338379726620e-01
1.250000000000000888e+00 -1.114859604096059886e+00
1.260000000000000897e+00 -1.248896851270988151e+00
1.270000000000000906e+00 -1.376443845344110128e+00
1.280000000000000915e+00 -1.496787915627152410e+00
1.290000000000000924e+00 -1.609309146397461587e+00
1.300000000000000933e+00 -1.713501731112119009e+00
1.310000000000000941e+00 -1.808985670518516775e+00
1.320000000000000950e+00 -1.895509113938062207e+00
1.330000000000000959e+00 -1.972935198075687291e+00
1.340000000000000968e+00 -2.041215503736258707e+00
1.350000000000000977e+00 -2.100359565394491757e+00
1.360000000000000986e+00 -2.150402530929893530e+00
1.370000000000000995e+00 -2.191374560772935798e+00
1.380000000000001004e+00 -2.223282014800985529e+00
1.390000000000001013e+00 -2.246101729569124128e+00
1.400000000000001021e+00 -2.259785069086418741e+00
1.410000000000001030e+00 -2.264270683311491172e+00
1.420000000000001039e+00 -2.259502539068950711e+00
1.430000000000001048e+00 -2.245445336857536223e+00
1.440000000000001057e+00 -2.222093220966145921e+00
1.450000000000001066e+00 -2.189475530923099988e+00
1.460000000000001075e+00 -2.147656695456040765e+00
1.470000000000001084e+00 -2.096726509387799364e+00
1.480000000000001092e+00 -2.036789397773695942e+00
1.490000000000001101e+00 -1.967957315080967495e+00
1.500000000000001110e+00 -1.890343821006247316e+00
1.510000000000001119e+00 -1.804065404766167058e+00
1.520000000000001128e+00 -1.709256232910419060e+00
1.530000000000001137e+00 -1.606090297142400702e+00
1.540000000000001146e+00 -1.494806263578364325e+00
1.550000000000001155e+00 -1.375736027868394107e+00
1.560000000000001164e+00 -1.249328072467362105e+00
1.570000000000001172e+00 -1.116157210924855203e+00
1.580000000000001181e+00 -9.769230528087493592e-01
1.590000000000001190e+00 -8.324355042301510021e-01
1.600000000000001199e+00 -6.835858576837705591e-01
1.610000000000001208e+00 -5.313127469935059466e-01
1.620000000000001217e+00 -3.765704556370226275e-01
1.630000000000001226e+00 -2.202990422996545239e-01
1.640000000000001235e+00 -6.340193653765849313e-02
1.650000000000001243e+00 9.326198833415187683e-02
1.660000000000001252e+00 2.488784201787093142e-01
1.670000000000001261e+00 4.026748570768362567e-01
1.680000000000001270e+00 5.539121621366595027e-01
1.690000000000001279e+00 7.018753005696386493e-01
1.700000000000001288e+00 8.458727871193260084e-01
1.710000000000001297e+00 9.852431845705419411e-01
1.720000000000001306e+00 1.119363393194433343e+00
1.730000000000001315e+00 1.247663200434675046e+00
1.740000000000001323e+00 1.369644389589896205e+00
1.750000000000001332e+00 1.484893066545548868e+00
1.760000000000001341e+00 1.593084002132039600e+00
1.770000000000001350e+00 1.693978603151253814e+00
1.780000000000001359e+00 1.787410365654486410e+00
1.790000000000001368e+00 1.873258530946093847e+00
1.800000000000001377e+00 1.951419124785093606e+00
1.810000000000001386e+00 2.021775876294859664e+00
1.820000000000001394e+00 2.084173411477598048e+00
1.830000000000001403e+00 2.138402701199481282e+00
1.840000000000001412e+00 2.184200577915861530e+00
1.850000000000001421e+00 2.221258640332037348e+00
1.860000000000001430e+00 2.249243151139493246e+00
1.870000000000001439e+00 2.267823435169271651e+00
1.880000000000001448e+00 2.276698465907533109e+00
1.890000000000001457e+00 2.275617066921016729e+00
1.900000000000001465e+00 2.264393129710120522e+00
1.910000000000001474e+00 2.242912735787095713e+00
1.920000000000001483e+00 2.211130330195676841e+00
1.930000000000001492e+00 2.169061075111653025e+00
1.940000000000001501e+00 2.116774903236252836e+00
1.950000000000001510e+00 2.054389951711680151e+00
1.960000000000001519e+00 1.982069043168630085e+00
1.970000000000001528e+00 1.900026346513562947e+00
1.980000000000001537e+00 1.808540167393178688e+00
1.990000000000001545e+00 1.707967029381623369e+00
2.000000000000001332e+00 1.598758965442418578e+00
2.010000000000001119e+00 1.481477733792952112e+00
2.020000000000000906e+00 1.356797975943954349e+00
2.030000000000000693e+00 1.225500447090734246e+00
2.040000000000000480e+00 1.088454328043324315e+00
2.050000000000000266e+00 9.465861352877903423e-01
2.060000000000000053e+00 8.008425382216689536e-01
2.069999999999999840e+00 6.521553098685545224e-01
2.079999999999999627e+00 5.014091965100979653e-01
2.089999999999999414e+00 3.494185467540720236e-01
2.099999999999999201e+00 1.969200500538083876e-01
2.109999999999998987e+00 4.457721673411878249e-02
2.119999999999998774e+00 -1.070088047155033917e-01
2.129999999999998561e+00 -2.572816515037805174e-01
2.139999999999998348e+00 -4.057098519145215798e-01
2.149999999999998135e+00 -5.517742361539258455e-01
2.159999999999997922e+00 -6.949633444500203927e-01
2.169999999999997708e+00 -8.347725072139510205e-01
2.179999999999997495e+00 -9.707099538787230530e-01
2.189999999999997282e+00 -1.102308913959172854e+00
2.199999999999997069e+00 -1.229136675639752374e+00
2.209999999999996856e+00 -1.350798599695678837e+00
2.219999999999996643e+00 -1.466938556724616483e+00
2.229999999999996430e+00 -1.577230530439601708e+00
2.239999999999996216e+00 -1.681360198067251011e+00
2.249999999999996003e+00 -1.779004327885957748e+00
2.259999999999995790e+00 -1.869809886577953550e+00
2.269999999999995577e+00 -1.953374311548812914e+00
2.279999999999995364e+00 -2.029237101329995241e+00
2.289999999999995151e+00 -2.096885684232015823e+00
2.299999999999994937e+00 -2.155771020464071874e+00
2.309999999999994724e+00 -2.205334409152680752e+00
2.319999999999994511e+00 -2.245044344332209008e+00
2.329999999999994298e+00 -2.274431588565656970e+00
2.339999999999994085e+00 -2.293116241547349610e+00
2.349999999999993872e+00 -2.300828237861764602e+00
2.359999999999993658e+00 -2.297415968743054648e+00
2.369999999999993445e+00 -2.282839883977135997e+00
2.379999999999993232e+00 -2.257159059354433506e+00
2.389999999999993019e+00 -2.220517268350061357e+00
2.399999999999992806e+00 -2.173127379384741875e+00
2.409999999999992593e+00 -2.115258377791509492e+00
2.419999999999992379e+00 -2.047232965636278657e+00
2.429999999999992166e+00 -1.969431235822780346e+00
2.439999999999991953e+00 -1.882295414039282466e+00
2.449999999999991740e+00 -1.786338395748386709e+00
2.459999999999991527e+00 -1.682151251355308075e+00
2.469999999999991314e+00 -1.570401728353458815e+00
2.479999999999991100e+00 -1.451824942722517608e+00
2.489999999999990887e+00 -1.327207284490426353e+00
2.499999999999990674e+00 -1.197359828211607358e+00
2.509999999999990461e+00 -1.063085870071528660e+00
2.519999999999990248e+00 -9.251511992232247517e-01
2.529999999999990035e+00 -7.842582186953528378e-01
2.539999999999989821e+00 -6.410281004147102557e-01
2.549999999999989608e+00 -4.959987174123067777e-01
2.559999999999989395e+00 -3.496363902413371916e-01
2.569999999999989182e+00 -2.023555215258332207e-01
2.579999999999988969e+00 -5.454546328908813080e-02
2.589999999999988756e+00 9.339995540709414290e-02
2.599999999999988542e+00 2.410606432761466800e-01
2.609999999999988329e+00 3.879784101584277112e-01
2.619999999999988116e+00 5.336522035930517660e-01
2.629999999999987903e+00 6.775431210708868779e-01
2.639999999999987690e+00 8.190880942466729486e-01
2.649999999999987477e+00 9.577131723749481296e-01
2.659999999999987264e+00 1.092843122166107683e+00
2.669999999999987050e+00 1.223909109490245672e+00
2.679999999999986837e+00 1.350349202396212034e+00
2.689999999999986624e+00 1.471600358014923726e+00
2.699999999999986411e+00 1.587089574603205655e+00
2.709999999999986198e+00 1.696224859862493384e+00
2.719999999999985985e+00 1.798386085918962873e+00
2.729999999999985771e+00 1.892924328896573138e+00
2.739999999999985558e+00 1.979172211659619984e+00
2.749999999999985345e+00 2.056460985180629919e+00
2.759999999999985132e+00 2.124146477610471262e+00
2.769999999999984919e+00 2.181644243601284838e+00
2.779999999999984706e+00 2.228462924722672600e+00
2.789999999999984492e+00 2.264229669749659113e+00
2.799999999999984279e+00 2.288709314654956195e+00
2.809999999999984066e+00 2.301811099470543187e+00
2.819999999999983853e+00 2.303577688800479084e+00
2.829999999999983640e+00 2.294164514832536916e+00
2.839999999999983427e+00 2.273816582329422076e+00
2.849999999999983213e+00 2.242841650796639552e+00
2.859999999999983000e+00 2.201585439398911159e+00
2.869999999999982787e+00 2.150418621504980976e+00
2.879999999999982574e+00 2.089732586277054160e+00
2.889999999999982361e+00 2.019938798451221373e+00
2.899999999999982148e+00 1.941474836855216601e+00
2.909999999999981934e+00 1.854813516743163859e+00
2.919999999999981721e+00 1.760465259385222581e+00
2.929999999999981508e+00 1.658974314078162093e+00
2.939999999999981295e+00 1.550911012780805009e+00
2.949999999999981082e+00 1.436854949800875803e+00
2.959999999999980869e+00 1.317372890437956023e+00
2.969999999999980655e+00 1.192999647875104152e+00
2.979999999999980442e+00 1.064221624792023535e+00
2.989999999999980229e+00 9.314659419977533439e-01
2.999999999999980016e+00 7.951031809181998700e-01
3.009999999999979803e+00 6.554628659338822549e-01
3.019999999999979590e+00 5.128558919804069305e-01
3.029999999999979376e+00 3.676046218855290593e-01
3.039999999999979163e+00 2.200771281855680439e-01
3.049999999999978950e+00 7.071335193813109432e-02
3.059999999999978737e+00 -7.996063671255879135e-02
3.069999999999978524e+00 -2.313281103297211705e-01
3.079999999999978311e+00 -3.826907478870312795e-01
3.089999999999978098e+00 -5.332908648031535748e-01
3.099999999999977884e+00 -6.823365178248770313e-01
3.109999999999977671e+00 -8.290242705729857775e-01
3.119999999999977458e+00 -9.725595845523878902e-01
3.129999999999977245e+00 -1.112168535315124718e+00
3.139999999999977032e+00 -1.247098819490167321e+00
3.149999999999976819e+00 -1.376616966793325014e+00
3.159999999999976605e+00 -1.500003441800606963e+00
3.169999999999976392e+00 -1.616546240307310978e+00
3.179999999999976179e+00 -1.725541612690501436e+00
3.189999999999975966e+00 -1.826304540464664061e+00
3.199999999999975753e+00 -1.918183254182965092e+00
3.209999999999975540e+00 -2.000580442854090979e+00
3.219999999999975326e+00 -2.072982053999270047e+00
3.229999999999975113e+00 -2.134982370447621403e+00
3.239999999999974900e+00 -2.186300889995287378e+00
3.249999999999974687e+00 -2.226793886656235788e+00
3.259999999999974474e+00 -2.256454550658554492e+00
3.269999999999974261e+00 -2.275395751609266437e+00
3.279999999999974047e+00 -2.283823122837212782e+00
3.289999999999973834e+00 -2.282005649548347836e+00
3.299999999999973621e+00 -2.270242238937156376e+00
3.309999999999973408e+00 -2.248831012374167049e+00
3.319999999999973195e+00 -2.218052359342489233e+00
3.329999999999972982e+00 -2.178163457183589280e+00
3.339999999999972768e+00 -2.129400090381111887e+00
3.349999999999972555e+00 -2.071988732892508622e+00
3.359999999999972342e+00 -2.006163692312697755e+00
3.369999999999972129e+00 -1.932178963898342428e+00
3.379999999999971916e+00 -1.850315181428164424e+00
3.389999999999971703e+00 -1.760881960388577250e+00
3.399999999999971489e+00 -1.664210340957006595e+00
3.409999999999971276e+00 -1.560640015924990021e+00
3.419999999999971063e+00 -1.450509453331342735e+00
3.429999999999970850e+00 -1.334147457397581116e+00
3.439999999999970637e+00 -1.211868092238110872e+00
3.449999999999970424e+00 -1.083977565351871508e+00
3.459999999999970210e+00 -9.507905924136942355e-01
3.469999999999969997e+00 -8.126495275322220824e-01
3.479999999999969784e+00 -6.699489405282624821e-01
3.489999999999969571e+00 -5.231627212382931047e-01
3.499999999999969358e+00 -3.728628871301640779e-01
3.509999999999969145e+00 -2.197274461511233845e-01
3.519999999999968932e+00 -6.453911509625713527e-02
3.529999999999968718e+00 9.182894814638392633e-02
3.539999999999968505e+00 2.484410535430435218e-01
3.549999999999968292e+00 4.043314527685227810e-01
3.559999999999968079e+00 5.585361640965470498e-01
3.569999999999967866e+00 7.101230313720573450e-01
3.579999999999967653e+00 8.582122202201435401e-01
3.589999999999967439e+00 1.001984178983287066e+00
3.599999999999967226e+00 1.140680760688401074e+00
3.609999999999967013e+00 1.273600083690706875e+00
3.619999999999966800e+00 1.400085943639403530e+00
3.629999999999966587e+00 1.519521594630347749e+00
3.639999999999966374e+00 1.631331406640141868e+00
3.649999999999966160e+00 1.734985247711115397e+00
3.659999999999965947e+00 1.830008961038165793e+00
3.669999999999965734e+00 1.916002697664150878e+00
3.679999999999965521e+00 1.992656458452363388e+00
3.689999999999965308e+00 2.059758353904493244e+00
3.699999999999965095e+00 2.117199414527236812e+00
3.709999999999964881e+00 2.164969870812108788e+00
3.719999999999964668e+00 2.203141029857231814e+00
3.729999999999964455e+00 2.231839805968552248e+00
3.739999999999964242e+00 2.251220836261488056e+00
3.749999999999964029e+00 2.261434290147068094e+00
3.759999999999963816e+00 2.262597373781453314e+00
3.769999999999963602e+00 2.254780330602048188e+00
3.779999999999963389e+00 2.238004479606487518e+00
3.789999999999963176e+00 2.212248478337694113e+00
3.799999999999962963e+00 2.177466663603595087e+00
3.809999999999962750e+00 2.133615517353923519e+00
3.819999999999962537e+00 2.080678373555870042e+00
3.829999999999962323e+00 2.018687125927058901e+00
3.839999999999962110e+00 1.947737630981345669e+00
3.849999999999961897e+00 1.867991574507561481e+00
3.859999999999961684e+00 1.779669306581198152e+00
3.869999999999961471e+00 1.683041311093203207e+00
3.879999999999961258e+00 1.578417275511589501e+00
3.889999999999961044e+00 1.466136379828433478e+00
3.899999999999960831e+00 1.346568219526997900e+00
3.909999999999960618e+00 1.220122464591660405e+00
3.919999999999960405e+00 1.087261306026368279e+00
3.929999999999960192e+00 9.485164723874566217e-01
3.939999999999959979e+00 8.045080100816475177e-01
3.949999999999959766e+00 6.559546063636577662e-01
3.959999999999959552e+00 5.036732304378878089e-01
3.969999999999959339e+00 3.485706085950743272e-01
3.979999999999959126e+00 1.916224787151982190e-01
3.989999999999958913e+00 3.384133285231543525e-02
3.999999999999958700e+00 -1.237586407661933480e-01
4.009999999999958931e+00 -2.801961218118217412e-01
4.019999999999958717e+00 -4.345545478702009801e-01
4.029999999999958504e+00 -5.860031426845569991e-01
4.039999999999958291e+00 -7.338037875999753323e-01
4.049999999999958078e+00 -8.773084781615266836e-01
4.059999999999957865e+00 -1.015947890651590413e+00
4.069999999999957652e+00 -1.149211519664318004e+00
4.079999999999957438e+00 -1.276629855363985877e+00
4.089999999999957225e+00 -1.397764123537331926e+00
4.099999999999957012e+00 -1.512200083899511771e+00
4.109999999999956799e+00 -1.619549257094655470e+00
4.119999999999956586e+00 -1.719460007746676178e+00
4.129999999999956373e+00 -1.811629106052883742e+00
4.139999999999956160e+00 -1.895808098669425013e+00
4.149999999999955946e+00 -1.971806708141959463e+00
4.159999999999955733e+00 -2.039489011564600940e+00
4.169999999999955520e+00 -2.098758027797889447e+00
4.179999999999955307e+00 -2.149534924174914874e+00
4.189999999999955094e+00 -2.191737804765312880e+00
4.199999999999954881e+00 -2.225259716200806093e+00
4.209999999999954667e+00 -2.249951377159420840e+00
4.219999999999954454e+00 -2.265615800847319505e+00
4.229999999999954241e+00 -2.272013444978402852e+00
4.239999999999954028e+00 -2.268876595672375984e+00
4.249999999999953815e+00 -2.255935262885774506e+00
4.259999999999953602e+00 -2.232948963187352920e+00
4.269999999999953388e+00 -2.199736329473987340e+00
4.279999999999953175e+00 -2.156201371680900092e+00
4.289999999999952962e+00 -2.102352709787457474e+00
4.299999999999952749e+00 -2.038309080316226041e+00
4.309999999999952536e+00 -1.964293200692277086e+00
4.319999999999952323e+00 -1.880620508053672202e+00
4.329999999999952109e+00 -1.787682804736569819e+00
4.339999999999951896e+00 -1.685930261348181469e+00
4.349999999999951683e+00 -1.575861635993900833e+00
4.359999999999951470e+00 -1.458022482810360509e+00
4.369999999999951257e+00 -1.333006530835657788e+00
4.379999999999951044e+00 -1.201462431025948296e+00
4.389999999999950830e+00 -1.064103505484554901e+00
4.399999999999950617e+00 -9.217111778160940183e-01
4.409999999999950404e+00 -7.751302655102023653e-01
4.419999999999950191e+00 -6.252585308468090464e-01
4.429999999999949978e+00 -4.730267039588966771e-01
4.439999999999949765e+00 -3.193693574915090760e-01
4.449999999999949551e+00 -1.651948559361144375e-01
4.459999999999949338e+00 -1.135747923283200733e-02
4.469999999999949125e+00 1.413677574891554212e-01
4.479999999999948912e+00 2.923006246218388671e-01
4.489999999999948699e+00 4.408573570730283664e-01
4.499999999999948486e+00 5.865429446481219555e-01
4.509999999999948272e+00 7.289344014721352849e-01
4.519999999999948059e+00 8.676543844159047003e-01
4.529999999999947846e+00 1.002344292854156604e+00
4.539999999999947633e+00 1.132643276836687640e+00
4.549999999999947420e+00 1.258172474424242404e+00
4.559999999999947207e+00 1.378528099409965124e+00
4.569999999999946994e+00 1.493287346632143908e+00
4.579999999999946780e+00 1.602020676909304830e+00
4.589999999999946567e+00 1.704303976007472299e+00
4.599999999999946354e+00 1.799731265641022038e+00
4.609999999999946141e+00 1.887922542427103556e+00
4.619999999999945928e+00 1.968520602346353510e+00
4.629999999999945715e+00 2.041181382743541217e+00
4.639999999999945501e+00 2.105562161810940136e+00
4.649999999999945288e+00 2.161307575221000032e+00
4.659999999999945075e+00 2.208038646051860177e+00
4.669999999999944862e+00 2.245352531768659343e+00
4.679999999999944649e+00 2.272832313368937207e+00
4.689999999999944436e+00 2.290065105791669442e+00
4.699999999999944222e+00 2.296670798003598524e+00
4.709999999999944009e+00 2.292336078520612830e+00
4.719999999999943796e+00 2.276844921839592750e+00
4.729999999999943583e+00 2.250103548879783144e+00
4.739999999999943370e+00 2.212157097422083218e+00
4.749999999999943157e+00 2.163191218724620057e+00
4.759999999999942943e+00 2.103520033305354087e+00
4.769999999999942730e+00 2.033567191915333083e+00
4.779999999999942517e+00 1.953839732472631541e+00
4.789999999999942304e+00 1.864898596553108190e+00
4.799999999999942091e+00 1.767336804503924830e+00
4.809999999999941878e+00 1.661766872113750626e+00
4.819999999999941664e+00 1.548814017517385011e+00
4.829999999999941451e+00 1.429118097633641504e+00
4.839999999999941238e+00 1.303342899316579873e+00
4.849999999999941025e+00 1.172182187865850933e+00
4.859999999999940812e+00 1.036359234919402406e+00
4.869999999999940599e+00 8.966221726729738384e-01
4.879999999999940385e+00 7.537305760412612576e-01
4.889999999999940172e+00 6.084327009232605166e-01
4.899999999999939959e+00 4.614418956282092532e-01
4.909999999999939746e+00 3.134164562337541371e-01
4.919999999999939533e+00 1.649432125291947493e-01
4.929999999999939320e+00 1.653083270699711588e-02
4.939999999999939106e+00 -1.313832168793959976e-01
4.949999999999938893e+00 -2.784169037640493172e-01
4.959999999999938680e+00 -4.242206959640247299e-01
4.969999999999938467e+00 -5.684475449825397986e-01
4.979999999999938254e+00 -7.107239177918061035e-01
4.989999999999938041e+00 -8.506284467543387962e-01
4.999999999999937828e+00 -9.876775129016956978e-01
5.009999999999937614e+00 -1.121320899728782461e+00
5.019999999999937401e+00 -1.250952011126200025e+00
5.029999999999937188e+00 -1.375926134692918357e+00
5.039999999999936975e+00 -1.495580540999300379e+00
5.049999999999936762e+00 -1.609257159885363331e+00
5.059999999999936549e+00 -1.716321782642935334e+00
5.069999999999936335e+00 -1.816172368600801112e+00
5.079999999999936122e+00 -1.908239576138973215e+00
5.089999999999935909e+00 -1.991983649358775033e+00
5.099999999999935696e+00 -2.066886979593420381e+00
5.109999999999935483e+00 -2.132447479264501400e+00
5.119999999999935270e+00 -2.188180683733524923e+00
5.129999999999935056e+00 -2.233629470317108012e+00
5.139999999999934843e+00 -2.268379877581806703e+00
5.149999999999934630e+00 -2.292084817478818870e+00
5.159999999999934417e+00 -2.304490618914324607e+00
5.169999999999934204e+00 -2.305458847298654135e+00
5.179999999999933991e+00 -2.294982487522653436e+00
5.189999999999933777e+00 -2.273194336935801196e+00
5.199999999999933564e+00 -2.240360958117594947e+00
5.209999999999933351e+00 -2.196864690129953779e+00
5.219999999999933138e+00 -2.143180124808889975e+00
5.229999999999932925e+00 -2.079843715592421205e+00
5.239999999999932712e+00 -2.007420004997128693e+00
5.249999999999932498e+00 -1.926475059031927950e+00
5.259999999999932285e+00 -1.837559445413296855e+00
5.269999999999932072e+00 -1.741197534532300528e+00
5.279999999999931859e+00 -1.637887293929218391e+00
5.289999999999931646e+00 -1.528111488991280797e+00
5.299999999999931433e+00 -1.412349962035308604e+00
5.309999999999931219e+00 -1.291089121985572241e+00
5.319999999999931006e+00 -1.164829864129122372e+00
5.329999999999930793e+00 -1.034088318221860092e+00
5.339999999999930580e+00 -8.993869516160674094e-01
5.349999999999930367e+00 -7.612420214505852822e-01
5.359999999999930154e+00 -6.201513530254766371e-01
5.369999999999929940e+00 -4.765831057115443858e-01
5.379999999999929727e+00 -3.309715563524067150e-01
5.389999999999929514e+00 -1.837241604459816935e-01
5.399999999999929301e+00 -3.523609987929300635e-02
5.409999999999929088e+00 1.140887402111606663e-01
5.419999999999928875e+00 2.638106591159606329e-01
5.429999999999928662e+00 4.134288644191723150e-01
5.439999999999928448e+00 5.623643615621574110e-01
5.449999999999928235e+00 7.099501245607637845e-01
5.459999999999928022e+00 8.554323702710661115e-01
5.469999999999927809e+00 9.979876766509737651e-01
5.479999999999927596e+00 1.136749448108798743e+00
5.489999999999927383e+00 1.270837868907667145e+00
5.499999999999927169e+00 1.399392789365737411e+00
5.509999999999926956e+00 1.521603165587612772e+00
5.519999999999926743e+00 1.636725155072957572e+00
5.529999999999926530e+00 1.744089823055125166e+00
5.539999999999926317e+00 1.843103339036345600e+00
5.549999999999926104e+00 1.933238485991055189e+00
5.559999999999925890e+00 2.014023338360372062e+00
5.569999999999925677e+00 2.085035099144214588e+00
5.579999999999925464e+00 2.145899066834447755e+00
5.589999999999925251e+00 2.196294726204242931e+00
5.599999999999925038e+00 2.235970943096547536e+00
5.609999999999924825e+00 2.264764293241516846e+00
5.619999999999924611e+00 2.282614021454317133e+00
5.629999999999924398e+00 2.289572595781147690e+00
5.639999999999924185e+00 2.285808665819061503e+00
5.649999999999923972e+00 2.271595667574555222e+00
5.659999999999923759e+00 2.247289289564048609e+00
5.669999999999923546e+00 2.213300822313120975e+00
5.679999999999923332e+00 2.170065398918026300e+00
5.689999999999923119e+00 2.118008636969574976e+00
5.699999999999922906e+00 2.057522388177622119e+00
5.709999999999922693e+00 1.988952049415712686e+00
5.719999999999922480e+00 1.912591869557478175e+00
5.729999999999922267e+00 1.828691982082329526e+00
5.739999999999922053e+00 1.737478011871626427e+00
5.749999999999921840e+00 1.639173620764301287e+00
5.759999999999921627e+00 1.534021329291461067e+00
5.769999999999921414e+00 1.422301060826768992e+00
5.779999999999921201e+00 1.304340731583207180e+00
5.789999999999920988e+00 1.180515634474449405e+00
5.799999999999920774e+00 1.051241601062360420e+00
5.809999999999920561e+00 9.169653947434632801e-01
5.819999999999920348e+00 7.781529745080471017e-01
5.829999999999920135e+00 6.352830047772213273e-01
5.839999999999919922e+00 4.888494193620111505e-01
5.849999999999919709e+00 3.393697752674507684e-01
5.859999999999919496e+00 1.873996677519289278e-01
5.869999999999919282e+00 3.355190080707473599e-02
5.879999999999919069e+00 -1.214869529927231212e-01
5.889999999999918856e+00 -2.769487258838308485e-01
5.899999999999918643e+00 -4.319839640812144776e-01
5.909999999999918430e+00 -5.856721330498386724e-01
5.919999999999918217e+00 -7.370454089367711736e-01
5.929999999999918003e+00 -8.851200574217777950e-01
5.939999999999917790e+00 -1.028929661847105104e+00
5.949999999999917577e+00 -1.167559153482031986e+00
5.959999999999917364e+00 -1.300174058847537228e+00
5.969999999999917151e+00 -1.426038750630181484e+00
5.979999999999916938e+00 -1.544523765826218975e+00
5.989999999999916724e+00 -1.655103391421092862e+00
5.999999999999916511e+00 -1.757343039561755971e+00
6.009999999999916298e+00 -1.850881926437303981e+00
6.019999999999916085e+00 -1.935417547515115855e+00
6.029999999999915872e+00 -2.010693087200964069e+00
6.039999999999915659e+00 -2.076491150140396869e+00
6.049999999999915445e+00 -2.132637208169169352e+00
6.059999999999915232e+00 -2.179008351530010046e+00
6.069999999999915019e+00 -2.215541328038682867e+00
6.079999999999914806e+00 -2.242239971625705763e+00
6.089999999999914593e+00 -2.259178356370314944e+00
6.099999999999914380e+00 -2.266492367287566978e+00
6.109999999999914166e+00 -2.264362407889879858e+00
6.119999999999913953e+00 -2.252992599750616165e+00
6.129999999999913740e+00 -2.232586457042973205e+00
6.139999999999913527e+00 -2.203322052143374510e+00
6.149999999999913314e+00 -2.165335253799242299e+00
6.159999999999913101e+00 -2.118714221499919059e+00
6.169999999999912887e+00 -2.063502159586140472e+00
6.179999999999912674e+00 -1.999711084964715280e+00
6.189999999999912461e+00 -1.927347132093758741e+00
6.199999999999912248e+00 -1.846439226415132806e+00
6.209999999999912035e+00 -1.757067112248899221e+00
6.219999999999911822e+00 -1.659387112566057088e+00
6.229999999999911608e+00 -1.553649047633812286e+00
6.239999999999911395e+00 -1.440200413709949778e+00
6.249999999999911182e+00 -1.319481124910201197e+00
6.259999999999910969e+00 -1.192010752334016654e+00
6.269999999999910756e+00 -1.058369573760511440e+00
6.279999999999910543e+00 -9.191812215938971464e-01
6.289999999999910330e+00 -7.751024419384199282e-01
6.299999999999910116e+00 -6.268188810319078597e-01
6.309999999999909903e+00 -4.750476101696427533e-01
6.319999999999909690e+00 -3.205468387701218558e-01
6.329999999999909477e+00 -1.641260440598836245e-01
6.339999999999909264e+00 -6.649746718240507649e-03
6.349999999999909051e+00 1.509654233765787557e-01
6.359999999999908837e+00 3.077627117241522048e-01
6.369999999999908624e+00 4.627690165818964529e-01
6.379999999999908411e+00 6.150257659933012766e-01
6.389999999999908198e+00 7.636210235063738416e-01
6.399999999999907985e+00 9.077201047800624867e-01
6.409999999999907772e+00 1.046590282074742584e+00
6.419999999999907558e+00 1.179613698637392627e+00
6.429999999999907345e+00 1.306288024046341256e+00
6.439999999999907132e+00 1.426216619340886727e+00
6.449999999999906919e+00 1.539087945149991699e+00
6.459999999999906706e+00 1.644649085224678231e+00
6.469999999999906493e+00 1.742680476672984202e+00
6.479999999999906279e+00 1.832974300659763633e+00
6.489999999999906066e+00 1.915320038281145054e+00
6.499999999999905853e+00 1.989501576570714025e+00
6.509999999999905640e+00 2.055303521851983284e+00
6.519999999999905427e+00 2.112521310724265522e+00
6.529999999999905214e+00 2.160973541598533387e+00
6.539999999999905000e+00 2.200512514113307283e+00
6.549999999999904787e+00 2.231026092832507857e+00
6.559999999999904574e+00 2.252430781240499336e+00
6.569999999999904361e+00 2.264659947429600084e+00
6.579999999999904148e+00 2.267648039645973057e+00
6.589999999999903935e+00 2.261313932064928256e+00
6.599999999999903721e+00 2.245551644428064986e+00
6.609999999999903508e+00 2.220231356525376842e+00
6.619999999999903295e+00 2.185209308989861210e+00
6.629999999999903082e+00 2.140348143185488716e+00
6.639999999999902869e+00 2.085545885945625066e+00
6.649999999999902656e+00 2.020766713528992398e+00
6.659999999999902442e+00 1.946068628536618883e+00
6.669999999999902229e+00 1.861625756593790149e+00
6.679999999999902016e+00 1.767740606532657299e+00
6.689999999999901803e+00 1.664842960113204651e+00
6.699999999999901590e+00 1.553478570095628397e+00
6.709999999999901377e+00 1.434289709364972465e+00
6.719999999999901164e+00 1.307988994237098135e+00
6.729999999999900950e+00 1.175333089584960522e+00
6.739999999999900737e+00 1.037101981901580983e+00
6.749999999999900524e+00 8.940846972563193384e-01
6.759999999999900311e+00 7.470725175041090793e-01
6.769999999999900098e+00 5.968612826907150337e-01
6.779999999999899885e+00 4.442576231077920434e-01
6.789999999999899671e+00 2.900826185599612028e-01
6.799999999999899458e+00 1.351718294093736672e-01
6.809999999999899245e+00 -1.963099701097083608e-02
6.819999999999899032e+00 -1.734899881759672524e-01
6.829999999999898819e+00 -3.256001176664063967e-01
6.839999999999898606e+00 -4.752106433657966034e-01
6.849999999999898392e+00 -6.216467040109225906e-01
6.859999999999898179e+00 -7.643260616257985252e-01
6.869999999999897966e+00 -9.027639923952053280e-01
6.879999999999897753e+00 -1.036566027685069447e+00
6.889999999999897540e+00 -1.165411793501706761e+00
6.899999999999897327e+00 -1.289030678816225572e+00
6.909999999999897113e+00 -1.407172466629829310e+00
6.919999999999896900e+00 -1.519579420609477038e+00
6.929999999999896687e+00 -1.625964509362054722e+00
6.939999999999896474e+00 -1.725996871969619706e+00
6.949999999999896261e+00 -1.819298061166126690e+00
6.959999999999896048e+00 -1.905450264774817271e+00
6.969999999999895834e+00 -1.984011686098862803e+00
6.979999999999895621e+00 -2.054536567662054392e+00
6.989999999999895408e+00 -2.116596541956209165e+00
6.999999999999895195e+00 -2.169796776661741866e+00
7.009999999999894982e+00 -2.213783440030882232e+00
7.019999999999894769e+00 -2.248244083477825228e+00
7.029999999999894555e+00 -2.272901996070643360e+00
7.039999999999894342e+00 -2.287505789362373587e+00
7.049999999999894129e+00 -2.291821901849572463e+00
7.059999999999893916e+00 -2.285635136493925135e+00
7.069999999999893703e+00 -2.268756545941606806e+00
7.079999999999893490e+00 -2.241039865075655779e+00
7.089999999999893276e+00 -2.202406232902305749e+00
7.099999999999893063e+00 -2.152870805410238564e+00
7.109999999999892850e+00 -2.092564857061860906e+00
7.119999999999892637e+00 -2.021751717008386073e+00
7.129999999999892424e+00 -1.940832309514709308e+00
7.139999999999892211e+00 -1.850336604797434115e+00
7.149999999999891998e+00 -1.750904755968246906e+00
7.159999999999891784e+00 -1.643260187510598769e+00
7.169999999999891571e+00 -1.528176634972836734e+00
7.179999999999891358e+00 -1.406445817320622016e+00
7.189999999999891145e+00 -1.278851307963318362e+00
7.199999999999890932e+00 -1.146149494183529516e+00
7.209999999999890719e+00 -1.009059190453738708e+00
7.219999999999890505e+00 -8.682635970938242798e-01
7.229999999999890292e+00 -7.244195896060076079e-01
7.239999999999890079e+00 -5.781675972369669791e-01
7.249999999999889866e+00 -4.301421840532110852e-01
7.259999999999889653e+00 -2.809790943236814553e-01
7.269999999999889440e+00 -1.313120191296321126e-01
7.279999999999889226e+00 1.823919373750351042e-02
7.289999999999889013e+00 1.670823104961265126e-01
7.299999999999888800e+00 3.146674135407260819e-01
7.309999999999888587e+00 4.605002279834632950e-01
7.319999999999888374e+00 6.041448837711282938e-01
7.329999999999888161e+00 7.452142886045048931e-01
7.339999999999887947e+00 8.833528206638455726e-01
7.349999999999887734e+00 1.018211999518296551e+00
7.359999999999887521e+00 1.149421299941942864e+00
7.369999999999887308e+00 1.276562799991870945e+00
7.379999999999887095e+00 1.399155058387889339e+00
7.389999999999886882e+00 1.516645693718094323e+00
7.399999999999886668e+00 1.628416149898991083e+00
7.409999999999886455e+00 1.733799531604594879e+00
7.419999999999886242e+00 1.832105239661086626e+00
7.429999999999886029e+00 1.922647243444653986e+00
7.439999999999885816e+00 2.004773896957630974e+00
7.449999999999885603e+00 2.077892489103795981e+00
7.459999999999885389e+00 2.141483627060220218e+00
7.469999999999885176e+00 2.195108120571455768e+00
7.479999999999884963e+00 2.238406763520794485e+00
7.489999999999884750e+00 2.271091396841482535e+00
7.499999999999884537e+00 2.292934555599479562e+00
7.509999999999884324e+00 2.303764188515784017e+00
7.519999999999884110e+00 2.303462890383588757e+00
7.529999999999883897e+00 2.291973535974614062e+00
7.539999999999883684e+00 2.269313666813148611e+00
7.549999999999883471e+00 2.235593332044407244e+00
7.559999999999883258e+00 2.191029472853615268e+00
7.569999999999883045e+00 2.135954744483106182e+00
7.579999999999882832e+00 2.070816966482157628e+00
7.589999999999882618e+00 1.996165649621984839e+00
7.599999999999882405e+00 1.912629022452275951e+00
7.609999999999882192e+00 1.820884517492734167e+00
7.619999999999881979e+00 1.721624465426702777e+00
7.629999999999881766e+00 1.615524461353168739e+00
7.639999999999881553e+00 1.503220432888479952e+00
7.649999999999881339e+00 1.385293426851013754e+00
7.659999999999881126e+00 1.262264250346804451e+00
7.669999999999880913e+00 1.134601961952960814e+00
7.679999999999880700e+00 1.002740264552242300e+00
7.689999999999880487e+00 8.670950343443867281e-01
7.699999999999880274e+00 7.280841196268326154e-01
7.709999999999880060e+00 5.861458240099327588e-01
7.719999999999879847e+00 4.417471360504226507e-01
7.729999999999879634e+00 2.953823779949030226e-01
7.739999999999879421e+00 1.475680642344795457e-01
7.749999999999879208e+00 -1.167302920744055054e-03
7.759999999999878995e+00 -1.502967396144061218e-01
7.769999999999878781e+00 -2.993016886062186410e-01
7.779999999999878568e+00 -4.476696576314891374e-01
7.789999999999878355e+00 -5.948858598333675030e-01
7.799999999999878142e+00 -7.404172603771733696e-01
7.809999999999877929e+00 -8.836908999837070899e-01
7.819999999999877716e+00 -1.024076006919555137e+00
7.829999999999877502e+00 -1.160874527823978042e+00
7.839999999999877289e+00 -1.293320284148242738e+00
7.849999999999877076e+00 -1.420591463188642933e+00
7.859999999999876863e+00 -1.541836523431010075e+00
7.869999999999876650e+00 -1.656205385453499712e+00
7.879999999999876437e+00 -1.762882688117551666e+00
7.889999999999876223e+00 -1.861122023841980111e+00
7.899999999999876010e+00 -1.950272672339828706e+00
7.909999999999875797e+00 -2.029793847421159647e+00
7.919999999999875584e+00 -2.099260357885443185e+00
7.929999999999875371e+00 -2.158359545088678555e+00
7.939999999999875158e+00 -2.206877726322296063e+00
7.949999999999874944e+00 -2.244682870053719359e+00
7.959999999999874731e+00 -2.271709948593500616e+00
7.969999999999874518e+00 -2.287949061756038294e+00
7.979999999999874305e+00 -2.293438553627052734e+00
7.989999999999874092e+00 -2.288266842774500542e+00
7.999999999999873879e+00 -2.272580058618605126e+00
8.009999999999873666e+00 -2.246590665074903903e+00
8.019999999999873452e+00 -2.210584632653306070e+00
8.029999999999873239e+00 -2.164922248263960736e+00
8.039999999999873026e+00 -2.110028507656928287e+00
8.049999999999872813e+00 -2.046374895305431263e+00
8.059999999999872600e+00 -1.974454454128165448e+00
8.069999999999872387e+00 -1.894751883826029548e+00
8.079999999999872173e+00 -1.807716737752613545e+00
8.089999999999871960e+00 -1.713746431425500649e+00
8.099999999999871747e+00 -1.613178366143088294e+00
8.109999999999871534e+00 -1.506293318217234223e+00
8.119999999999871321e+00 -1.393333333074117775e+00
8.129999999999871108e+00 -1.274527795584487366e+00
8.139999999999870894e+00 -1.150119645148854230e+00
8.149999999999870681e+00 -1.020391729720519836e+00
8.159999999999870468e+00 -8.856901332521986969e-01
8.169999999999870255e+00 -7.464358076469261860e-01
8.179999999999870042e+00 -6.031255239475928898e-01
8.189999999999869829e+00 -4.563267858246937703e-01
8.199999999999869615e+00 -3.066649402804066948e-01
8.209999999999869402e+00 -1.548052265247940318e-01
8.219999999999869189e+00 -1.438108593552352892e-03
8.229999999999868976e+00 1.527295396380743964e-01
8.239999999999868763e+00 3.069783988705467315e-01
8.249999999999868550e+00 4.605728457468049597e-01
8.259999999999868336e+00 6.127505558613804970e-01
8.269999999999868123e+00 7.627138269848248164e-01
8.279999999999867910e+00 9.096253820862114647e-01
8.289999999999867697e+00 1.052610084470030793e+00
8.299999999999867484e+00 1.190768818911706273e+00
8.309999999999867271e+00 1.323204559471451436e+00
8.319999999999867057e+00 1.449053266074816548e+00
8.329999999999866844e+00 1.567516303826477442e+00
8.339999999999866631e+00 1.677892454133865119e+00
8.349999999999866418e+00 1.779600740704533779e+00
8.359999999999866205e+00 1.872189248088630187e+00
8.369999999999865992e+00 1.955333663260842014e+00
8.379999999999865778e+00 2.028825892792981644e+00
8.389999999999865565e+00 2.092552043879548407e+00
8.399999999999865352e+00 2.146466478604942107e+00
8.409999999999865139e+00 2.190568823435762535e+00
8.419999999999864926e+00 2.224884420592931455e+00
8.429999999999864713e+00 2.249450677398143306e+00
8.439999999999864500e+00 2.264313378032159818e+00
8.449999999999864286e+00 2.269529912334232069e+00
8.459999999999864073e+00 2.265176195642069956e+00
8.469999999999863860e+00 2.251356346255242613e+00
8.479999999999863647e+00 2.228210030866146774e+00
8.489999999999863434e+00 2.195912805110389332e+00
8.499999999999863221e+00 2.154669790806195806e+00
8.509999999999863007e+00 2.104703301014767103e+00
8.519999999999862794e+00 2.046234265886451631e+00
8.529999999999862581e+00 1.979463786760709665e+00
8.539999999999862368e+00 1.904562331983074452e+00
8.549999999999862155e+00 1.821667000836681982e+00
8.559999999999861942e+00 1.730889013833144308e+00
8.569999999999861728e+00 1.632335038928898197e+00
8.579999999999861515e+00 1.526137195572788485e+00
8.589999999999861302e+00 1.412483657218738475e+00
8.599999999999861089e+00 1.291647222074551626e+00
8.609999999999860876e+00 1.164007781424924781e+00
8.619999999999860663e+00 1.030061294498380464e+00
8.629999999999860449e+00 8.904154768998598923e-01
8.639999999999860236e+00 7.457766674121610873e-01
8.649999999999860023e+00 5.969283651453008988e-01
8.659999999999859810e+00 4.447046942341191245e-01
8.669999999999859597e+00 2.899661213066965781e-01
8.679999999999859384e+00 1.335804685598019903e-01
8.689999999999859170e+00 -2.359058909435016171e-02
8.699999999999858957e+00 -1.806965970737540450e-01
8.709999999999858744e+00 -3.368958648590741345e-01
8.719999999999858531e+00 -4.913514873454794540e-01
8.729999999999858318e+00 -6.432280713872691180e-01
8.739999999999858105e+00 -7.916912513077801750e-01
8.749999999999857891e+00 -9.359154800293968401e-01
8.759999999999857678e+00 -1.075101300097303092e+00
8.769999999999857465e+00 -1.208497496245214409e+00
8.779999999999857252e+00 -1.335425628526121677e+00
8.789999999999857039e+00 -1.455304856697717586e+00
8.799999999999856826e+00 -1.567668588495819249e+00
8.809999999999856612e+00 -1.672167655942493836e+00
8.819999999999856399e+00 -1.768562557986197881e+00
8.829999999999856186e+00 -1.856705035059452280e+00
8.839999999999855973e+00 -1.936509182229900317e+00
8.849999999999855760e+00 -2.007919603138089037e+00
8.859999999999855547e+00 -2.070883996101008595e+00
8.869999999999855333e+00 -2.125331387658259352e+00
8.879999999999855120e+00 -2.171158810532313854e+00
8.889999999999854907e+00 -2.208230391620116695e+00
8.899999999999854694e+00 -2.236385948271273350e+00
8.909999999999854481e+00 -2.255454525553443723e+00
8.919999999999854268e+00 -2.265271680277744171e+00
8.929999999999854055e+00 -2.265696782284056798e+00
8.939999999999853841e+00 -2.256624303338820248e+00
8.949999999999853628e+00 -2.237988486046293968e+00
8.959999999999853415e+00 -2.209762441596245353e+00
8.969999999999853202e+00 -2.171950575086498691e+00
8.979999999999852989e+00 -2.124578226477926712e+00
8.989999999999852776e+00 -2.067685035859075260e+00
8.999999999999852562e+00 -2.001323931962387892e+00
9.009999999999852349e+00 -1.925567205289665740e+00
9.019999999999852136e+00 -1.840522978163904089e+00
9.029999999999851923e+00 -1.746359852091465381e+00
9.039999999999851710e+00 -1.643332515691983575e+00
9.049999999999851497e+00 -1.531804557463338767e+00
9.059999999999851283e+00 -1.412265249296342562e+00
9.069999999999851070e+00 -1.285333283822118089e+00
9.079999999999850857e+00 -1.151745416829886626e+00
9.089999999999850644e+00 -1.012334560908088932e+00
9.099999999999850431e+00 -8.680000901375251043e-01
9.109999999999850218e+00 -7.196734996168431264e-01
9.119999999999850004e+00 -5.682864764438061433e-01
9.129999999999849791e+00 -4.147463784914792728e-01
9.139999999999849578e+00 -2.599198469671976652e-01
9.149999999999849365e+00 -1.046253806997107100e-01
9.159999999999849152e+00 5.036494018047670690e-02
9.169999999999848939e+00 2.043185269756261913e-01
9.179999999999848725e+00 3.565340663031217328e-01
9.189999999999848512e+00 5.063339851126623659e-01
9.199999999999848299e+00 6.530619478090247121e-01
9.209999999999848086e+00 7.960877327015843941e-01
9.219999999999847873e+00 9.348166977816055878e-01
9.229999999999847660e+00 1.068702598387909486e+00
9.239999999999847446e+00 1.197262621331577570e+00
9.249999999999847233e+00 1.320088156221066900e+00
9.259999999999847020e+00 1.436845924197409419e+00
9.269999999999846807e+00 1.547270445825263518e+00
9.279999999999846594e+00 1.651147714813924638e+00
9.289999999999846381e+00 1.748288477197235125e+00
9.299999999999846167e+00 1.838497540905118521e+00
9.309999999999845954e+00 1.921547862770264681e+00
9.319999999999845741e+00 1.997161459070763367e+00
9.329999999999845528e+00 2.064999948126676088e+00
9.339999999999845315e+00 2.124669744153265594e+00
9.349999999999845102e+00 2.175740098602089834e+00
9.359999999999844889e+00 2.217767737860571575e+00
9.369999999999844675e+00 2.250324977982872454e+00
9.379999999999844462e+00 2.273027735654888914e+00
9.389999999999844249e+00 2.285556857469011494e+00
9.399999999999844036e+00 2.287670244630917615e+00
9.409999999999843823e+00 2.279207105225283136e+00
9.419999999999843610e+00 2.260084245913591694e+00
9.429999999999843396e+00 2.230286315642315387e+00
9.439999999999843183e+00 2.189856360259197832e+00
9.449999999999842970e+00 2.138890147551705923e+00
9.459999999999842757e+00 2.077534331643095644e+00
9.469999999999842544e+00 2.005992804423526454e+00
9.479999999999842331e+00 1.924541656431522973e+00
9.489999999999842117e+00 1.833545090507133324e+00
9.499999999999841904e+00 1.733468851485782114e+00
9.509999999999841691e+00 1.624890112138313247e+00
9.519999999999841478e+00 1.508496993763814631e+00
9.529999999999841265e+00 1.385072972555722925e+00
9.539999999999841052e+00 1.255471176067602945e+00
9.549999999999840838e+00 1.120582590398155887e+00
9.559999999999840625e+00 9.812987109015472997e-01
9.569999999999840412e+00 8.384766469837837688e-01
9.579999999999840199e+00 6.929147220226423709e-01
9.589999999999839986e+00 5.453390258882812036e-01
9.599999999999839773e+00 3.964013271709762587e-01
9.609999999999839559e+00 2.466887926639866335e-01
9.619999999999839346e+00 9.674083877625908046e-02
9.629999999999839133e+00 -5.293251097617407419e-02
9.639999999999838920e+00 -2.018330532146628276e-01
9.649999999999838707e+00 -3.494619513975662506e-01
9.659999999999838494e+00 -4.953159343559974670e-01
9.669999999999838280e+00 -6.388892174877081054e-01
9.679999999999838067e+00 -7.796794370473849600e-01
9.689999999999837854e+00 -9.171984009533672433e-01
9.699999999999837641e+00 -1.050982039181856953e+00
9.709999999999837428e+00 -1.180592471876148464e+00
9.719999999999837215e+00 -1.305614415706939813e+00
9.729999999999837001e+00 -1.425646803542138130e+00
9.739999999999836788e+00 -1.540285074600174831e+00
9.749999999999836575e+00 -1.649099231996838721e+00
9.759999999999836362e+00 -1.751617034370894332e+00
9.769999999999836149e+00 -1.847313730476611626e+00
9.779999999999835936e+00 -1.935609573447066412e+00
9.789999999999835723e+00 -2.015881415527323917e+00
9.799999999999835509e+00 -2.087487987968534853e+00
9.809999999999835296e+00 -2.149800906203922501e+00
9.819999999999835083e+00 -2.202238565164627015e+00
9.829999999999834870e+00 -2.244299436817663640e+00
9.839999999999834657e+00 -2.275586257103491938e+00
9.849999999999834444e+00 -2.295818712966025021e+00
9.859999999999834230e+00 -2.304836661679899645e+00
9.869999999999834017e+00 -2.302592919724544718e+00
9.879999999999833804e+00 -2.289137596146288978e+00
9.889999999999833591e+00 -2.264602084000408411e+00
9.899999999999833378e+00 -2.229185575170160138e+00
9.909999999999833165e+00 -2.183142920282180821e+00
9.919999999999832951e+00 -2.126779577373246521e+00
9.929999999999832738e+00 -2.060455668174123289e+00
9.939999999999832525e+00 -1.984591544316291589e+00
9.949999999999832312e+00 -1.899672262159663561e+00
9.959999999999832099e+00 -1.806252972283043601e+00
9.969999999999831886e+00 -1.704958257959636736e+00
9.979999999999831672e+00 -1.596469050236620779e+00
9.989999999999831459e+00 -1.481502493362429229e+00
9.999999999999831246e+00 -1.360787143334721616e+00
1.000999999999983103e+01 -1.235032517386017936e+00
