0.000000000000000000e+00 1.300570509009203518e-03
5.000000000000000278e-02 -1.431901101792940230e-02
1.000000000000000056e-01 -9.376920977916941569e-02
1.500000000000000222e-01 -2.589593668755748590e-01
2.000000000000000111e-01 -5.212135819240387713e-01
2.500000000000000000e-01 -8.629618903117288742e-01
2.999999999999999889e-01 -1.237326945221648655e+00
3.499999999999999778e-01 -1.613029250945517967e+00
3.999999999999999667e-01 -1.916087964413969669e+00
4.499999999999999556e-01 -2.100444968144018709e+00
4.999999999999999445e-01 -2.091049989496048145e+00
5.499999999999999334e-01 -1.876117204751403866e+00
5.999999999999999778e-01 -1.469849410341140583e+00
6.500000000000000222e-01 -9.039404117327618504e-01
7.000000000000000666e-01 -2.564355311654336611e-01
7.500000000000001110e-01 4.235383182370108801e-01
8.000000000000001554e-01 1.037003973107204047e+00
8.500000000000001998e-01 1.539164812641638846e+00
9.000000000000002442e-01 1.860335508721076891e+00
9.500000000000002887e-01 1.983489975623289991e+00
1.000000000000000222e+00 1.895923214018411906e+00
1.050000000000000266e+00 1.608187313740336188e+00
1.100000000000000311e+00 1.159643732271549599e+00
1.150000000000000355e+00 5.842547014347212464e-01
1.200000000000000400e+00 -3.823909028464935606e-02
1.250000000000000444e+00 -6.610132894371165690e-01
1.300000000000000488e+00 -1.193870701642678167e+00
1.350000000000000533e+00 -1.598956635272133830e+00
1.400000000000000577e+00 -1.820523528204986086e+00
1.450000000000000622e+00 -1.848245641874642242e+00
1.500000000000000666e+00 -1.682001059154450973e+00
1.550000000000000711e+00 -1.337610754300831095e+00
1.600000000000000755e+00 -8.623639747587772408e-01
1.650000000000000799e+00 -2.918405243321968712e-01
1.700000000000000844e+00 2.943278682180316408e-01
1.750000000000000888e+00 8.524185539139748080e-01
1.800000000000000933e+00 1.301974454601926512e+00
1.850000000000000977e+00 1.612156750345663747e+00
1.900000000000001021e+00 1.741030420736857431e+00
1.950000000000001066e+00 1.684503310046944424e+00
2.000000000000000888e+00 1.453375503820292902e+00
2.050000000000000711e+00 1.067573809840704602e+00
2.100000000000000533e+00 5.802737446322022707e-01
2.150000000000000355e+00 2.772771152196359251e-02
2.200000000000000178e+00 -5.125662930998557965e-01
2.250000000000000000e+00 -1.000821747029281950e+00
2.299999999999999822e+00 -1.367024967882910724e+00
2.349999999999999645e+00 -1.587020040291454714e+00
2.399999999999999467e+00 -1.631779492181813840e+00
2.449999999999999289e+00 -1.502843524534679842e+00
2.499999999999999112e+00 -1.220468440521110143e+00
2.549999999999998934e+00 -8.077293997091951061e-01
2.599999999999998757e+00 -3.216827805351276659e-01
2.649999999999998579e+00 2.017489407799899770e-01
2.699999999999998401e+00 6.889461582657330219e-01
2.749999999999998224e+00 1.104586192025783564e+00
2.799999999999998046e+00 1.389434397105600238e+00
2.849999999999997868e+00 1.525632980750600609e+00
2.899999999999997691e+00 1.495957392849890155e+00
2.949999999999997513e+00 1.306841346568411888e+00
2.999999999999997335e+00 9.864041992098061540e-01
3.049999999999997158e+00 5.599672112669503710e-01
3.099999999999996980e+00 8.663080016512973713e-02
3.149999999999996803e+00 -3.988691938150897287e-01
3.199999999999996625e+00 -8.281277550369529061e-01
3.249999999999996447e+00 -1.170564325131442152e+00
3.299999999999996270e+00 -1.377697532177556639e+00
3.349999999999996092e+00 -1.437526440778461811e+00
3.399999999999995914e+00 -1.343482288513047962e+00
3.449999999999995737e+00 -1.106162487103786507e+00
3.499999999999995559e+00 -7.600085397036663304e-01
3.549999999999995381e+00 -3.317494674658267861e-01
3.599999999999995204e+00 1.191323958980699399e-01
3.649999999999995026e+00 5.598226222566335952e-01
3.699999999999994849e+00 9.282000398899065141e-01
3.749999999999994671e+00 1.198565609424641520e+00
3.799999999999994493e+00 1.332942914651614075e+00
3.849999999999994316e+00 1.324685000982058103e+00
3.899999999999994138e+00 1.176643732222458771e+00
3.949999999999993960e+00 9.028285982393344788e-01
3.999999999999993783e+00 5.424542315326124076e-01
4.049999999999993605e+00 1.228629225314003259e-01
4.099999999999993427e+00 -2.975695329729640126e-01
4.149999999999993250e+00 -6.885367275518268215e-01
4.199999999999993072e+00 -9.949527401663831316e-01
4.249999999999992895e+00 -1.195989706173211875e+00
4.299999999999992717e+00 -1.263700259328229825e+00
4.349999999999992539e+00 -1.196235457929638146e+00
4.399999999999992362e+00 -1.004580868685218897e+00
4.449999999999992184e+00 -7.054149226141519513e-01
4.499999999999992006e+00 -3.412330042836552724e-01
4.549999999999991829e+00 6.073438204383712485e-02
4.599999999999991651e+00 4.445051732174551407e-01
4.649999999999991473e+00 7.827221787822651322e-01
4.699999999999991296e+00 1.027791312345435415e+00
4.749999999999991118e+00 1.163612783027248909e+00
4.799999999999990941e+00 1.171591541431170613e+00
4.849999999999990763e+00 1.054077250078550021e+00
4.899999999999990585e+00 8.288765684065347861e-01
4.949999999999990408e+00 5.146295158780131995e-01
4.999999999999990230e+00 1.557438781723660681e-01
5.049999999999990052e+00 -2.212800555066167518e-01
5.099999999999989875e+00 -5.638878279478258815e-01
5.149999999999989697e+00 -8.479695351470680764e-01
5.199999999999989519e+00 -1.033628880410545792e+00
5.249999999999989342e+00 -1.109270508894651730e+00
5.299999999999989164e+00 -1.064886601092133844e+00
5.349999999999988987e+00 -9.064326525148870273e-01
5.399999999999988809e+00 -6.572675473625098075e-01
5.449999999999988631e+00 -3.373250596819374891e-01
5.499999999999988454e+00 8.345679788028239829e-03
5.549999999999988276e+00 3.545238361937549376e-01
5.599999999999988098e+00 6.529476715099237216e-01
5.649999999999987921e+00 8.829472679730127060e-01
5.699999999999987743e+00 1.012325317980845130e+00
5.749999999999987566e+00 1.033680670888493580e+00
5.799999999999987388e+00 9.446986820249354544e-01
5.849999999999987210e+00 7.543230102662268344e-01
5.899999999999987033e+00 4.901940079544339079e-01
5.949999999999986855e+00 1.729120321413407935e-01
5.999999999999986677e+00 -1.529700725681175655e-01
6.049999999999986500e+00 -4.639526793142424999e-01
6.099999999999986322e+00 -7.166895890596838292e-01
6.149999999999986144e+00 -8.940161718376387068e-01
6.199999999999985967e+00 -9.712217081351574022e-01
6.249999999999985789e+00 -9.447266166644509022e-01
6.299999999999985612e+00 -8.189575430405906520e-01
6.349999999999985434e+00 -6.052485835372050094e-01
6.399999999999985256e+00 -3.343300540718583957e-01
6.449999999999985079e+00 -2.690885895448340281e-02
6.499999999999984901e+00 2.739388128649928311e-01
6.549999999999984723e+00 5.467799555824195412e-01
6.599999999999984546e+00 7.536094909673806130e-01
6.649999999999984368e+00 8.807391674818291216e-01
6.699999999999984190e+00 9.105798883865888760e-01
6.749999999999984013e+00 8.429611457278525233e-01
6.799999999999983835e+00 6.880701742347951066e-01
6.849999999999983658e+00 4.590593693328440250e-01
6.899999999999983480e+00 1.886428539567046037e-01
6.949999999999983302e+00 -1.028579121215682790e-01
6.999999999999983125e+00 -3.746671660155209693e-01
7.049999999999982947e+00 -6.076736772887223470e-01
7.099999999999982769e+00 -7.694634009555438858e-01
7.149999999999982592e+00 -8.497209156768096294e-01
7.199999999999982414e+00 -8.375028399365198606e-01
7.249999999999982236e+00 -7.356132946003296480e-01
7.299999999999982059e+00 -5.590144911013629203e-01
7.349999999999981881e+00 -3.221301348155788946e-01
7.399999999999981704e+00 -5.862640265085260205e-02
7.449999999999981526e+00 2.119958838914907662e-01
7.499999999999981348e+00 4.519498062534082483e-01
7.549999999999981171e+00 6.446164937090973490e-01
7.599999999999980993e+00 7.632501696815322534e-01
7.649999999999980815e+00 8.007241515006541244e-01
7.699999999999980638e+00 7.521394853979529449e-01
7.749999999999980460e+00 6.228141399018252145e-01
7.799999999999980282e+00 4.314989155660289843e-01
7.849999999999980105e+00 1.933828915780674007e-01
7.899999999999979927e+00 -5.782805798252581286e-02
7.949999999999979750e+00 -3.038037775562273390e-01
7.999999999999979572e+00 -5.102533123663968162e-01
8.049999999999979394e+00 -6.631295725856695134e-01
8.099999999999980105e+00 -7.412754187018165686e-01
8.149999999999980815e+00 -7.405186733152770984e-01
8.199999999999981526e+00 -6.613513291680254147e-01
8.249999999999982236e+00 -5.111561799336600265e-01
8.299999999999982947e+00 -3.115441652037386211e-01
8.349999999999983658e+00 -7.801528106666781592e-02
8.399999999999984368e+00 1.564826609759633336e-01
8.449999999999985079e+00 3.750753560676294840e-01
8.499999999999985789e+00 5.473441463560544396e-01
8.549999999999986500e+00 6.618288749612585287e-01
8.599999999999987210e+00 7.027668897376010415e-01
8.649999999999987921e+00 6.686657424109437864e-01
8.699999999999988631e+00 5.647065173724816756e-01
8.749999999999989342e+00 3.998927998149162111e-01
8.799999999999990052e+00 1.978101743346230845e-01
8.849999999999990763e+00 -2.613854558537383188e-02
8.899999999999991473e+00 -2.404488467376711125e-01
8.949999999999992184e+00 -4.299187002837848715e-01
8.999999999999992895e+00 -5.682384717749022762e-01
9.049999999999993605e+00 -6.464842962308393615e-01
9.099999999999994316e+00 -6.539845577986918013e-01
9.149999999999995026e+00 -5.916198971507883320e-01
9.199999999999995737e+00 -4.685318595827933086e-01
9.249999999999996447e+00 -2.949169972540943152e-01
9.299999999999997158e+00 -9.551234852851772650e-02
9.349999999999997868e+00 1.147319437537125675e-01
9.399999999999998579e+00 3.063202747154387673e-01
9.449999999999999289e+00 4.658704636406089672e-01
9.500000000000000000e+00 5.712836663250384639e-01
9.550000000000000711e+00 6.160613252326255784e-01
9.600000000000001421e+00 5.942248091528303799e-01
9.650000000000002132e+00 5.087004896719095060e-01
9.700000000000002842e+00 3.718601124922978896e-01
9.750000000000003553e+00 1.946966788884076649e-01
9.800000000000004263e+00 2.365907866616275262e-03
9.850000000000004974e+00 -1.909273145049180942e-01
9.900000000000005684e+00 -3.581320227168412473e-01
9.950000000000006395e+00 -4.877704054333668049e-01
1.000000000000000711e+01 -5.619462398740320275e-01
1.005000000000000782e+01 -5.764371997940214154e-01
