0.000000000000000000e+00 1.300570505950021487e-03
5.000000000000000278e-02 -1.439739192935306222e-02
1.000000000000000056e-01 -8.828412464513539504e-02
1.500000000000000222e-01 -2.585189021264949760e-01
2.000000000000000111e-01 -5.282249895788463379e-01
2.500000000000000000e-01 -8.717579745467984864e-01
2.999999999999999889e-01 -1.253800770051018976e+00
3.499999999999999778e-01 -1.632441916625848366e+00
3.999999999999999667e-01 -1.948766180333013409e+00
4.499999999999999556e-01 -2.128900296971405481e+00
4.999999999999999445e-01 -2.108953638822947951e+00
5.499999999999999334e-01 -1.866172528032423950e+00
5.999999999999999778e-01 -1.426182770503837016e+00
6.500000000000000222e-01 -8.448196849696277821e-01
7.000000000000000666e-01 -1.873297695438208843e-01
7.500000000000001110e-01 4.801865648228973993e-01
8.000000000000001554e-01 1.088588275751384948e+00
8.500000000000001998e-01 1.569683100116218144e+00
9.000000000000002442e-01 1.870116523202444148e+00
9.500000000000002887e-01 1.959908097909055513e+00
1.000000000000000222e+00 1.833606274877894515e+00
1.050000000000000266e+00 1.511892562306244248e+00
1.100000000000000311e+00 1.037706426034883389e+00
1.150000000000000355e+00 4.641798719615501945e-01
1.200000000000000400e+00 -1.510555025601354462e-01
1.250000000000000444e+00 -7.433113509928913620e-01
1.300000000000000488e+00 -1.246010785979127178e+00
1.350000000000000533e+00 -1.603479751718111412e+00
1.400000000000000577e+00 -1.778325496983828913e+00
1.450000000000000622e+00 -1.754793380658159707e+00
1.500000000000000666e+00 -1.542368449766156502e+00
1.550000000000000711e+00 -1.171928195815641338e+00
1.600000000000000755e+00 -6.854372764581015964e-01
1.650000000000000799e+00 -1.324495139868258065e-01
1.700000000000000844e+00 4.281255962484395994e-01
1.750000000000000888e+00 9.336838982867786685e-01
1.800000000000000933e+00 1.328393249947253496e+00
1.850000000000000977e+00 1.569609231208445088e+00
1.900000000000001021e+00 1.633377772623404001e+00
1.950000000000001066e+00 1.519389143442617218e+00
2.000000000000000888e+00 1.247323067163033095e+00
2.050000000000000711e+00 8.485548626932448713e-01
2.100000000000000533e+00 3.644145205185205239e-01
2.150000000000000355e+00 -1.529578974015798065e-01
2.200000000000000178e+00 -6.461650216063524743e-01
2.250000000000000000e+00 -1.060632779374359513e+00
2.299999999999999822e+00 -1.350574838319563042e+00
2.349999999999999645e+00 -1.486057369564506736e+00
2.399999999999999467e+00 -1.458433469891319945e+00
2.449999999999999289e+00 -1.277289133068217231e+00
2.499999999999999112e+00 -9.642885344640993450e-01
2.549999999999998934e+00 -5.525346307743566054e-01
2.599999999999998757e+00 -8.676906972979576971e-02
2.649999999999998579e+00 3.815847950107335573e-01
2.699999999999998401e+00 8.004929609387916312e-01
2.749999999999998224e+00 1.122915470143530658e+00
2.799999999999998046e+00 1.314844857633030051e+00
2.849999999999997868e+00 1.360841687386679322e+00
2.899999999999997691e+00 1.261667085416425138e+00
2.949999999999997513e+00 1.030238177715941728e+00
2.999999999999997335e+00 6.917151208082537028e-01
3.049999999999997158e+00 2.831283171968991819e-01
3.099999999999996980e+00 -1.505585643590206246e-01
3.149999999999996803e+00 -5.608363247674149621e-01
3.199999999999996625e+00 -9.011022277795606161e-01
3.249999999999996447e+00 -1.134959285093112946e+00
3.299999999999996270e+00 -1.241624887145179379e+00
3.349999999999996092e+00 -1.214471501790427954e+00
3.399999999999995914e+00 -1.058700343224274754e+00
3.449999999999995737e+00 -7.919315423519596164e-01
3.499999999999995559e+00 -4.435567500920534756e-01
3.549999999999995381e+00 -5.181834570740970203e-02
3.599999999999995204e+00 3.391032537606236130e-01
3.649999999999995026e+00 6.843555381420939332e-01
3.699999999999994849e+00 9.466623360071623194e-01
3.749999999999994671e+00 1.101312045653649596e+00
3.799999999999994493e+00 1.135648190818018266e+00
3.849999999999994316e+00 1.048306500220235193e+00
3.899999999999994138e+00 8.499436668837442310e-01
3.949999999999993960e+00 5.625395433901296816e-01
3.999999999999993783e+00 2.176634830434072687e-01
4.049999999999993605e+00 -1.454025337676487784e-01
4.099999999999993427e+00 -4.846861417768643099e-01
4.149999999999993250e+00 -7.632363656116625261e-01
4.199999999999993072e+00 -9.537265234518903512e-01
4.249999999999992895e+00 -1.038881843987805809e+00
4.299999999999992717e+00 -1.011863782889914187e+00
4.349999999999992539e+00 -8.770462588236657142e-01
4.399999999999992362e+00 -6.494793732629555727e-01
4.449999999999992184e+00 -3.542494935554609814e-01
4.499999999999992006e+00 -2.536914876962325163e-02
4.549999999999991829e+00 2.988982233375577779e-01
4.599999999999991651e+00 5.829235315241201310e-01
4.649999999999991473e+00 7.979625668997731847e-01
4.699999999999991296e+00 9.234552288107097384e-01
4.749999999999991118e+00 9.481451950945505303e-01
4.799999999999990941e+00 8.708801194227402398e-01
4.849999999999990763e+00 7.004435155648760514e-01
4.899999999999990585e+00 4.557591473584662323e-01
4.949999999999990408e+00 1.653690869777241779e-01
4.999999999999990230e+00 -1.366955157128606768e-01
5.049999999999990052e+00 -4.169369123206432826e-01
5.099999999999989875e+00 -6.462988986261035684e-01
5.149999999999989697e+00 -8.021006251403387521e-01
5.199999999999989519e+00 -8.696876617486709593e-01
5.249999999999989342e+00 -8.432385020749507687e-01
5.299999999999989164e+00 -7.259774908820803008e-01
5.349999999999988987e+00 -5.311036143193992309e-01
5.399999999999988809e+00 -2.817063083501878396e-01
5.449999999999988631e+00 -7.245339825452128471e-03
5.499999999999988454e+00 2.615283875098995958e-01
5.549999999999988276e+00 4.961712898489834545e-01
5.599999999999988098e+00 6.729378658211014885e-01
5.649999999999987921e+00 7.747254921815927009e-01
5.699999999999987743e+00 7.919084114314043354e-01
5.749999999999987566e+00 7.229272660606042011e-01
5.799999999999987388e+00 5.757758290598294915e-01
5.849999999999987210e+00 3.682697695826004369e-01
5.899999999999987033e+00 1.251544280784795127e-01
5.949999999999986855e+00 -1.260160287188194783e-01
5.999999999999986677e+00 -3.581585239498640827e-01
6.049999999999986500e+00 -5.473874097908830727e-01
6.099999999999986322e+00 -6.750368545228123685e-01
6.149999999999986144e+00 -7.285020964349876449e-01
6.199999999999985967e+00 -7.022532372368625042e-01
6.249999999999985789e+00 -5.996765993076305090e-01
6.299999999999985612e+00 -4.335809226713114306e-01
6.349999999999985434e+00 -2.240384299152580749e-01
6.399999999999985256e+00 4.858486627753518840e-03
6.449999999999985079e+00 2.280204621349776473e-01
6.499999999999984901e+00 4.221817042504182882e-01
6.549999999999984723e+00 5.678758238464383101e-01
6.599999999999984546e+00 6.503499347559180688e-01
6.649999999999984368e+00 6.609008739350347161e-01
6.699999999999984190e+00 5.989116052727188055e-01
6.749999999999984013e+00 4.725849103957738273e-01
6.799999999999983835e+00 2.974984127289234670e-01
6.849999999999983658e+00 9.413526171174731172e-02
6.899999999999983480e+00 -1.148695534315829492e-01
6.949999999999983302e+00 -3.074763908284418035e-01
6.999999999999983125e+00 -4.640979813799386289e-01
7.049999999999982947e+00 -5.686097665417202407e-01
7.099999999999982769e+00 -6.098925881151093797e-01
7.149999999999982592e+00 -5.839430745735484374e-01
7.199999999999982414e+00 -4.948457369227572955e-01
7.249999999999982236e+00 -3.539652110525293716e-01
7.299999999999982059e+00 -1.781354776550709840e-01
7.349999999999981881e+00 1.276098879834954881e-02
7.399999999999981704e+00 1.983726034578316144e-01
7.449999999999981526e+00 3.595942329755497102e-01
7.499999999999981348e+00 4.796152202779513929e-01
7.549999999999981171e+00 5.455943729593961677e-01
7.599999999999980993e+00 5.507847906782946668e-01
7.649999999999980815e+00 4.956782091810869595e-01
7.699999999999980638e+00 3.877706790673069448e-01
7.749999999999980460e+00 2.403397107201451499e-01
7.799999999999980282e+00 7.034453069306352557e-02
7.849999999999980105e+00 -1.039009839936581026e-01
7.899999999999979927e+00 -2.642545791935353439e-01
7.949999999999979750e+00 -3.938235354677481204e-01
7.999999999999979572e+00 -4.786921002590548424e-01
8.049999999999979394e+00 -5.099817198997503853e-01
8.099999999999980105e+00 -4.851391460892724994e-01
8.149999999999980815e+00 -4.082016113823175862e-01
8.199999999999981526e+00 -2.890664236572006440e-01
8.249999999999982236e+00 -1.417114151658245280e-01
8.299999999999982947e+00 1.781474532384227580e-02
8.349999999999983658e+00 1.727096006740021505e-01
8.399999999999984368e+00 3.065169466301648771e-01
8.449999999999985079e+00 4.048236426244556929e-01
8.499999999999985789e+00 4.571893022155166242e-01
8.549999999999986500e+00 4.585727831907487895e-01
8.599999999999987210e+00 4.100054075889467686e-01
8.649999999999987921e+00 3.182384355036280144e-01
8.699999999999988631e+00 1.943126773990637157e-01
8.749999999999989342e+00 5.190335383358500587e-02
8.799999999999990052e+00 -9.382059502391197625e-02
8.849999999999990763e+00 -2.272692753431933277e-01
8.899999999999991473e+00 -3.340167773538401663e-01
8.949999999999992184e+00 -4.025990786045539060e-01
8.999999999999992895e+00 -4.260389346800390609e-01
9.049999999999993605e+00 -4.028131426520817349e-01
9.099999999999994316e+00 -3.368199292504238107e-01
9.149999999999995026e+00 -2.363000004346409444e-01
9.199999999999995737e+00 -1.125235692331631038e-01
9.249999999999996447e+00 2.117617809851047445e-02
9.299999999999997158e+00 1.504031469639682539e-01
9.349999999999997868e+00 2.611315437464387657e-01
9.399999999999998579e+00 3.413635512291066099e-01
9.449999999999999289e+00 3.827020925960748499e-01
9.500000000000000000e+00 3.815198875407664891e-01
9.550000000000000711e+00 3.391978667096391398e-01
9.600000000000001421e+00 2.613777447908685048e-01
9.650000000000002132e+00 1.569643911435103234e-01
9.700000000000002842e+00 3.734137173346718797e-02
9.750000000000003553e+00 -8.452519280549797287e-02
9.800000000000004263e+00 -1.953539531470106783e-01
9.850000000000004974e+00 -2.830430243433307291e-01
9.900000000000005684e+00 -3.382445308007591134e-01
9.950000000000006395e+00 -3.556735262011112009e-01
1.000000000000000711e+01 -3.345526298818646271e-01
1.005000000000000782e+01 -2.781638212394189069e-01
