0.000000000000000000e+00 1.300570505950021487e-03
1.000000000000000021e-02 5.273696132805433994e-04
2.000000000000000042e-02 -3.348184516584108532e-03
2.999999999999999889e-02 -1.346073012656437244e-02
4.000000000000000083e-02 -3.298581338911364680e-02
5.000000000000000278e-02 -6.510597128948006351e-02
6.000000000000000472e-02 -1.129283089377187410e-01
7.000000000000000666e-02 -1.793621028484214952e-01
8.000000000000000167e-02 -2.669760517818514645e-01
8.999999999999999667e-02 -3.778614096019284885e-01
9.999999999999999167e-02 -5.135278251228657664e-01
1.099999999999999867e-01 -6.748530707319387867e-01
1.199999999999999817e-01 -8.620974265959507887e-01
1.299999999999999767e-01 -1.074980822227088018e+00
1.399999999999999856e-01 -1.312808277255589795e+00
1.499999999999999944e-01 -1.574620254460940005e+00
1.600000000000000033e-01 -1.859341372176497309e+00
1.700000000000000122e-01 -2.165902112906806121e+00
1.800000000000000211e-01 -2.493310940770811168e+00
1.900000000000000300e-01 -2.840887556891773080e+00
2.000000000000000389e-01 -3.208433757506630624e+00
2.100000000000000477e-01 -3.595827359558215974e+00
2.200000000000000566e-01 -4.002516940163914683e+00
2.300000000000000655e-01 -4.427599635191473482e+00
2.400000000000000744e-01 -4.870334624784048216e+00
2.500000000000000555e-01 -5.330536211341166286e+00
2.600000000000000644e-01 -5.808814736184840122e+00
2.700000000000000733e-01 -6.306680895675011556e+00
2.800000000000000822e-01 -6.826156461537598474e+00
2.900000000000000910e-01 -7.368801582646147708e+00
3.000000000000000999e-01 -7.934931198502978233e+00
3.100000000000001088e-01 -8.523791257907976870e+00
3.200000000000001177e-01 -9.133987826722888670e+00
3.300000000000001266e-01 -9.763444225652845532e+00
3.400000000000001354e-01 -1.040932295637490235e+01
3.500000000000001443e-01 -1.106822709039934516e+01
3.600000000000001532e-01 -1.173641809361083155e+01
3.700000000000001621e-01 -1.241012311730018247e+01
3.800000000000001710e-01 -1.308571128861496469e+01
3.900000000000001799e-01 -1.375955623752310686e+01
4.000000000000001887e-01 -1.442803045124959205e+01
4.100000000000001976e-01 -1.508754723279676391e+01
4.200000000000002065e-01 -1.573453090703867474e+01
4.300000000000002154e-01 -1.636543228428116592e+01
4.400000000000002243e-01 -1.697687768973561617e+01
4.500000000000002331e-01 -1.756589632804777068e+01
4.600000000000002420e-01 -1.812983786028522104e+01
4.700000000000002509e-01 -1.866581808241852869e+01
4.800000000000002598e-01 -1.917124264893744368e+01
4.900000000000002687e-01 -1.964488473705058524e+01
5.000000000000002220e-01 -2.008609454428400198e+01
5.100000000000002309e-01 -2.049394284592765914e+01
5.200000000000002398e-01 -2.086744518648584901e+01
5.300000000000002487e-01 -2.120584297437986265e+01
5.400000000000002576e-01 -2.150893966151752679e+01
5.500000000000002665e-01 -2.177722581367504873e+01
5.600000000000002753e-01 -2.201176927562545771e+01
5.700000000000002842e-01 -2.221415975731026649e+01
5.800000000000002931e-01 -2.238644200309532550e+01
5.900000000000003020e-01 -2.253093612267019807e+01
6.000000000000003109e-01 -2.265002130127439628e+01
6.100000000000003197e-01 -2.274595836799753812e+01
6.200000000000003286e-01 -2.282078559634249615e+01
6.300000000000003375e-01 -2.287625952969817433e+01
6.400000000000003464e-01 -2.291378504195718335e+01
6.500000000000003553e-01 -2.293439130075843124e+01
6.600000000000003642e-01 -2.293889469750883947e+01
6.700000000000003730e-01 -2.292811779425137786e+01
6.800000000000003819e-01 -2.290305725877422560e+01
6.900000000000003908e-01 -2.286502819474005221e+01
7.000000000000003997e-01 -2.281578761804313515e+01
7.100000000000004086e-01 -2.275762434897368891e+01
7.200000000000004174e-01 -2.269329972215322044e+01
7.300000000000004263e-01 -2.262580129825933639e+01
7.400000000000004352e-01 -2.255794310252251833e+01
7.500000000000004441e-01 -2.249165380042872897e+01
7.600000000000004530e-01 -2.242720247056359995e+01
7.700000000000004619e-01 -2.236294458651624950e+01
7.800000000000004707e-01 -2.229558752667502119e+01
7.900000000000004796e-01 -2.222075829103108546e+01
8.000000000000004885e-01 -2.213371550885825201e+01
8.100000000000004974e-01 -2.203007481974113091e+01
8.200000000000005063e-01 -2.190644071457362685e+01
8.300000000000005151e-01 -2.176082333961354109e+01
8.400000000000005240e-01 -2.159275955623634502e+01
8.500000000000005329e-01 -2.140313435005640841e+01
8.600000000000005418e-01 -2.119377555786974554e+01
8.700000000000005507e-01 -2.096693432864884699e+01
8.800000000000005596e-01 -2.072482238248094788e+01
8.900000000000005684e-01 -2.046930912126347835e+01
9.000000000000005773e-01 -2.020174922664302031e+01
9.100000000000005862e-01 -1.992298917515693191e+01
9.200000000000005951e-01 -1.963364958655589732e+01
9.300000000000006040e-01 -1.933460452815243613e+01
9.400000000000006128e-01 -1.902745785292095348e+01
9.410000000000006137e-01 -1.899636192988592853e+01
9.420000000000006146e-01 -1.896521151581428200e+01
9.430000000000006155e-01 -1.893400951097917684e+01
9.440000000000006164e-01 -1.890275866373737301e+01
9.450000000000006173e-01 -1.887146175791114544e+01
9.460000000000006182e-01 -1.884012172898174953e+01
9.470000000000006191e-01 -1.880874166404481329e+01
9.480000000000006199e-01 -1.877732475450060434e+01
9.490000000000006208e-01 -1.874587427684091878e+01
9.500000000000006217e-01 -1.871439360790787987e+01
9.600000000000006306e-01 -1.839914426755615651e+01
9.700000000000006395e-01 -1.808561015549229722e+01
9.800000000000006484e-01 -1.777871890049905446e+01
9.900000000000006573e-01 -1.748366853814360411e+01
1.000000000000000666e+00 -1.720530468382902001e+01
1.010000000000000675e+00 -1.694753204866174912e+01
1.020000000000000684e+00 -1.671285919490062710e+01
1.030000000000000693e+00 -1.650216339643553098e+01
1.040000000000000702e+00 -1.631476138219965932e+01
1.050000000000000711e+00 -1.614881921069191861e+01
1.060000000000000719e+00 -1.600181546478534500e+01
1.070000000000000728e+00 -1.587087592404434311e+01
1.080000000000000737e+00 -1.575313551666138068e+01
1.090000000000000746e+00 -1.564615549928666915e+01
1.100000000000000755e+00 -1.554814718015496844e+01
1.110000000000000764e+00 -1.545795047522295285e+01
1.120000000000000773e+00 -1.537503384718863408e+01
1.130000000000000782e+00 -1.529940041837155462e+01
1.140000000000000790e+00 -1.523113836375461005e+01
1.150000000000000799e+00 -1.516995829059347578e+01
1.160000000000000808e+00 -1.511500739042988961e+01
1.170000000000000817e+00 -1.506497004707424381e+01
1.180000000000000826e+00 -1.501822226872207722e+01
1.190000000000000835e+00 -1.497284020261314552e+01
1.200000000000000844e+00 -1.492673774906447370e+01
1.210000000000000853e+00 -1.487801800241453698e+01
1.220000000000000862e+00 -1.482536935166429437e+01
1.230000000000000870e+00 -1.476847680866457857e+01
1.240000000000000879e+00 -1.470839354720143355e+01
1.250000000000000888e+00 -1.464764401155123963e+01
1.260000000000000897e+00 -1.458995114338248555e+01
1.270000000000000906e+00 -1.453969026415856192e+01
1.280000000000000915e+00 -1.450122210663399613e+01
1.290000000000000924e+00 -1.447827516350072941e+01
1.300000000000000933e+00 -1.447347699504787144e+01
1.310000000000000941e+00 -1.448808631763493260e+01
1.320000000000000950e+00 -1.452200808287883582e+01
1.330000000000000959e+00 -1.457408592426190630e+01
1.340000000000000968e+00 -1.464255559954861852e+01
1.350000000000000977e+00 -1.472555765942605532e+01
1.360000000000000986e+00 -1.482158873475464667e+01
1.370000000000000995e+00 -1.492976222509332196e+01
1.380000000000001004e+00 -1.504982451575302171e+01
1.390000000000001013e+00 -1.518194639850707794e+01
1.400000000000001021e+00 -1.532634072076495713e+01
1.410000000000001030e+00 -1.548280753782896646e+01
1.420000000000001039e+00 -1.565033899221193536e+01
1.430000000000001048e+00 -1.582688266763958218e+01
1.440000000000001057e+00 -1.600932817939552066e+01
1.450000000000001066e+00 -1.619380768864968090e+01
1.460000000000001075e+00 -1.637621149124517572e+01
1.470000000000001084e+00 -1.655266795490641130e+01
1.480000000000001092e+00 -1.671996386253163891e+01
1.481000000000000982e+00 -1.673610718359466176e+01
1.482000000000000872e+00 -1.675213222748034525e+01
1.483000000000000762e+00 -1.676803759800321814e+01
1.484000000000000652e+00 -1.678382203208835577e+01
1.485000000000000542e+00 -1.679948439813965422e+01
1.486000000000000432e+00 -1.681502370230925081e+01
1.487000000000000322e+00 -1.683043908792624066e+01
1.488000000000000211e+00 -1.684572984099144222e+01
1.489000000000000101e+00 -1.686089539043972962e+01
1.489999999999999991e+00 -1.687593530766968186e+01
1.500000000000000000e+00 -1.701951629055336213e+01
1.510000000000000009e+00 -1.715122558029158384e+01
1.520000000000000018e+00 -1.727255983541280315e+01
1.520999999999999908e+00 -1.728418367192730543e+01
1.521999999999999797e+00 -1.729572815884617754e+01
1.522999999999999687e+00 -1.730719597082814332e+01
1.523999999999999577e+00 -1.731858980307616847e+01
1.524999999999999467e+00 -1.732991236558511972e+01
1.525999999999999357e+00 -1.734116637929841076e+01
1.526999999999999247e+00 -1.735235457034621120e+01
1.527999999999999137e+00 -1.736347966568490619e+01
1.528999999999999027e+00 -1.737454438781874089e+01
1.529999999999998916e+00 -1.738555145031030946e+01
1.530999999999998806e+00 -1.739650355274909899e+01
1.531999999999998696e+00 -1.740740337617486944e+01
1.532999999999998586e+00 -1.741825357806273189e+01
1.533999999999998476e+00 -1.742905678782776846e+01
1.534999999999998366e+00 -1.743981560198941949e+01
1.535999999999998256e+00 -1.745053257998929297e+01
1.536999999999998145e+00 -1.746121023971115349e+01
1.537999999999998035e+00 -1.747185103424054375e+01
1.538999999999997925e+00 -1.748245731094220190e+01
1.539999999999997815e+00 -1.749303131734138006e+01
1.540999999999997705e+00 -1.750357524734843651e+01
1.541999999999997595e+00 -1.751409125724955729e+01
1.542999999999997485e+00 -1.752458144952197472e+01
1.543999999999997375e+00 -1.753504785547457701e+01
1.544999999999997264e+00 -1.754549242963240019e+01
1.545999999999997154e+00 -1.755591704840933076e+01
1.546999999999997044e+00 -1.756632351077610110e+01
1.547999999999996934e+00 -1.757671354217505666e+01
1.548999999999996824e+00 -1.758708879673083558e+01
1.549999999999996714e+00 -1.759745085807105269e+01
1.559999999999996723e+00 -1.770070045579887719e+01
1.560999999999996612e+00 -1.771099434560165875e+01
1.561999999999996502e+00 -1.772128819923770848e+01
1.562999999999996392e+00 -1.773158261812508130e+01
1.563999999999996282e+00 -1.774187812971425160e+01
1.564999999999996172e+00 -1.775217518909431647e+01
1.565999999999996062e+00 -1.776247418087885421e+01
1.566999999999995952e+00 -1.777277542041895586e+01
1.567999999999995842e+00 -1.778307915532813155e+01
1.568999999999995731e+00 -1.779338556714695585e+01
1.569999999999995621e+00 -1.780369477355788632e+01
1.579999999999995630e+00 -1.790689808697127106e+01
1.589999999999995639e+00 -1.801013780357980920e+01
1.599999999999995648e+00 -1.811304534017002155e+01
1.609999999999995657e+00 -1.821528707248880252e+01
1.619999999999995666e+00 -1.831680309975103427e+01
1.629999999999995675e+00 -1.841793048248068132e+01
1.639999999999995683e+00 -1.851937343736296882e+01
1.649999999999995692e+00 -1.862202455933324785e+01
1.659999999999995701e+00 -1.872667942478750547e+01
1.669999999999995710e+00 -1.883371131820720024e+01
1.679999999999995719e+00 -1.894277873567446235e+01
1.689999999999995728e+00 -1.905263723550687516e+01
1.699999999999995737e+00 -1.916111731142656183e+01
1.709999999999995746e+00 -1.926528713706815310e+01
1.719999999999995755e+00 -1.936176793423430809e+01
1.729999999999995763e+00 -1.944713796815928930e+01
1.739999999999995772e+00 -1.951834686573470279e+01
1.749999999999995781e+00 -1.957306233030575271e+01
1.759999999999995790e+00 -1.960988960133455095e+01
1.769999999999995799e+00 -1.962843323426534425e+01
1.779999999999995808e+00 -1.962920327828481959e+01
1.789999999999995817e+00 -1.961340048618229304e+01
1.799999999999995826e+00 -1.958262688640591520e+01
1.809999999999995834e+00 -1.953858026341611875e+01
1.819999999999995843e+00 -1.948280636717319680e+01
1.829999999999995852e+00 -1.941656387901331016e+01
1.839999999999995861e+00 -1.934082006048371838e+01
1.849999999999995870e+00 -1.925636145562747714e+01
1.859999999999995879e+00 -1.916397893556772658e+01
1.869999999999995888e+00 -1.906466815667590353e+01
1.879999999999995897e+00 -1.895978169426788895e+01
1.889999999999995905e+00 -1.885108318175056397e+01
1.899999999999995914e+00 -1.874067827062802039e+01
1.909999999999995923e+00 -1.863082302472900054e+01
1.919999999999995932e+00 -1.852364397554188713e+01
1.929999999999995941e+00 -1.842083492782601439e+01
1.939999999999995950e+00 -1.832339731597396693e+01
1.949999999999995959e+00 -1.823147984352274520e+01
1.959999999999995968e+00 -1.814435837346454861e+01
1.969999999999995977e+00 -1.806056001047072712e+01
1.979999999999995985e+00 -1.797811069634886749e+01
1.989999999999995994e+00 -1.789486221205541838e+01
1.999999999999996003e+00 -1.780881593292791010e+01
2.009999999999995790e+00 -1.771838528869282214e+01
2.019999999999995577e+00 -1.762258343242531566e+01
2.029999999999995364e+00 -1.752109405052287627e+01
2.039999999999995151e+00 -1.741417276228227706e+01
2.049999999999994937e+00 -1.730243682469703259e+01
2.059999999999994724e+00 -1.718669047101247216e+01
2.069999999999994511e+00 -1.706782834536851823e+01
2.079999999999994298e+00 -1.694675198565346008e+01
2.089999999999994085e+00 -1.682429826767117831e+01
2.099999999999993872e+00 -1.670121803250680514e+01
2.109999999999993658e+00 -1.657822463047421380e+01
2.119999999999993445e+00 -1.645610152786064972e+01
2.129999999999993232e+00 -1.633582022528130651e+01
2.139999999999993019e+00 -1.621862870991414596e+01
2.149999999999992806e+00 -1.610607859431276978e+01
2.159999999999992593e+00 -1.599996946206975856e+01
2.169999999999992379e+00 -1.590222440349780619e+01
2.179999999999992166e+00 -1.581471838974024813e+01
2.189999999999991953e+00 -1.573908027156872436e+01
2.199999999999991740e+00 -1.567651021983352244e+01
2.209999999999991527e+00 -1.562765078436050992e+01
2.219999999999991314e+00 -1.559253336438411708e+01
2.229999999999991100e+00 -1.557061252816261820e+01
2.239999999999990887e+00 -1.556086963170914217e+01
2.249999999999990674e+00 -1.556194860356986709e+01
2.259999999999990461e+00 -1.557230982302363209e+01
2.269999999999990248e+00 -1.559039202041938665e+01
2.279999999999990035e+00 -1.561475354293192552e+01
2.289999999999989821e+00 -1.564416226771383123e+01
2.299999999999989608e+00 -1.567762558150828056e+01
2.309999999999989395e+00 -1.571436488571053403e+01
2.319999999999989182e+00 -1.575374851130788834e+01
2.329999999999988969e+00 -1.579521118061785501e+01
2.339999999999988756e+00 -1.583818998102149322e+01
2.349999999999988542e+00 -1.588210250149790781e+01
2.359999999999988329e+00 -1.592637712114351700e+01
2.369999999999988116e+00 -1.597052659222023507e+01
2.379999999999987903e+00 -1.601424595738079759e+01
2.389999999999987690e+00 -1.605751178113034427e+01
2.399999999999987477e+00 -1.610065828016094613e+01
2.409999999999987264e+00 -1.614440620022588035e+01
2.419999999999987050e+00 -1.618982968296129599e+01
2.429999999999986837e+00 -1.623826029485007538e+01
2.439999999999986624e+00 -1.629113940195366439e+01
2.449999999999986411e+00 -1.634984002685795090e+01
2.459999999999986198e+00 -1.641548483958767690e+01
2.469999999999985985e+00 -1.648880211539719554e+01
2.479999999999985771e+00 -1.657006465487995683e+01
2.489999999999985558e+00 -1.665908788847939093e+01
2.499999999999985345e+00 -1.675525273736031551e+01
2.509999999999985132e+00 -1.685758449946145632e+01
2.519999999999984919e+00 -1.696487936109982186e+01
2.529999999999984706e+00 -1.707583404385108494e+01
2.539999999999984492e+00 -1.718915370032079792e+01
2.549999999999984279e+00 -1.730362345100941823e+01
2.559999999999984066e+00 -1.741813220944121454e+01
2.569999999999983853e+00 -1.753165140829864299e+01
2.579999999999983640e+00 -1.764318905220294553e+01
2.589999999999983427e+00 -1.775173635551794149e+01
2.599999999999983213e+00 -1.785622947563564011e+01
2.609999999999983000e+00 -1.795554459855953766e+01
2.619999999999982787e+00 -1.804853379101633593e+01
2.629999999999982574e+00 -1.813409992402314685e+01
2.639999999999982361e+00 -1.821130011985964359e+01
2.649999999999982148e+00 -1.827945708330159391e+01
2.659999999999981934e+00 -1.833825307582820940e+01
2.669999999999981721e+00 -1.838778739096918358e+01
2.679999999999981508e+00 -1.842858196338374910e+01
2.689999999999981295e+00 -1.846153040339602214e+01
2.699999999999981082e+00 -1.848779903640769717e+01
2.709999999999980869e+00 -1.850869578439630558e+01
2.719999999999980655e+00 -1.852552786342777580e+01
2.729999999999980442e+00 -1.853947182020694129e+01
2.739999999999980229e+00 -1.855147602374768567e+01
2.749999999999980016e+00 -1.856220700849723215e+01
2.759999999999979803e+00 -1.857204271700099341e+01
2.769999999999979590e+00 -1.858110595730723702e+01
2.779999999999979376e+00 -1.858932390714685212e+01
2.789999999999979163e+00 -1.859649589036441597e+01
2.799999999999978950e+00 -1.860234930759103023e+01
2.809999999999978737e+00 -1.860657295442786818e+01
2.819999999999978524e+00 -1.860882510571278203e+01
2.829999999999978311e+00 -1.860871617275654444e+01
2.839999999999978098e+00 -1.860577478284555397e+01
2.849999999999977884e+00 -1.859941201798585553e+01
2.859999999999977671e+00 -1.858889972052624628e+01
2.869999999999977458e+00 -1.857337770557559153e+01
2.879999999999977245e+00 -1.855189779478817158e+01
2.889999999999977032e+00 -1.852350354127348453e+01
2.899999999999976819e+00 -1.848733551059309832e+01
2.909999999999976605e+00 -1.844274516916214424e+01
2.919999999999976392e+00 -1.838939705083185672e+01
2.929999999999976179e+00 -1.832734019266295888e+01
2.939999999999975966e+00 -1.825703543413144914e+01
2.949999999999975753e+00 -1.817933341652010526e+01
2.959999999999975540e+00 -1.809540731929548940e+01
2.969999999999975326e+00 -1.800665191085478156e+01
2.979999999999975113e+00 -1.791456720155596116e+01
2.989999999999974900e+00 -1.782064729216832433e+01
2.999999999999974687e+00 -1.772629083019476681e+01
3.009999999999974474e+00 -1.763274297421532211e+01
3.019999999999974261e+00 -1.754107141310604234e+01
3.029999999999974047e+00 -1.745217115441637645e+01
3.039999999999973834e+00 -1.736678752164023365e+01
3.049999999999973621e+00 -1.728554502701857487e+01
3.059999999999973408e+00 -1.720894799725813940e+01
3.069999999999973195e+00 -1.713735321340012163e+01
3.079999999999972982e+00 -1.707097051662713483e+01
3.089999999999972768e+00 -1.700988799274132290e+01
3.099999999999972555e+00 -1.695407317919597645e+01
3.109999999999972342e+00 -1.690335392067525788e+01
3.119999999999972129e+00 -1.685740731446770724e+01
3.129999999999971916e+00 -1.681574804108773691e+01
3.139999999999971703e+00 -1.677772372613288354e+01
3.149999999999971489e+00 -1.674254639606728290e+01
3.159999999999971276e+00 -1.670935621455681286e+01
3.169999999999971063e+00 -1.667729980779727939e+01
3.179999999999970850e+00 -1.664561216412082700e+01
3.189999999999970637e+00 -1.661369666966719549e+01
3.199999999999970424e+00 -1.658118747060158071e+01
3.209999999999970210e+00 -1.654798186007855776e+01
3.219999999999969997e+00 -1.651424300567519410e+01
3.229999999999969784e+00 -1.648037631127501612e+01
3.239999999999969571e+00 -1.644698523358889730e+01
3.249999999999969358e+00 -1.641481187589458202e+01
3.259999999999969145e+00 -1.638467136995472373e+01
3.269999999999968932e+00 -1.635739102181142712e+01
3.279999999999968718e+00 -1.633376313300383487e+01
3.289999999999968505e+00 -1.631451631586350359e+01
3.299999999999968292e+00 -1.630030461912995321e+01
3.309999999999968079e+00 -1.629170986155179435e+01
3.319999999999967866e+00 -1.628924928587639442e+01
3.329999999999967653e+00 -1.629337736267963521e+01
3.339999999999967439e+00 -1.630447246501937286e+01
3.349999999999967226e+00 -1.632281064653506064e+01
3.359999999999967013e+00 -1.634853174718600144e+01
3.369999999999966800e+00 -1.638160048929217893e+01
3.379999999999966587e+00 -1.642177043837219230e+01
3.389999999999966374e+00 -1.646856056602169716e+01
3.399999999999966160e+00 -1.652125201818168776e+01
3.409999999999965947e+00 -1.657891079252252453e+01
3.419999999999965734e+00 -1.664043806792709290e+01
3.429999999999965521e+00 -1.670464297985285640e+01
3.439999999999965308e+00 -1.677033589683157899e+01
3.449999999999965095e+00 -1.683643134512325901e+01
3.459999999999964881e+00 -1.690200996420292512e+01
3.469999999999964668e+00 -1.696632679556921275e+01
3.479999999999964455e+00 -1.702881130088106687e+01
3.489999999999964242e+00 -1.708906598826663981e+01
3.499999999999964029e+00 -1.714685231025615053e+01
3.509999999999963816e+00 -1.720207140541406687e+01
3.519999999999963602e+00 -1.725474694901005890e+01
3.529999999999963389e+00 -1.730500957657371330e+01
3.539999999999963176e+00 -1.735308099705306617e+01
3.549999999999962963e+00 -1.739925805466787168e+01
3.559999999999962750e+00 -1.744390550353647384e+01
3.569999999999962537e+00 -1.748745631389903110e+01
3.579999999999962323e+00 -1.753040329310838885e+01
3.589999999999962110e+00 -1.757327632198031253e+01
3.599999999999961897e+00 -1.761660735628670693e+01
3.609999999999961684e+00 -1.766088782894113862e+01
3.619999999999961471e+00 -1.770652002863571894e+01
3.629999999999961258e+00 -1.775376857628204519e+01
3.639999999999961044e+00 -1.780272067997712782e+01
3.649999999999960831e+00 -1.785326027014441053e+01
3.659999999999960618e+00 -1.790506073388776187e+01
3.669999999999960405e+00 -1.795759849104573647e+01
3.679999999999960192e+00 -1.801018451112880925e+01
3.689999999999959979e+00 -1.806200797828294924e+01
3.699999999999959766e+00 -1.811218904669292229e+01
3.709999999999959552e+00 -1.815983450717792280e+01
3.719999999999959339e+00 -1.820408720811619219e+01
3.729999999999959126e+00 -1.824416411229235280e+01
3.739999999999958913e+00 -1.827938111299935287e+01
3.749999999999958700e+00 -1.830916536333243272e+01
3.759999999999958487e+00 -1.833305868954935391e+01
3.769999999999958273e+00 -1.835071727155481724e+01
3.779999999999958060e+00 -1.836191202907021136e+01
3.789999999999957847e+00 -1.836653210651484969e+01
3.799999999999957634e+00 -1.836459309347631219e+01
3.809999999999957421e+00 -1.835625038305448697e+01
3.819999999999957208e+00 -1.834181109869074433e+01
3.829999999999956994e+00 -1.832173623874573920e+01
3.839999999999956781e+00 -1.829663112330606012e+01
3.849999999999956568e+00 -1.826722355509368967e+01
3.859999999999956355e+00 -1.823432672596669590e+01
3.869999999999956142e+00 -1.819879394810140028e+01
3.879999999999955929e+00 -1.816147347581530624e+01
3.889999999999955715e+00 -1.812316112933964618e+01
3.899999999999955502e+00 -1.808455373659577248e+01
3.909999999999955289e+00 -1.804620830126910747e+01
3.919999999999955076e+00 -1.800851233315622579e+01
3.929999999999954863e+00 -1.797167130758304410e+01
3.939999999999954650e+00 -1.793571512203810414e+01
3.949999999999954436e+00 -1.790052014179250506e+01
3.959999999999954223e+00 -1.786584113861349365e+01
3.969999999999954010e+00 -1.783134792902243149e+01
3.979999999999953797e+00 -1.779666089078483893e+01
3.989999999999953584e+00 -1.776138172198706044e+01
3.999999999999953371e+00 -1.772511995645632510e+01
4.009999999999953602e+00 -1.768751565881997934e+01
4.019999999999953388e+00 -1.764825347385392007e+01
4.029999999999953175e+00 -1.760707108142766586e+01
4.039999999999952962e+00 -1.756376923033293735e+01
4.049999999999952749e+00 -1.751822365960331496e+01
4.059999999999952536e+00 -1.747040399621866769e+01
4.069999999999952323e+00 -1.742039763193902147e+01
4.079999999999952109e+00 -1.736842721873266981e+01
4.089999999999951896e+00 -1.731486168845598428e+01
4.099999999999951683e+00 -1.726020360979266144e+01
4.109999999999951470e+00 -1.720505608250129015e+01
4.119999999999951257e+00 -1.715010343612024712e+01
4.129999999999951044e+00 -1.709610235996077421e+01
4.139999999999950830e+00 -1.704386355973823086e+01
4.149999999999950617e+00 -1.699421208589659571e+01
4.159999999999950404e+00 -1.694793380063355315e+01
4.169999999999950191e+00 -1.690572124632186757e+01
4.179999999999949978e+00 -1.686812868421301204e+01
4.189999999999949765e+00 -1.683554445174990732e+01
4.199999999999949551e+00 -1.680818047306282281e+01
4.209999999999949338e+00 -1.678607991857613513e+01
4.219999999999949125e+00 -1.676914171877893267e+01
4.229999999999948912e+00 -1.675715229469714984e+01
4.239999999999948699e+00 -1.674981467885318764e+01
4.249999999999948486e+00 -1.674677477368108569e+01
4.259999999999948272e+00 -1.674764108961181108e+01
4.269999999999948059e+00 -1.675199529864243075e+01
4.279999999999947846e+00 -1.675939683260919111e+01
4.289999999999947633e+00 -1.676938453618625857e+01
4.299999999999947420e+00 -1.678147987452634737e+01
4.309999999999947207e+00 -1.679519701429230949e+01
4.319999999999946994e+00 -1.681006056704400464e+01
4.329999999999946780e+00 -1.682562900617114821e+01
4.339999999999946567e+00 -1.684152270694399078e+01
4.349999999999946354e+00 -1.685745504516097171e+01
4.359999999999946141e+00 -1.687326193284905074e+01
4.369999999999945928e+00 -1.688892188869420607e+01
4.379999999999945715e+00 -1.690456160727539725e+01
4.389999999999945501e+00 -1.692044566664257843e+01
4.399999999999945288e+00 -1.693695179884189983e+01
4.409999999999945075e+00 -1.695453466397619025e+01
4.419999999999944862e+00 -1.697368215267082903e+01
4.429999999999944649e+00 -1.699487129071552260e+01
4.439999999999944436e+00 -1.701852857117885520e+01
4.449999999999944222e+00 -1.704499386611499645e+01
4.459999999999944009e+00 -1.707449543875563336e+01
4.469999999999943796e+00 -1.710714191618325586e+01
4.479999999999943583e+00 -1.714292500193602109e+01
4.489999999999943370e+00 -1.718173049004708730e+01
4.499999999999943157e+00 -1.722335484925616811e+01
4.509999999999942943e+00 -1.726752195670955459e+01
4.519999999999942730e+00 -1.731389552400896648e+01
4.529999999999942517e+00 -1.736208638590677467e+01
4.539999999999942304e+00 -1.741165513709731627e+01
4.549999999999942091e+00 -1.746211141476839046e+01
4.559999999999941878e+00 -1.751291454470474207e+01
4.569999999999941664e+00 -1.756347899360580200e+01
4.579999999999941451e+00 -1.761318679373632889e+01
4.589999999999941238e+00 -1.766140853194055182e+01
4.599999999999941025e+00 -1.770753215430755034e+01
4.609999999999940812e+00 -1.775099673941106104e+01
4.619999999999940599e+00 -1.779132712687194129e+01
4.629999999999940385e+00 -1.782816463758104319e+01
4.639999999999940172e+00 -1.786128895865395450e+01
4.649999999999939959e+00 -1.789062775022557261e+01
4.659999999999939746e+00 -1.791625270560194139e+01
4.669999999999939533e+00 -1.793836237076428830e+01
4.679999999999939320e+00 -1.795725454378486319e+01
4.689999999999939106e+00 -1.797329257424495808e+01
4.699999999999938893e+00 -1.798687038275430083e+01
4.709999999999938680e+00 -1.799838088779985767e+01
4.719999999999938467e+00 -1.800819148924535185e+01
4.729999999999938254e+00 -1.801662810832579353e+01
4.739999999999938041e+00 -1.802396729705382938e+01
4.749999999999937828e+00 -1.803043451150394816e+01
4.759999999999937614e+00 -1.803620539739267770e+01
4.769999999999937401e+00 -1.804140682807347673e+01
4.779999999999937188e+00 -1.804611531472165709e+01
4.789999999999936975e+00 -1.805035100379022950e+01
4.799999999999936762e+00 -1.805406763137350268e+01
4.809999999999936549e+00 -1.805714228933465648e+01
4.819999999999936335e+00 -1.805936908043405609e+01
4.829999999999936122e+00 -1.806045918648372250e+01
4.839999999999935909e+00 -1.806004965015410590e+01
4.849999999999935696e+00 -1.805772246075166620e+01
4.859999999999935483e+00 -1.805303334338407595e+01
4.869999999999935270e+00 -1.804554694452390962e+01
4.879999999999935056e+00 -1.803487400777066796e+01
4.889999999999934843e+00 -1.802070605245920731e+01
4.899999999999934630e+00 -1.800284327018252384e+01
4.909999999999934417e+00 -1.798121236215706986e+01
4.919999999999934204e+00 -1.795587260798556528e+01
4.929999999999933991e+00 -1.792701036138673842e+01
4.939999999999933777e+00 -1.789492404694308902e+01
4.949999999999933564e+00 -1.786000282171406184e+01
4.959999999999933351e+00 -1.782270259940890966e+01
4.969999999999933138e+00 -1.778352290250773393e+01
4.979999999999932925e+00 -1.774298692658368992e+01
4.989999999999932712e+00 -1.770162585900883201e+01
4.999999999999932498e+00 -1.765996700519331952e+01
5.009999999999932285e+00 -1.761852417911043389e+01
5.019999999999932072e+00 -1.757778844888908765e+01
5.029999999999931859e+00 -1.753821742114314475e+01
5.039999999999931646e+00 -1.750022208996282203e+01
5.049999999999931433e+00 -1.746415157929720507e+01
5.059999999999931219e+00 -1.743027702412331337e+01
5.069999999999931006e+00 -1.739877681074260352e+01
5.079999999999930793e+00 -1.736972695842875325e+01
5.089999999999930580e+00 -1.734309546769433297e+01
5.099999999999930367e+00 -1.731874003941714690e+01
5.109999999999930154e+00 -1.729642204991512600e+01
5.119999999999929940e+00 -1.727583633919758910e+01
5.129999999999929727e+00 -1.725664181121231522e+01
5.139999999999929514e+00 -1.723849794144540226e+01
5.149999999999929301e+00 -1.722110586507060859e+01
5.159999999999929088e+00 -1.720423280154240686e+01
5.169999999999928875e+00 -1.718771699111128726e+01
5.179999999999928662e+00 -1.717146402405570171e+01
5.189999999999928448e+00 -1.715543950640993742e+01
5.199999999999928235e+00 -1.713965923978015127e+01
5.209999999999928022e+00 -1.712417838503236922e+01
5.219999999999927809e+00 -1.710908420425178633e+01
5.229999999999927596e+00 -1.709449516805621982e+01
5.239999999999927383e+00 -1.708056544583748959e+01
5.249999999999927169e+00 -1.706749192563792406e+01
5.259999999999926956e+00 -1.705552004108649200e+01
5.269999999999926743e+00 -1.704494495255241659e+01
5.279999999999926530e+00 -1.703610587332140724e+01
5.289999999999926317e+00 -1.702937217102714129e+01
5.299999999999926104e+00 -1.702512112126702704e+01
5.309999999999925890e+00 -1.702370975361181138e+01
5.319999999999925677e+00 -1.702544367911620071e+01
5.329999999999925464e+00 -1.703054509168795505e+01
5.339999999999925251e+00 -1.703912710012539122e+01
5.349999999999925038e+00 -1.705118229495588622e+01
5.359999999999924825e+00 -1.706658521682197360e+01
5.369999999999924611e+00 -1.708510518748843765e+01
5.379999999999924398e+00 -1.710642651597822450e+01
5.389999999999924185e+00 -1.713017330907798907e+01
5.399999999999923972e+00 -1.715593661441077700e+01
5.409999999999923759e+00 -1.718330311020939760e+01
5.419999999999923546e+00 -1.721187942276270633e+01
5.429999999999923332e+00 -1.724129966778738421e+01
5.439999999999923119e+00 -1.727121926253485285e+01
5.449999999999922906e+00 -1.730131033859169420e+01
5.459999999999922693e+00 -1.733126221807858869e+01
5.469999999999922480e+00 -1.736078461170367504e+01
5.479999999999922267e+00 -1.738961485485131675e+01
5.489999999999922053e+00 -1.741753044946421625e+01
5.499999999999921840e+00 -1.744436495720116653e+01
5.509999999999921627e+00 -1.747002359860902132e+01
5.519999999999921414e+00 -1.749449487999039121e+01
5.529999999999921201e+00 -1.751785485199230763e+01
5.539999999999920988e+00 -1.754026197225327621e+01
5.549999999999920774e+00 -1.756194212203784488e+01
5.559999999999920561e+00 -1.758316503617030691e+01
5.569999999999920348e+00 -1.760421497444219341e+01
5.579999999999920135e+00 -1.762536000464709574e+01
5.589999999999919922e+00 -1.764682422589051924e+01
5.599999999999919709e+00 -1.766876650865859588e+01
5.609999999999919496e+00 -1.769126817947394059e+01
5.619999999999919282e+00 -1.771433013020907765e+01
5.629999999999919069e+00 -1.773787815006789259e+01
5.639999999999918856e+00 -1.776177406545569326e+01
5.649999999999918643e+00 -1.778582961629220094e+01
5.659999999999918430e+00 -1.780982000216807393e+01
5.669999999999918217e+00 -1.783349471762792859e+01
5.679999999999918003e+00 -1.785658418879767950e+01
5.689999999999917790e+00 -1.787880273934126762e+01
5.699999999999917577e+00 -1.789985020303076269e+01
5.709999999999917364e+00 -1.791941418508032058e+01
5.719999999999917151e+00 -1.793717472263449864e+01
5.729999999999916938e+00 -1.795281274511426517e+01
5.739999999999916724e+00 -1.796602295004985095e+01
5.749999999999916511e+00 -1.797653064116268951e+01
5.759999999999916298e+00 -1.798411091454549293e+01
5.769999999999916085e+00 -1.798860754120117988e+01
5.779999999999915872e+00 -1.798994830511813703e+01
5.789999999999915659e+00 -1.798815490325579702e+01
5.799999999999915445e+00 -1.798334595259498414e+01
5.809999999999915232e+00 -1.797573067788352219e+01
5.819999999999915019e+00 -1.796559308103047314e+01
5.829999999999914806e+00 -1.795326946127151047e+01
5.839999999999914593e+00 -1.793912223428655750e+01
5.849999999999914380e+00 -1.792351435375868363e+01
5.859999999999914166e+00 -1.790678920111286487e+01
5.869999999999913953e+00 -1.788925691690570119e+01
5.879999999999913740e+00 -1.787118646048817183e+01
5.889999999999913527e+00 -1.785280236149634092e+01
5.899999999999913314e+00 -1.783428454005682440e+01
5.909999999999913101e+00 -1.781576990692634510e+01
5.919999999999912887e+00 -1.779735446880741634e+01
5.929999999999912674e+00 -1.777909456131132515e+01
5.939999999999912461e+00 -1.776100648829159212e+01
5.949999999999912248e+00 -1.774306517203953604e+01
5.959999999999912035e+00 -1.772520312366656015e+01
5.969999999999911822e+00 -1.770731141060865355e+01
5.979999999999911608e+00 -1.768924419581346186e+01
5.989999999999911395e+00 -1.767082787895030194e+01
5.999999999999911182e+00 -1.765187624660415011e+01
6.009999999999910969e+00 -1.763221018159878994e+01
6.019999999999910756e+00 -1.761167716478908574e+01
6.029999999999910543e+00 -1.759016889741835143e+01
6.039999999999910330e+00 -1.756763607657369519e+01
6.049999999999910116e+00 -1.754409846596939815e+01
6.059999999999909903e+00 -1.751964977523147482e+01
6.069999999999909690e+00 -1.749445631318265981e+01
6.079999999999909477e+00 -1.746874929372590302e+01
6.089999999999909264e+00 -1.744281303415254314e+01
6.099999999999909051e+00 -1.741696988067790741e+01
6.109999999999908837e+00 -1.739155591207535423e+01
6.119999999999908624e+00 -1.736689950181343889e+01
6.129999999999908411e+00 -1.734331152552116251e+01
6.139999999999908198e+00 -1.732107812023338411e+01
6.149999999999907985e+00 -1.730046152588333541e+01
6.159999999999907772e+00 -1.728170231927300904e+01
6.169999999999907558e+00 -1.726501429750390670e+01
6.179999999999907345e+00 -1.725057518988260341e+01
6.189999999999907132e+00 -1.723851745859827389e+01
6.199999999999906919e+00 -1.722891993259782950e+01
6.209999999999906706e+00 -1.722179946219628732e+01
6.219999999999906493e+00 -1.721710687940642615e+01
6.229999999999906279e+00 -1.721472809300335882e+01
6.239999999999906066e+00 -1.721448980850926347e+01
6.249999999999905853e+00 -1.721616917154326387e+01
6.259999999999905640e+00 -1.721950907554704813e+01
6.269999999999905427e+00 -1.722423719779598983e+01
6.279999999999905214e+00 -1.723008398111711159e+01
6.289999999999905000e+00 -1.723679815356455691e+01
6.299999999999904787e+00 -1.724415873813094180e+01
6.309999999999904574e+00 -1.725198332304858084e+01
6.319999999999904361e+00 -1.726013232479041193e+01
6.329999999999904148e+00 -1.726851046462298100e+01
6.339999999999903935e+00 -1.727706683488482042e+01
6.349999999999903721e+00 -1.728579370889939426e+01
6.359999999999903508e+00 -1.729472410911674984e+01
6.369999999999903295e+00 -1.730392640451981023e+01
6.379999999999903082e+00 -1.731349762731298014e+01
6.389999999999902869e+00 -1.732355884002385338e+01
6.399999999999902656e+00 -1.733425046681863435e+01
6.409999999999902442e+00 -1.734572465072821501e+01
6.419999999999902229e+00 -1.735813561056638576e+01
6.429999999999902016e+00 -1.737162973795903653e+01
6.439999999999901803e+00 -1.738633555682619658e+01
6.449999999999901590e+00 -1.740235342648621852e+01
6.459999999999901377e+00 -1.741974605519233776e+01
6.469999999999901164e+00 -1.743853067553334668e+01
6.479999999999900950e+00 -1.745867334512103497e+01
6.489999999999900737e+00 -1.748008623230985492e+01
6.499999999999900524e+00 -1.750262847405087996e+01
6.509999999999900311e+00 -1.752611052787054291e+01
6.519999999999900098e+00 -1.755030155223517951e+01
6.529999999999899885e+00 -1.757493921524183733e+01
6.539999999999899671e+00 -1.759974090720166018e+01
6.549999999999899458e+00 -1.762441519173993143e+01
6.559999999999899245e+00 -1.764867286343202579e+01
6.569999999999899032e+00 -1.767223707966006074e+01
6.579999999999898819e+00 -1.769485200660025370e+01
6.589999999999898606e+00 -1.771628984640850391e+01
6.599999999999898392e+00 -1.773635647615547128e+01
6.609999999999898179e+00 -1.775489588930004459e+01
6.619999999999897966e+00 -1.777179361803635871e+01
6.629999999999897753e+00 -1.778697922257683572e+01
6.639999999999897540e+00 -1.780042759028648902e+01
6.649999999999897327e+00 -1.781215872013943269e+01
6.659999999999897113e+00 -1.782223567198755276e+01
6.669999999999896900e+00 -1.783076040532199613e+01
6.679999999999896687e+00 -1.783786746491826491e+01
6.689999999999896474e+00 -1.784371571344733809e+01
6.699999999999896261e+00 -1.784847843877657070e+01
6.709999999999896048e+00 -1.785233238404611456e+01
6.719999999999895834e+00 -1.785544649839576081e+01
6.729999999999895621e+00 -1.785797125571039601e+01
6.739999999999895408e+00 -1.786002938358617342e+01
6.749999999999895195e+00 -1.786170876699027232e+01
6.759999999999894982e+00 -1.786305798812036016e+01
6.769999999999894769e+00 -1.786408446726303012e+01
6.779999999999894555e+00 -1.786475477834894221e+01
6.789999999999894342e+00 -1.786499739188487723e+01
6.799999999999894129e+00 -1.786470804122020795e+01
6.809999999999893916e+00 -1.786375694132064496e+01
6.819999999999893703e+00 -1.786199696460172603e+01
6.829999999999893490e+00 -1.785927196913053194e+01
6.839999999999893276e+00 -1.785542493382226326e+01
6.849999999999893063e+00 -1.785030597800561836e+01
6.859999999999892850e+00 -1.784378027381930920e+01
6.869999999999892637e+00 -1.783573574322935329e+01
6.879999999999892424e+00 -1.782609036284411275e+01
6.889999999999892211e+00 -1.781479878183237275e+01
6.899999999999891998e+00 -1.780185778453236978e+01
6.909999999999891784e+00 -1.778731011251057126e+01
6.919999999999891571e+00 -1.777124617821688446e+01
6.929999999999891358e+00 -1.775380325869160458e+01
6.939999999999891145e+00 -1.773516199365712609e+01
6.949999999999890932e+00 -1.771554027326197911e+01
6.959999999999890719e+00 -1.769518484097372735e+01
6.969999999999890505e+00 -1.767436120624780571e+01
6.979999999999890292e+00 -1.765334255032641408e+01
6.989999999999890079e+00 -1.763239827876003574e+01
6.999999999999889866e+00 -1.761178298054378644e+01
7.009999999999889653e+00 -1.759172664517284446e+01
7.019999999999889440e+00 -1.757242676174410079e+01
7.029999999999889226e+00 -1.755404270305820447e+01
7.039999999999889013e+00 -1.753669256800612786e+01
7.049999999999888800e+00 -1.752045239843797475e+01
7.059999999999888587e+00 -1.750535807886252471e+01
7.069999999999888374e+00 -1.749140880833813227e+01
7.079999999999888161e+00 -1.747857068375357059e+01
7.089999999999887947e+00 -1.746678064379636908e+01
7.099999999999887734e+00 -1.745594785854301279e+01
7.109999999999887521e+00 -1.744595769901862781e+01
7.119999999999887308e+00 -1.743668531226881768e+01
7.129999999999887095e+00 -1.742800976608888419e+01
7.139999999999886882e+00 -1.741982264584857276e+01
7.149999999999886668e+00 -1.741203257211978084e+01
7.159999999999886455e+00 -1.740456820304257590e+01
7.169999999999886242e+00 -1.739738176933105507e+01
7.179999999999886029e+00 -1.739045145922165148e+01
7.189999999999885816e+00 -1.738378170606929274e+01
7.199999999999885603e+00 -1.737740170949626162e+01
7.209999999999885389e+00 -1.737136372886299895e+01
7.219999999999885176e+00 -1.736574195545787447e+01
7.229999999999884963e+00 -1.736063119588839498e+01
7.239999999999884750e+00 -1.735614496461395717e+01
7.249999999999884537e+00 -1.735241306937583872e+01
7.259999999999884324e+00 -1.734957799107016641e+01
7.269999999999884110e+00 -1.734778933668346568e+01
7.279999999999883897e+00 -1.734719666167627139e+01
7.289999999999883684e+00 -1.734794048477385786e+01
7.299999999999883471e+00 -1.735014138992415056e+01
7.309999999999883258e+00 -1.735388933769688791e+01
7.319999999999883045e+00 -1.735923563402710812e+01
7.329999999999882832e+00 -1.736618810146618941e+01
7.339999999999882618e+00 -1.737470932885661412e+01
7.349999999999882405e+00 -1.738471826051490865e+01
7.359999999999882192e+00 -1.739609591485086426e+01
7.369999999999881979e+00 -1.740869367769779430e+01
7.379999999999881766e+00 -1.742234167533174016e+01
7.389999999999881553e+00 -1.743685568565627619e+01
7.399999999999881339e+00 -1.745204258533862429e+01
7.409999999999881126e+00 -1.746770639319896290e+01
7.419999999999880913e+00 -1.748365478540874918e+01
7.429999999999880700e+00 -1.749970505598923864e+01
7.439999999999880487e+00 -1.751568940064312230e+01
7.449999999999880274e+00 -1.753145963049627198e+01
7.459999999999880060e+00 -1.754689122618243147e+01
7.469999999999879847e+00 -1.756188658400710523e+01
7.479999999999879634e+00 -1.757637737846633996e+01
7.489999999999879421e+00 -1.759032580263870571e+01
7.499999999999879208e+00 -1.760372458568093990e+01
7.509999999999878995e+00 -1.761659552420722008e+01
7.519999999999878781e+00 -1.762898639193520012e+01
7.529999999999878568e+00 -1.764096619146571499e+01
7.539999999999878355e+00 -1.765261890631864716e+01
7.549999999999878142e+00 -1.766403610561343029e+01
7.559999999999877929e+00 -1.767530891486104494e+01
7.569999999999877716e+00 -1.768652003159940378e+01
7.579999999999877502e+00 -1.769773645172239540e+01
7.589999999999877289e+00 -1.770900347931103269e+01
7.599999999999877076e+00 -1.772034041539493643e+01
7.609999999999876863e+00 -1.773173811370650554e+01
7.619999999999876650e+00 -1.774315839424257035e+01
7.629999999999876437e+00 -1.775453512040284920e+01
7.639999999999876223e+00 -1.776577666832016433e+01
7.649999999999876010e+00 -1.777676946424175242e+01
7.659999999999875797e+00 -1.778738223957031650e+01
7.669999999999875584e+00 -1.779747077180730841e+01
7.679999999999875371e+00 -1.780688309397532620e+01
7.689999999999875158e+00 -1.781546507389728617e+01
7.699999999999874944e+00 -1.782306614994425331e+01
7.709999999999874731e+00 -1.782954510955226013e+01
7.719999999999874518e+00 -1.783477574531356424e+01
7.729999999999874305e+00 -1.783865219755735865e+01
7.739999999999874092e+00 -1.784109383034364527e+01
7.749999999999873879e+00 -1.784204937507116995e+01
7.759999999999873666e+00 -1.784150013824191205e+01
7.769999999999873452e+00 -1.783946213938539671e+01
7.779999999999873239e+00 -1.783598650060791257e+01
7.789999999999873026e+00 -1.783115747007927254e+01
7.799999999999872813e+00 -1.782508828797090317e+01
7.809999999999872600e+00 -1.781791537605228370e+01
7.819999999999872387e+00 -1.780979132816360533e+01
7.829999999999872173e+00 -1.780087726284506289e+01
7.839999999999871960e+00 -1.779133516728943221e+01
7.849999999999871747e+00 -1.778132080118228942e+01
7.859999999999871534e+00 -1.777097758508581293e+01
7.869999999999871321e+00 -1.776043164377355055e+01
7.879999999999871108e+00 -1.774978813500802488e+01
7.889999999999870894e+00 -1.773912895937638723e+01
7.899999999999870681e+00 -1.772851169739179156e+01
7.909999999999870468e+00 -1.771796958570896408e+01
7.919999999999870255e+00 -1.770751242999413222e+01
7.929999999999870042e+00 -1.769712840741826199e+01
7.939999999999869829e+00 -1.768678674992485966e+01
7.949999999999869615e+00 -1.767644128888655430e+01
7.959999999999869402e+00 -1.766603480594443809e+01
7.969999999999869189e+00 -1.765550409623922334e+01
7.979999999999868976e+00 -1.764478580505176808e+01
7.989999999999868763e+00 -1.763382322150711801e+01
7.999999999999868550e+00 -1.762257265244592830e+01
8.009999999999868336e+00 -1.761100790308115194e+01
8.019999999999868123e+00 -1.759912361633377742e+01
8.029999999999867910e+00 -1.758693790810161417e+01
8.039999999999867697e+00 -1.757449408459387996e+01
8.049999999999867484e+00 -1.756186117928249502e+01
8.059999999999867271e+00 -1.754913302369373440e+01
8.069999999999867057e+00 -1.753642617323399833e+01
8.079999999999866844e+00 -1.752387657679766519e+01
8.089999999999866631e+00 -1.751163192935969803e+01
8.099999999999866418e+00 -1.749984204560363210e+01
8.109999999999866205e+00 -1.748865493238061930e+01
8.119999999999865992e+00 -1.747821405469189671e+01
8.129999999999865778e+00 -1.746865115585919170e+01
8.139999999999865565e+00 -1.746008112996628370e+01
8.149999999999865352e+00 -1.745260099787450869e+01
8.159999999999865139e+00 -1.744628734152010807e+01
8.169999999999864926e+00 -1.744119216975648001e+01
8.179999999999864713e+00 -1.743734028474819908e+01
8.189999999999864500e+00 -1.743472793717871383e+01
8.199999999999864286e+00 -1.743332273341011174e+01
8.209999999999864073e+00 -1.743306570320438809e+01
8.219999999999863860e+00 -1.743387450912085157e+01
8.229999999999863647e+00 -1.743564748198212300e+01
8.239999999999863434e+00 -1.743826986976612758e+01
8.249999999999863221e+00 -1.744162139612691576e+01
8.259999999999863007e+00 -1.744558321482350394e+01
8.269999999999862794e+00 -1.745004376274986768e+01
8.279999999999862581e+00 -1.745490355915105241e+01
8.289999999999862368e+00 -1.746007889282288517e+01
8.299999999999862155e+00 -1.746550381344020764e+01
8.309999999999861942e+00 -1.747113026880203179e+01
8.319999999999861728e+00 -1.747692850185111979e+01
8.329999999999861515e+00 -1.748288740504003513e+01
8.339999999999861302e+00 -1.748901302687391990e+01
8.349999999999861089e+00 -1.749532659189970119e+01
8.359999999999860876e+00 -1.750186293401747051e+01
8.369999999999860663e+00 -1.750866846231861373e+01
8.379999999999860449e+00 -1.751579786968182617e+01
8.389999999999860236e+00 -1.752331015108496004e+01
8.399999999999860023e+00 -1.753126443477727747e+01
8.409999999999859810e+00 -1.753971536867975445e+01
8.419999999999859597e+00 -1.754870832684544624e+01
8.429999999999859384e+00 -1.755827492116073785e+01
8.439999999999859170e+00 -1.756842903661837596e+01
8.449999999999858957e+00 -1.757916362525534382e+01
8.459999999999858744e+00 -1.759044870499833024e+01
8.469999999999858531e+00 -1.760223077413627735e+01
8.479999999999858318e+00 -1.761443364860788918e+01
8.489999999999858105e+00 -1.762696075809465412e+01
8.499999999999857891e+00 -1.763969871966838099e+01
8.509999999999857678e+00 -1.765252174826231624e+01
8.519999999999857465e+00 -1.766529659275793662e+01
8.529999999999857252e+00 -1.767788759497737061e+01
8.539999999999857039e+00 -1.769016142635532063e+01
8.549999999999856826e+00 -1.770199132185511459e+01
8.559999999999856612e+00 -1.771326074163663833e+01
8.569999999999856399e+00 -1.772386641064118251e+01
8.579999999999856186e+00 -1.773372081912794940e+01
8.589999999999855973e+00 -1.774275430703154299e+01
8.599999999999855760e+00 -1.775091671054110520e+01
8.609999999999855547e+00 -1.775817849539067339e+01
8.619999999999855333e+00 -1.776453127618726668e+01
8.629999999999855120e+00 -1.776998753106007456e+01
8.639999999999854907e+00 -1.777457935032916581e+01
8.649999999999854694e+00 -1.777835616181352307e+01
8.659999999999854481e+00 -1.778138144561385658e+01
8.669999999999854268e+00 -1.778372856715571970e+01
8.679999999999854055e+00 -1.778547601359235131e+01
8.689999999999853841e+00 -1.778670235916206366e+01
8.699999999999853628e+00 -1.778748131699927626e+01
8.709999999999853415e+00 -1.778787728252916622e+01
8.719999999999853202e+00 -1.778794171659754397e+01
8.729999999999852989e+00 -1.778771063535481645e+01
8.739999999999852776e+00 -1.778720327309791216e+01
8.749999999999852562e+00 -1.778642169813518237e+01
8.759999999999852349e+00 -1.778535130172388179e+01
8.769999999999852136e+00 -1.778396227728160994e+01
8.779999999999851923e+00 -1.778221194632858371e+01
8.789999999999851710e+00 -1.778004767125386110e+01
8.799999999999851497e+00 -1.777741019042192150e+01
8.809999999999851283e+00 -1.777423721864135686e+01
8.819999999999851070e+00 -1.777046720341163777e+01
8.829999999999850857e+00 -1.776604314611044444e+01
8.839999999999850644e+00 -1.776091639168580372e+01
8.849999999999850431e+00 -1.775505027419249515e+01
8.859999999999850218e+00 -1.774842344677387374e+01
8.869999999999850004e+00 -1.774103267966209074e+01
8.879999999999849791e+00 -1.773289489924082218e+01
8.889999999999849578e+00 -1.772404827205652111e+01
8.899999999999849365e+00 -1.771455217022010231e+01
8.909999999999849152e+00 -1.770448595665868652e+01
8.919999999999848939e+00 -1.769394664228877190e+01
8.929999999999848725e+00 -1.768304555706589909e+01
8.939999999999848512e+00 -1.767190424568384444e+01
8.949999999999848299e+00 -1.766064985448369384e+01
8.959999999999848086e+00 -1.764941030803254307e+01
8.969999999999847873e+00 -1.763830957069552596e+01
8.979999999999847660e+00 -1.762746326439120992e+01
8.989999999999847446e+00 -1.761697488088871921e+01
8.999999999999847233e+00 -1.760693283515916363e+01
9.009999999999847020e+00 -1.759740858347693049e+01
9.019999999999846807e+00 -1.758845564362167835e+01
9.029999999999846594e+00 -1.758010918276038481e+01
9.039999999999846381e+00 -1.757238621435509884e+01
9.049999999999846167e+00 -1.756528643500307751e+01
9.059999999999845954e+00 -1.755879355031082767e+01
9.069999999999845741e+00 -1.755287681918563081e+01
9.079999999999845528e+00 -1.754749271257539434e+01
9.089999999999845315e+00 -1.754258913256175134e+01
9.099999999999845102e+00 -1.753811242409596005e+01
9.109999999999844889e+00 -1.753401288457406082e+01
9.119999999999844675e+00 -1.753024781020353018e+01
9.129999999999844462e+00 -1.752678319656549633e+01
9.139999999999844249e+00 -1.752359396030206540e+01
9.149999999999844036e+00 -1.752066310778511848e+01
9.159999999999843823e+00 -1.751798108945235199e+01
9.169999999999843610e+00 -1.751554608615704467e+01
9.179999999999843396e+00 -1.751336506762304523e+01
9.189999999999843183e+00 -1.751145489693137947e+01
9.199999999999842970e+00 -1.750984302847528795e+01
9.209999999999842757e+00 -1.750856788664638231e+01
9.219999999999842544e+00 -1.750767865405153856e+01
9.229999999999842331e+00 -1.750723404330905097e+01
9.239999999999842117e+00 -1.750729973964699582e+01
9.249999999999841904e+00 -1.750794427027431155e+01
9.259999999999841691e+00 -1.750923358787246187e+01
9.269999999999841478e+00 -1.751122546213257536e+01
9.279999999999841265e+00 -1.751396454603742825e+01
9.289999999999841052e+00 -1.751747867909850243e+01
9.299999999999840838e+00 -1.752177660480488441e+01
9.309999999999840625e+00 -1.752684664644793600e+01
9.319999999999840412e+00 -1.753265709862404620e+01
9.329999999999840199e+00 -1.753915865409479480e+01
9.339999999999839986e+00 -1.754628697826712269e+01
9.349999999999839773e+00 -1.755396512415932264e+01
9.359999999999839559e+00 -1.756210673224688534e+01
9.369999999999839346e+00 -1.757061969764546561e+01
9.379999999999839133e+00 -1.757940956463876603e+01
9.389999999999838920e+00 -1.758838248055589304e+01
9.399999999999838707e+00 -1.759744777200361554e+01
9.409999999999838494e+00 -1.760652002866788024e+01
9.419999999999838280e+00 -1.761552082687315846e+01
9.429999999999838067e+00 -1.762438028158084791e+01
9.439999999999837854e+00 -1.763303844076475713e+01
9.449999999999837641e+00 -1.764144658415847289e+01
9.459999999999837428e+00 -1.764956846258351675e+01
9.469999999999837215e+00 -1.765738128433326537e+01
9.479999999999837001e+00 -1.766487620519891877e+01
9.489999999999836788e+00 -1.767205814194974067e+01
9.499999999999836575e+00 -1.767894467136295944e+01
9.509999999999836362e+00 -1.768556388607117213e+01
9.519999999999836149e+00 -1.769195131120606135e+01
9.529999999999835936e+00 -1.769814609674003592e+01
9.539999999999835723e+00 -1.770418682793821930e+01
9.549999999999835509e+00 -1.771010741580641223e+01
9.559999999999835296e+00 -1.771593349826102681e+01
9.569999999999835083e+00 -1.772167967238240394e+01
9.579999999999834870e+00 -1.772734778959428681e+01
9.589999999999834657e+00 -1.773292636729303950e+01
9.599999999999834444e+00 -1.773839099679488385e+01
9.609999999999834230e+00 -1.774370555994556753e+01
9.619999999999834017e+00 -1.774882400482100664e+01
9.629999999999833804e+00 -1.775369239348797734e+01
9.639999999999833591e+00 -1.775825099036959642e+01
9.649999999999833378e+00 -1.776243630833484488e+01
9.659999999999833165e+00 -1.776618313096991386e+01
9.669999999999832951e+00 -1.776942652547445078e+01
9.679999999999832738e+00 -1.777210389948824343e+01
9.689999999999832525e+00 -1.777415715001302488e+01
9.699999999999832312e+00 -1.777553492947271252e+01
9.709999999999832099e+00 -1.777619503362647535e+01
9.719999999999831886e+00 -1.777610681561710848e+01
9.729999999999831672e+00 -1.777525361797724912e+01
9.739999999999831459e+00 -1.777363484956278228e+01
9.749999999999831246e+00 -1.777126697792093069e+01
9.759999999999831033e+00 -1.776818327914534024e+01
9.769999999999830820e+00 -1.776443249652946221e+01
9.779999999999830607e+00 -1.776007652457989394e+01
9.789999999999830393e+00 -1.775518730212670704e+01
9.799999999999830180e+00 -1.774984321373190710e+01
9.809999999999829967e+00 -1.774412532998380954e+01
9.819999999999829754e+00 -1.773811379777721697e+01
9.829999999999829541e+00 -1.773188465357978316e+01
9.839999999999829328e+00 -1.772550723815847817e+01
9.849999999999829114e+00 -1.771904229794418129e+01
9.859999999999828901e+00 -1.771254074837564119e+01
9.869999999999828688e+00 -1.770604301995696872e+01
9.879999999999828475e+00 -1.769957887492027737e+01
9.889999999999828262e+00 -1.769316760054179838e+01
9.899999999999828049e+00 -1.768681852263397047e+01
9.909999999999827835e+00 -1.768053180721953410e+01
9.919999999999827622e+00 -1.767429955622195337e+01
9.929999999999827409e+00 -1.766810722800063616e+01
9.939999999999827196e+00 -1.766193541332440375e+01
9.949999999999826983e+00 -1.765576198521276297e+01
9.959999999999826770e+00 -1.764956495961486027e+01
9.969999999999826557e+00 -1.764332563726389225e+01
9.979999999999826343e+00 -1.763703107761911326e+01
9.989999999999826130e+00 -1.763067610945034147e+01
9.999999999999825917e+00 -1.762426496713672108e+01
1.000999999999982570e+01 -1.761781247031818509e+01
