0.000000000000000000e+00 1.955483487139677602e-03
5.000000000000000278e-02 -1.396970488758136723e-02
1.000000000000000056e-01 -9.232256020139735508e-02
1.500000000000000222e-01 -2.886273966493180798e-01
2.000000000000000111e-01 -6.385440218647073785e-01
2.500000000000000000e-01 -1.140032420920866318e+00
2.999999999999999889e-01 -1.742485014029774071e+00
3.499999999999999778e-01 -2.353275926398963769e+00
3.999999999999999667e-01 -2.858318484512802904e+00
4.499999999999999556e-01 -3.144988542688937461e+00
4.999999999999999445e-01 -3.128651183602990660e+00
5.499999999999999334e-01 -2.780388575937019713e+00
5.999999999999999778e-01 -2.131607069298190549e+00
6.500000000000000222e-01 -1.257414320321102341e+00
7.000000000000000666e-01 -2.601055301791729280e-01
7.500000000000001110e-01 7.468544868120748914e-01
8.000000000000001554e-01 1.654709322608585831e+00
8.500000000000001998e-01 2.370242710648957640e+00
9.000000000000002442e-01 2.821901677215899795e+00
9.500000000000002887e-01 2.964336918303217328e+00
1.000000000000000222e+00 2.783571139717521792e+00
1.050000000000000266e+00 2.301290209340097093e+00
1.100000000000000311e+00 1.574468033162943037e+00
1.150000000000000355e+00 6.881265484807944643e-01
1.200000000000000400e+00 -2.571002202306044704e-01
1.250000000000000444e+00 -1.158210969644337229e+00
1.300000000000000488e+00 -1.920471524220075832e+00
1.350000000000000533e+00 -2.465273757604810267e+00
1.400000000000000577e+00 -2.736774918052022443e+00
1.450000000000000622e+00 -2.707954701113931772e+00
1.500000000000000666e+00 -2.384846621068097861e+00
1.550000000000000711e+00 -1.806776638208459573e+00
1.600000000000000755e+00 -1.041420480125517800e+00
1.650000000000000799e+00 -1.756620917741453514e-01
1.700000000000000844e+00 6.952421612614708701e-01
1.750000000000000888e+00 1.477969220046287058e+00
1.800000000000000933e+00 2.090105463362244897e+00
1.850000000000000977e+00 2.467983635997819114e+00
1.900000000000001021e+00 2.573357338283298379e+00
1.950000000000001066e+00 2.398019820123380885e+00
2.000000000000000888e+00 1.965014110976082584e+00
2.050000000000000711e+00 1.325660791614341694e+00
2.100000000000000533e+00 5.529060151232307874e-01
2.150000000000000355e+00 -2.675209882313131504e-01
2.200000000000000178e+00 -1.046586921083393795e+00
2.250000000000000000e+00 -1.701113389656381703e+00
2.299999999999999822e+00 -2.162185479785854625e+00
2.349999999999999645e+00 -2.382372710695085605e+00
2.399999999999999467e+00 -2.340958376204929969e+00
2.449999999999999289e+00 -2.046203150999666764e+00
2.499999999999999112e+00 -1.534060161883438189e+00
2.549999999999998934e+00 -8.635499702109579179e-01
2.599999999999998757e+00 -1.096913109675261011e-01
2.649999999999998579e+00 6.448992920025585773e-01
2.699999999999998401e+00 1.318812470018167149e+00
2.749999999999998224e+00 1.840366304133761233e+00
2.799999999999998046e+00 2.155178232841044483e+00
2.849999999999997868e+00 2.231991781430718191e+00
2.899999999999997691e+00 2.065941590918517701e+00
2.949999999999997513e+00 1.678732864714020723e+00
2.999999999999997335e+00 1.115746740204027088e+00
3.049999999999997158e+00 4.405959956194711036e-01
3.099999999999996980e+00 -2.720723066479782681e-01
3.149999999999996803e+00 -9.447040913206502522e-01
3.199999999999996625e+00 -1.505130686519935646e+00
3.249999999999996447e+00 -1.894264039088813911e+00
3.299999999999996270e+00 -2.072390183173961731e+00
3.349999999999996092e+00 -2.023300102280864543e+00
3.399999999999995914e+00 -1.755730756500003986e+00
3.449999999999995737e+00 -1.301980439253131561e+00
3.499999999999995559e+00 -7.139681297898736734e-01
3.549999999999995381e+00 -5.729204230240212553e-02
3.599999999999995204e+00 5.960208829986064494e-01
3.649999999999995026e+00 1.175330595563516489e+00
3.699999999999994849e+00 1.618983785469614300e+00
3.749999999999994671e+00 1.880896161878963690e+00
3.799999999999994493e+00 1.935372979047306652e+00
3.849999999999994316e+00 1.779612474577767722e+00
3.899999999999994138e+00 1.433639257052904625e+00
3.949999999999993960e+00 9.377488050402030817e-01
3.999999999999993783e+00 3.478246610734019861e-01
4.049999999999993605e+00 -2.709185855957966793e-01
4.099999999999993427e+00 -8.510933950564318895e-01
4.149999999999993250e+00 -1.330448955516602361e+00
4.199999999999993072e+00 -1.658551889590892614e+00
4.249999999999992895e+00 -1.802103006771418103e+00
4.299999999999992717e+00 -1.748303556220847765e+00
4.349999999999992539e+00 -1.505924036082097128e+00
4.399999999999992362e+00 -1.104009942951799550e+00
4.449999999999992184e+00 -5.884246119029583610e-01
4.499999999999992006e+00 -1.664533011341436108e-02
4.549999999999991829e+00 5.486103144844034496e-01
4.599999999999991651e+00 1.046240717722942692e+00
4.649999999999991473e+00 1.423358396323261887e+00
4.699999999999991296e+00 1.640910275059932033e+00
4.749999999999991118e+00 1.677709970648579629e+00
4.799999999999990941e+00 1.532461631374038458e+00
4.849999999999990763e+00 1.223592843700629151e+00
4.899999999999990585e+00 7.869600479566483120e-01
4.949999999999990408e+00 2.717126789985502833e-01
4.999999999999990230e+00 -2.652140909204003250e-01
5.049999999999990052e+00 -7.653717989022337242e-01
5.099999999999989875e+00 -1.175151301070638699e+00
5.149999999999989697e+00 -1.451522839106250462e+00
5.199999999999989519e+00 -1.566543028254942183e+00
5.249999999999989342e+00 -1.510154611178592177e+00
5.299999999999989164e+00 -1.291003978863873858e+00
5.349999999999988987e+00 -9.352238480261966247e-01
5.399999999999988809e+00 -4.833467987344216565e-01
5.449999999999988631e+00 1.429058388233022878e-02
5.499999999999988454e+00 5.031383126542142703e-01
5.549999999999988276e+00 9.304016138791532109e-01
5.599999999999988098e+00 1.250734377584482360e+00
5.649999999999987921e+00 1.431041035728005895e+00
5.699999999999987743e+00 1.453877553149401924e+00
5.749999999999987566e+00 1.319105078135819786e+00
5.799999999999987388e+00 1.043646336995256441e+00
5.849999999999987210e+00 6.594014275483288667e-01
5.899999999999987033e+00 2.095751979247337804e-01
5.949999999999986855e+00 -2.561652399140118552e-01
5.999999999999986677e+00 -6.871631227989281054e-01
6.049999999999986500e+00 -1.037272527871880401e+00
6.099999999999986322e+00 -1.269788861462173957e+00
6.149999999999986144e+00 -1.361282536799770737e+00
6.199999999999985967e+00 -1.303937377601949610e+00
6.249999999999985789e+00 -1.106164351749202357e+00
6.299999999999985612e+00 -7.914510597474762044e-01
6.349999999999985434e+00 -3.955974221040149952e-01
6.399999999999985256e+00 3.734085820232863756e-02
6.449999999999985079e+00 4.599440476272141365e-01
6.499999999999984901e+00 8.266130737946485452e-01
6.549999999999984723e+00 1.098480177751554043e+00
6.599999999999984546e+00 1.247517063371620827e+00
6.649999999999984368e+00 1.259407899374751727e+00
6.699999999999984190e+00 1.134895367729719329e+00
6.749999999999984013e+00 8.894773516144672820e-01
6.799999999999983835e+00 5.515113563655578144e-01
6.849999999999983658e+00 1.589547365431926151e-01
6.899999999999983480e+00 -2.448866174196877299e-01
6.949999999999983302e+00 -6.161261056363055433e-01
6.999999999999983125e+00 -9.150565171378046703e-01
7.049999999999982947e+00 -1.110386805201154736e+00
7.099999999999982769e+00 -1.182504638281894671e+00
7.149999999999982592e+00 -1.125426351342444953e+00
7.199999999999982414e+00 -9.472429914070632506e-01
7.249999999999982236e+00 -6.690364282805704166e-01
7.299999999999982059e+00 -3.224052049453976498e-01
7.349999999999981881e+00 5.411181136943710168e-02
7.399999999999981704e+00 4.193105683552773022e-01
7.449999999999981526e+00 7.338223059093563760e-01
7.499999999999981348e+00 9.643485043012077762e-01
7.549999999999981171e+00 1.087175742305666715e+00
7.599999999999980993e+00 1.090600830051264847e+00
7.649999999999980815e+00 9.760200035645480998e-01
7.699999999999980638e+00 7.575840428948972249e-01
7.749999999999980460e+00 4.604776867266567875e-01
7.799999999999980282e+00 1.180298234873662089e-01
7.849999999999980105e+00 -2.320153418962240810e-01
7.899999999999979927e+00 -5.516498959722786477e-01
7.949999999999979750e+00 -8.067208046300061719e-01
7.999999999999979572e+00 -9.705701153858296015e-01
8.049999999999979394e+00 -1.026809870402113356e+00
8.099999999999980105e+00 -9.709442263877732238e-01
8.149999999999980815e+00 -8.106802360200690005e-01
8.199999999999981526e+00 -5.649129816008779947e-01
8.249999999999982236e+00 -2.615144741443026222e-01
8.299999999999982947e+00 6.581663177207600079e-02
8.349999999999983658e+00 3.812895234998050498e-01
8.399999999999984368e+00 6.509269043786432007e-01
8.449999999999985079e+00 8.462164733006668493e-01
8.499999999999985789e+00 9.471167161636806497e-01
8.549999999999986500e+00 9.441012129962694788e-01
8.599999999999987210e+00 8.390343763513743447e-01
8.649999999999987921e+00 6.448010586198037464e-01
8.699999999999988631e+00 3.837485235264868622e-01
8.749999999999989342e+00 8.512703838547557023e-02
8.799999999999990052e+00 -2.181789462472487617e-01
8.849999999999990763e+00 -4.932646072154367456e-01
8.899999999999991473e+00 -7.107672341622864876e-01
8.949999999999992184e+00 -8.479925267378796150e-01
8.999999999999992895e+00 -8.912727453223294738e-01
9.049999999999993605e+00 -8.373127925656875803e-01
9.099999999999994316e+00 -6.933934517311380885e-01
9.149999999999995026e+00 -4.764266686227254799e-01
9.199999999999995737e+00 -2.109821427360670243e-01
9.249999999999996447e+00 7.348589896449503334e-02
9.299999999999997158e+00 3.458996734666527906e-01
9.349999999999997868e+00 5.769463101705981645e-01
9.399999999999998579e+00 7.422251107330857245e-01
9.449999999999999289e+00 8.248164646228317576e-01
9.500000000000000000e+00 8.170028654782351962e-01
9.550000000000000711e+00 7.209682339022125408e-01
9.600000000000001421e+00 5.484149387566767953e-01
9.650000000000002132e+00 3.191559945824619104e-01
9.700000000000002842e+00 5.885003870231103607e-02
9.750000000000003553e+00 -2.038629825568608889e-01
9.800000000000004263e+00 -4.405064525312118451e-01
9.850000000000004974e+00 -6.258474855878011223e-01
9.900000000000005684e+00 -7.405805847507749284e-01
9.950000000000006395e+00 -7.733299040060013230e-01
1.000000000000000711e+01 -7.217634287918502922e-01
1.005000000000000782e+01 -5.927115859265559283e-01
