0.000000000000000000e+00 1.955483487139677602e-03
1.000000000000000021e-02 1.186322413427529478e-03
2.000000000000000042e-02 -2.655375434774496102e-03
2.999999999999999889e-02 -1.262934704881853165e-02
4.000000000000000083e-02 -3.177900752228010606e-02
5.000000000000000278e-02 -6.313609829170412080e-02
6.000000000000000472e-02 -1.097275547753555625e-01
7.000000000000000666e-02 -1.745788357969723370e-01
8.000000000000000167e-02 -2.607082209306835763e-01
8.999999999999999667e-02 -3.711080487349242563e-01
9.999999999999999167e-02 -5.087111400682668982e-01
1.099999999999999867e-01 -6.763428934320356856e-01
1.199999999999999817e-01 -8.766620781083181990e-01
1.299999999999999767e-01 -1.112094796647705497e+00
1.399999999999999856e-01 -1.384766029802709131e+00
1.499999999999999944e-01 -1.696433955485184830e+00
1.600000000000000033e-01 -2.048431576531146714e+00
1.700000000000000122e-01 -2.441618073572308756e+00
1.800000000000000211e-01 -2.876333998156610505e+00
1.900000000000000300e-01 -3.352360650108845874e+00
2.000000000000000389e-01 -3.868931304517805536e+00
2.100000000000000477e-01 -4.424793138753206456e+00
2.200000000000000566e-01 -5.018337287908266831e+00
2.300000000000000655e-01 -5.647704781372442362e+00
2.400000000000000744e-01 -6.310672192254444646e+00
2.500000000000000555e-01 -7.004555193664434576e+00
2.600000000000000644e-01 -7.726374237733923067e+00
2.700000000000000733e-01 -8.473085462557396141e+00
2.800000000000000822e-01 -9.241834744359021414e+00
2.900000000000000910e-01 -1.003023755643962112e+01
3.000000000000000999e-01 -1.083642987711697536e+01
3.100000000000001088e-01 -1.165884268155687131e+01
3.200000000000001177e-01 -1.249593326738544796e+01
3.300000000000001266e-01 -1.334614084138793189e+01
3.400000000000001354e-01 -1.420794536977452793e+01
3.500000000000001443e-01 -1.507978486738615409e+01
3.600000000000001532e-01 -1.595994949671105978e+01
3.700000000000001621e-01 -1.684656077514277328e+01
3.800000000000001710e-01 -1.773762333530854463e+01
3.900000000000001799e-01 -1.863105974796753017e+01
4.000000000000001887e-01 -1.952469412135937787e+01
4.100000000000001976e-01 -2.041624304924049937e+01
4.200000000000002065e-01 -2.130327724390889443e+01
4.300000000000002154e-01 -2.218314343553347001e+01
4.400000000000002243e-01 -2.305297786820135642e+01
4.500000000000002331e-01 -2.390983561617460396e+01
4.600000000000002420e-01 -2.475076830015105500e+01
4.700000000000002509e-01 -2.557263498610088348e+01
4.800000000000002598e-01 -2.637285474850849809e+01
4.900000000000002687e-01 -2.715055856230124220e+01
5.000000000000002220e-01 -2.790585791443728780e+01
5.100000000000002309e-01 -2.863888125886617075e+01
5.200000000000002398e-01 -2.934964482885419557e+01
5.300000000000002487e-01 -3.003792592361272895e+01
5.400000000000002576e-01 -3.070327750288770829e+01
5.500000000000002665e-01 -3.134503805230589535e+01
5.600000000000002753e-01 -3.196233914078780813e+01
5.700000000000002842e-01 -3.255417317362239515e+01
5.800000000000002931e-01 -3.311945182966821477e+01
5.900000000000003020e-01 -3.365707044469117903e+01
6.000000000000003109e-01 -3.416596624361137202e+01
6.100000000000003197e-01 -3.464516627012736194e+01
6.200000000000003286e-01 -3.509386684298070236e+01
6.300000000000003375e-01 -3.551145182806649103e+01
6.400000000000003464e-01 -3.589739898601631296e+01
6.500000000000003553e-01 -3.625119930790815914e+01
6.600000000000003642e-01 -3.657233158955472163e+01
6.700000000000003730e-01 -3.686025440039027501e+01
6.800000000000003819e-01 -3.711440511285580612e+01
6.900000000000003908e-01 -3.733420335922119193e+01
7.000000000000003997e-01 -3.751906149369487764e+01
7.100000000000004086e-01 -3.766840954722183454e+01
7.200000000000004174e-01 -3.778170884590459622e+01
7.300000000000004263e-01 -3.785844814256922319e+01
7.400000000000004352e-01 -3.789817352225904301e+01
7.500000000000004441e-01 -3.790053466209945299e+01
7.600000000000004530e-01 -3.786535274515157568e+01
7.700000000000004619e-01 -3.779290925765982934e+01
7.800000000000004707e-01 -3.768426199725108461e+01
7.900000000000004796e-01 -3.754119151841478441e+01
8.000000000000004885e-01 -3.736600353629034288e+01
8.100000000000004974e-01 -3.716136932326494247e+01
8.200000000000005063e-01 -3.693016408237615877e+01
8.300000000000005151e-01 -3.667533275088103295e+01
8.400000000000005240e-01 -3.639978076839944521e+01
8.500000000000005329e-01 -3.610629635899494616e+01
8.600000000000005418e-01 -3.579749662375593999e+01
8.700000000000005507e-01 -3.547579361182113900e+01
8.800000000000005596e-01 -3.514337231190033606e+01
8.900000000000005684e-01 -3.480217640377977517e+01
9.000000000000005773e-01 -3.445389822287270931e+01
9.100000000000005862e-01 -3.409994203982686400e+01
9.200000000000005951e-01 -3.374137039634396018e+01
9.300000000000006040e-01 -3.337894165839516347e+01
9.400000000000006128e-01 -3.301322362153949541e+01
9.500000000000006217e-01 -3.264466409622179555e+01
9.600000000000006306e-01 -3.227362558484615818e+01
9.700000000000006395e-01 -3.190038921282973661e+01
9.800000000000006484e-01 -3.152512745174414377e+01
9.900000000000006573e-01 -3.114794653052301143e+01
1.000000000000000666e+00 -3.076897370093992023e+01
1.010000000000000675e+00 -3.038839463492261928e+01
1.020000000000000684e+00 -3.000648713977668791e+01
1.030000000000000693e+00 -2.962367636830659379e+01
1.040000000000000702e+00 -2.924056043564281637e+01
1.050000000000000711e+00 -2.885792589377346573e+01
1.060000000000000719e+00 -2.847675384236434226e+01
1.070000000000000728e+00 -2.809818127457884884e+01
1.080000000000000737e+00 -2.772348042051452666e+01
1.090000000000000746e+00 -2.735406543360890907e+01
1.100000000000000755e+00 -2.699146898871605060e+01
1.110000000000000764e+00 -2.663730595271398727e+01
1.120000000000000773e+00 -2.629322993738342973e+01
1.130000000000000782e+00 -2.596082591636659131e+01
1.140000000000000790e+00 -2.564153319923260810e+01
1.150000000000000799e+00 -2.533670375014029474e+01
1.160000000000000808e+00 -2.504764400692034698e+01
1.170000000000000817e+00 -2.477553323106598882e+01
1.180000000000000826e+00 -2.452131096939092103e+01
1.190000000000000835e+00 -2.428569659230815958e+01
1.200000000000000844e+00 -2.406930011524665858e+01
1.210000000000000853e+00 -2.387266321719480899e+01
1.220000000000000862e+00 -2.369624396347133199e+01
1.230000000000000870e+00 -2.354040215832721472e+01
1.240000000000000879e+00 -2.340538637599435035e+01
1.250000000000000888e+00 -2.329132637851840215e+01
1.260000000000000897e+00 -2.319823192927140099e+01
1.270000000000000906e+00 -2.312599796326603752e+01
1.280000000000000915e+00 -2.307435339555663489e+01
1.290000000000000924e+00 -2.304279154628806126e+01
1.300000000000000933e+00 -2.303059629677865416e+01
1.310000000000000941e+00 -2.303690295047772452e+01
1.320000000000000950e+00 -2.306075736343460036e+01
1.330000000000000959e+00 -2.310117317391043912e+01
1.340000000000000968e+00 -2.315717247704780846e+01
1.350000000000000977e+00 -2.322781636365369806e+01
1.360000000000000986e+00 -2.331222324056998829e+01
1.370000000000000995e+00 -2.340957974596704716e+01
1.380000000000001004e+00 -2.351914664798825072e+01
1.390000000000001013e+00 -2.364026292445988631e+01
1.400000000000001021e+00 -2.377234934117598897e+01
1.410000000000001030e+00 -2.391491040394727818e+01
1.420000000000001039e+00 -2.406753316646329566e+01
1.430000000000001048e+00 -2.422988105152516525e+01
1.440000000000001057e+00 -2.440168115357036172e+01
1.450000000000001066e+00 -2.458270446638307405e+01
1.460000000000001075e+00 -2.477273954629797359e+01
1.470000000000001084e+00 -2.497156129125169954e+01
1.480000000000001092e+00 -2.517889772351474065e+01
1.490000000000001101e+00 -2.539439936998994796e+01
1.500000000000001110e+00 -2.561761717058709564e+01
1.510000000000001119e+00 -2.584803365952105736e+01
1.520000000000001128e+00 -2.608509500718663077e+01
1.530000000000001137e+00 -2.632816445656971638e+01
1.540000000000001146e+00 -2.657649244538940891e+01
1.541000000000001036e+00 -2.660159005708220548e+01
1.542000000000000925e+00 -2.662673103708481293e+01
1.543000000000000815e+00 -2.665191443736995325e+01
1.544000000000000705e+00 -2.667713930146606671e+01
1.545000000000000595e+00 -2.670240466099594556e+01
1.546000000000000485e+00 -2.672770953331377086e+01
1.547000000000000375e+00 -2.675305292734522311e+01
1.548000000000000265e+00 -2.677843383578463943e+01
1.549000000000000155e+00 -2.680385124358766191e+01
1.550000000000000044e+00 -2.682930412014470178e+01
1.550999999999999934e+00 -2.685479142535637465e+01
1.551999999999999824e+00 -2.688031210619490352e+01
1.552999999999999714e+00 -2.690586509731886267e+01
1.553999999999999604e+00 -2.693144932343628994e+01
1.554999999999999494e+00 -2.695706369464232566e+01
1.555999999999999384e+00 -2.698270711298751934e+01
1.556999999999999273e+00 -2.700837846522951935e+01
1.557999999999999163e+00 -2.703407663034502306e+01
1.558999999999999053e+00 -2.705980047300370472e+01
1.559999999999998943e+00 -2.708554884893075609e+01
1.560999999999998833e+00 -2.711132060165055080e+01
1.561999999999998723e+00 -2.713711456398480237e+01
1.562999999999998613e+00 -2.716292955886484961e+01
1.563999999999998503e+00 -2.718876439704262893e+01
1.564999999999998392e+00 -2.721461788112570446e+01
1.565999999999998282e+00 -2.724048880093568314e+01
1.566999999999998172e+00 -2.726637593895405942e+01
1.567999999999998062e+00 -2.729227806529468126e+01
1.568999999999997952e+00 -2.731819394264309153e+01
1.569999999999997842e+00 -2.734412232254255315e+01
1.579999999999997851e+00 -2.760370943618907091e+01
1.589999999999997859e+00 -2.786314396549820316e+01
1.599999999999997868e+00 -2.812112277707596064e+01
1.609999999999997877e+00 -2.837630053375830030e+01
1.610999999999997767e+00 -2.840162294704665769e+01
1.611999999999997657e+00 -2.842690232369748315e+01
1.612999999999997547e+00 -2.845213730175584743e+01
1.613999999999997437e+00 -2.847732652321943903e+01
1.614999999999997327e+00 -2.850246863138305997e+01
1.615999999999997216e+00 -2.852756227527010680e+01
1.616999999999997106e+00 -2.855260610524955212e+01
1.617999999999996996e+00 -2.857759877789642644e+01
1.618999999999996886e+00 -2.860253895239931765e+01
1.619999999999996776e+00 -2.862742529405281999e+01
1.629999999999996785e+00 -2.887293469724813733e+01
1.639999999999996794e+00 -2.911165490666651579e+01
1.649999999999996803e+00 -2.934238014807755235e+01
1.659999999999996811e+00 -2.956400764620301302e+01
1.669999999999996820e+00 -2.977555421696744276e+01
1.679999999999996829e+00 -2.997616645309411965e+01
1.689999999999996838e+00 -3.016512479093900012e+01
1.699999999999996847e+00 -3.034184221714481922e+01
1.709999999999996856e+00 -3.050585858073806733e+01
1.719999999999996865e+00 -3.065683152156239188e+01
1.729999999999996874e+00 -3.079452492320049828e+01
1.739999999999996882e+00 -3.091879563448314272e+01
1.749999999999996891e+00 -3.102957903848039223e+01
1.759999999999996900e+00 -3.112687392610250470e+01
1.769999999999996909e+00 -3.121072708634378046e+01
1.779999999999996918e+00 -3.128121803891539443e+01
1.789999999999996927e+00 -3.133844440529368924e+01
1.799999999999996936e+00 -3.138250848278382321e+01
1.809999999999996945e+00 -3.141350588652657549e+01
1.819999999999996954e+00 -3.143151687001511974e+01
1.829999999999996962e+00 -3.143660165422128117e+01
1.839999999999996971e+00 -3.142880129904334296e+01
1.849999999999996980e+00 -3.140814153326344993e+01
1.859999999999996989e+00 -3.137463849545000372e+01
1.869999999999996998e+00 -3.132830864102189494e+01
1.879999999999997007e+00 -3.126918146389159503e+01
1.889999999999997016e+00 -3.119731319211188492e+01
1.899999999999997025e+00 -3.111280069093547240e+01
1.909999999999997033e+00 -3.101579469133718447e+01
1.919999999999997042e+00 -3.090651175601480460e+01
1.929999999999997051e+00 -3.078524455201250021e+01
1.939999999999997060e+00 -3.065237013483512030e+01
1.949999999999997069e+00 -3.050835601126386010e+01
1.959999999999997078e+00 -3.035376378508823692e+01
1.969999999999997087e+00 -3.018925021535078201e+01
1.979999999999997096e+00 -3.001556554346429451e+01
1.989999999999997105e+00 -2.983354902230707140e+01
1.999999999999997113e+00 -2.964412166510043889e+01
2.009999999999997122e+00 -2.944827638159225813e+01
2.019999999999996909e+00 -2.924706579941759088e+01
2.029999999999996696e+00 -2.904158823684365132e+01
2.039999999999996483e+00 -2.883297239787858857e+01
2.049999999999996270e+00 -2.862235829470078841e+01
2.059999999999996056e+00 -2.841085916379168808e+01
2.069999999999995843e+00 -2.819949069981840850e+01
2.079999999999995630e+00 -2.798913615760226392e+01
2.089999999999995417e+00 -2.778058560690830348e+01
2.099999999999995204e+00 -2.757456953347934459e+01
2.109999999999994991e+00 -2.737175885436650802e+01
2.119999999999994778e+00 -2.717275533952584610e+01
2.129999999999994564e+00 -2.697810177824049660e+01
2.139999999999994351e+00 -2.678831141660073456e+01
2.149999999999994138e+00 -2.660388119622740888e+01
2.159999999999993925e+00 -2.642529297526661125e+01
2.169999999999993712e+00 -2.625301800877405256e+01
2.179999999999993499e+00 -2.608752163814672187e+01
2.189999999999993285e+00 -2.592926410167346774e+01
2.199999999999993072e+00 -2.577869929867653198e+01
2.209999999999992859e+00 -2.563626510791925384e+01
2.219999999999992646e+00 -2.550237527634873302e+01
2.229999999999992433e+00 -2.537742412158492300e+01
2.239999999999992220e+00 -2.526178482048232254e+01
2.249999999999992006e+00 -2.515580462469351275e+01
2.259999999999991793e+00 -2.505980756254813002e+01
2.269999999999991580e+00 -2.497409579429037763e+01
2.279999999999991367e+00 -2.489894878522955679e+01
2.289999999999991154e+00 -2.483462294481536148e+01
2.299999999999990941e+00 -2.478135074924789905e+01
2.309999999999990727e+00 -2.473933801762142792e+01
2.319999999999990514e+00 -2.470875967297135389e+01
2.329999999999990301e+00 -2.468975494704096363e+01
2.339999999999990088e+00 -2.468242266396202567e+01
2.349999999999989875e+00 -2.468681347034567608e+01
2.359999999999989662e+00 -2.470291541970994231e+01
2.369999999999989448e+00 -2.473064251294677263e+01
2.379999999999989235e+00 -2.476983378090706367e+01
2.389999999999989022e+00 -2.482025566593462784e+01
2.399999999999988809e+00 -2.488160511285563103e+01
2.409999999999988596e+00 -2.495351505011594639e+01
2.419999999999988383e+00 -2.503556121925848288e+01
2.429999999999988169e+00 -2.512726983636258637e+01
2.439999999999987956e+00 -2.522812541859643076e+01
2.449999999999987743e+00 -2.533757825018042453e+01
2.459999999999987530e+00 -2.545505208097201688e+01
2.469999999999987317e+00 -2.557995119348253255e+01
2.479999999999987104e+00 -2.571166434148477720e+01
2.489999999999986890e+00 -2.584956737755184975e+01
2.499999999999986677e+00 -2.599302656732221450e+01
2.509999999999986464e+00 -2.614141123810358991e+01
2.519999999999986251e+00 -2.629413023245976433e+01
2.529999999999986038e+00 -2.645065064751320350e+01
2.539999999999985825e+00 -2.661046927727960565e+01
2.549999999999985612e+00 -2.677309053393790350e+01
2.559999999999985398e+00 -2.693802529857222794e+01
2.569999999999985185e+00 -2.710478531961556214e+01
2.579999999999984972e+00 -2.727287369088848479e+01
2.589999999999984759e+00 -2.744177723363938171e+01
2.599999999999984546e+00 -2.761096986349181748e+01
2.609999999999984333e+00 -2.777991341818335869e+01
2.619999999999984119e+00 -2.794804382794558961e+01
2.629999999999983906e+00 -2.811476891510854514e+01
2.639999999999983693e+00 -2.827947776842007599e+01
2.649999999999983480e+00 -2.844154800176390196e+01
2.659999999999983267e+00 -2.860035401472694261e+01
2.669999999999983054e+00 -2.875527476148501549e+01
2.679999999999982840e+00 -2.890570033988337428e+01
2.689999999999982627e+00 -2.905103727255376711e+01
2.699999999999982414e+00 -2.919071259766444015e+01
2.709999999999982201e+00 -2.932417710591350968e+01
2.719999999999981988e+00 -2.945090821850726215e+01
2.729999999999981775e+00 -2.957041286150279547e+01
2.739999999999981561e+00 -2.968223060087240128e+01
2.749999999999981348e+00 -2.978593705388110990e+01
2.759999999999981135e+00 -2.988114742453934269e+01
2.769999999999980922e+00 -2.996751985242907779e+01
2.779999999999980709e+00 -3.004475821781485223e+01
2.789999999999980496e+00 -3.011261405908889444e+01
2.799999999999980282e+00 -3.017088737195587456e+01
2.809999999999980069e+00 -3.021942618593237029e+01
2.819999999999979856e+00 -3.025812498804184258e+01
2.829999999999979643e+00 -3.028692217823982702e+01
2.839999999999979430e+00 -3.030579685801129841e+01
2.849999999999979217e+00 -3.031476598395411415e+01
2.859999999999979003e+00 -3.031388608009261532e+01
2.869999999999978790e+00 -3.030325578252756458e+01
2.879999999999978577e+00 -3.028301253112123703e+01
2.889999999999978364e+00 -3.025332889896314725e+01
2.899999999999978151e+00 -3.021441084523578624e+01
2.909999999999977938e+00 -3.016649569757588978e+01
2.919999999999977724e+00 -3.010985030870745760e+01
2.929999999999977511e+00 -3.004476912765262142e+01
2.939999999999977298e+00 -2.997157230291676200e+01
2.949999999999977085e+00 -2.989060391458981769e+01
2.959999999999976872e+00 -2.980223051884375707e+01
2.969999999999976659e+00 -2.970684014250280569e+01
2.979999999999976446e+00 -2.960484182441427947e+01
2.989999999999976232e+00 -2.949666568830794589e+01
2.999999999999976019e+00 -2.938276345277783719e+01
3.009999999999975806e+00 -2.926360918366533426e+01
3.019999999999975593e+00 -2.913970006370044530e+01
3.029999999999975380e+00 -2.901155692308011780e+01
3.039999999999975167e+00 -2.887972431971939358e+01
3.049999999999974953e+00 -2.874476998945318584e+01
3.059999999999974740e+00 -2.860728357537826838e+01
3.069999999999974527e+00 -2.846787459516797369e+01
3.079999999999974314e+00 -2.832716842953514913e+01
3.089999999999974101e+00 -2.818580024210037038e+01
3.099999999999973888e+00 -2.804439350689596466e+01
3.109999999999973674e+00 -2.790351982267968722e+01
3.119999999999973461e+00 -2.776369132119104677e+01
3.129999999999973248e+00 -2.762539430924183037e+01
3.139999999999973035e+00 -2.748910587372615311e+01
3.149999999999972822e+00 -2.735528926787254989e+01
3.159999999999972609e+00 -2.722439323218581109e+01
3.169999999999972395e+00 -2.709684773866972307e+01
3.179999999999972182e+00 -2.697306426820872005e+01
3.189999999999971969e+00 -2.685345030749043715e+01
3.199999999999971756e+00 -2.673841525280569797e+01
3.209999999999971543e+00 -2.662836548153962113e+01
3.219999999999971330e+00 -2.652369920596746056e+01
3.229999999999971116e+00 -2.642480132365603041e+01
3.239999999999970903e+00 -2.633203845479123117e+01
3.249999999999970690e+00 -2.624575379829491339e+01
3.259999999999970477e+00 -2.616626242536651503e+01
3.269999999999970264e+00 -2.609384703097047975e+01
3.279999999999970051e+00 -2.602875503964349235e+01
3.289999999999969837e+00 -2.597119716254162824e+01
3.299999999999969624e+00 -2.592134720821384164e+01
3.309999999999969411e+00 -2.587934243275801194e+01
3.319999999999969198e+00 -2.584528471022129636e+01
3.329999999999968985e+00 -2.581924309713608778e+01
3.339999999999968772e+00 -2.580125620671999087e+01
3.349999999999968558e+00 -2.579133360407484687e+01
3.359999999999968345e+00 -2.578945426819679554e+01
3.369999999999968132e+00 -2.579556129400060627e+01
3.379999999999967919e+00 -2.580955949279050188e+01
3.389999999999967706e+00 -2.583131752079687971e+01
3.399999999999967493e+00 -2.586066978929107307e+01
3.409999999999967280e+00 -2.589741830196292582e+01
3.419999999999967066e+00 -2.594133543647972218e+01
3.429999999999966853e+00 -2.599216725828425822e+01
3.439999999999966640e+00 -2.604963715319311390e+01
3.449999999999966427e+00 -2.611344939346267324e+01
3.459999999999966214e+00 -2.618329229173077266e+01
3.469999999999966001e+00 -2.625884065536347478e+01
3.479999999999965787e+00 -2.633975738724614857e+01
3.489999999999965574e+00 -2.642569420014723391e+01
3.499999999999965361e+00 -2.651629150321548423e+01
3.509999999999965148e+00 -2.661117747999599104e+01
3.519999999999964935e+00 -2.670997280444548139e+01
3.529999999999964722e+00 -2.681231518375950884e+01
3.539999999999964508e+00 -2.691787164812028976e+01
3.549999999999964295e+00 -2.702631423382853981e+01
3.559999999999964082e+00 -2.713730432625687072e+01
3.569999999999963869e+00 -2.725049302055442624e+01
3.579999999999963656e+00 -2.736551733501243433e+01
3.589999999999963443e+00 -2.748199573180753319e+01
3.599999999999963229e+00 -2.759952801256660848e+01
3.609999999999963016e+00 -2.771770003149149275e+01
3.619999999999962803e+00 -2.783608189226557172e+01
3.629999999999962590e+00 -2.795422247166189322e+01
3.639999999999962377e+00 -2.807165350286969030e+01
3.649999999999962164e+00 -2.818789732304195184e+01
3.659999999999961950e+00 -2.830247310885450673e+01
3.669999999999961737e+00 -2.841490357314250659e+01
3.679999999999961524e+00 -2.852472088393775707e+01
3.689999999999961311e+00 -2.863147158207700826e+01
3.699999999999961098e+00 -2.873472044631204980e+01
3.709999999999960885e+00 -2.883405341193214610e+01
3.719999999999960671e+00 -2.892907976620451294e+01
3.729999999999960458e+00 -2.901943390230626818e+01
3.739999999999960245e+00 -2.910477682315524817e+01
3.749999999999960032e+00 -2.918479753162625201e+01
3.759999999999959819e+00 -2.925921430623250430e+01
3.769999999999959606e+00 -2.932777578800041596e+01
3.779999999999959392e+00 -2.939026173538741205e+01
3.789999999999959179e+00 -2.944648330618533194e+01
3.799999999999958966e+00 -2.949628275117276743e+01
3.809999999999958753e+00 -2.953953248432205569e+01
3.819999999999958540e+00 -2.957613356441651220e+01
3.829999999999958327e+00 -2.960601371695211981e+01
3.839999999999958114e+00 -2.962912506777632515e+01
3.849999999999957900e+00 -2.964544180735558498e+01
3.859999999999957687e+00 -2.965495798278125505e+01
3.869999999999957474e+00 -2.965768685563881135e+01
3.879999999999957261e+00 -2.965366286352802661e+01
3.889999999999957048e+00 -2.964294308583984972e+01
3.899999999999956835e+00 -2.962560654997887255e+01
3.909999999999956621e+00 -2.960175397857458890e+01
3.919999999999956408e+00 -2.957150823800542483e+01
3.929999999999956195e+00 -2.953501461137865292e+01
3.939999999999955982e+00 -2.949244097632598027e+01
3.949999999999955769e+00 -2.944397780111409446e+01
3.959999999999955556e+00 -2.938983798858731689e+01
3.969999999999955342e+00 -2.933025663249420134e+01
3.979999999999955129e+00 -2.926549075586514448e+01
3.989999999999954916e+00 -2.919581908490794220e+01
3.999999999999954703e+00 -2.912154186039808934e+01
4.009999999999954490e+00 -2.904298065128763895e+01
4.019999999999954277e+00 -2.896047807887895331e+01
4.029999999999954063e+00 -2.887439735187092182e+01
4.039999999999953850e+00 -2.878512149362966355e+01
4.049999999999953637e+00 -2.869305218061412432e+01
4.059999999999953424e+00 -2.859860812902107341e+01
4.069999999999953211e+00 -2.850222302876162317e+01
4.079999999999952998e+00 -2.840434305004354698e+01
4.089999999999952784e+00 -2.830542400211677290e+01
4.099999999999952571e+00 -2.820592742274235221e+01
4.109999999999952358e+00 -2.810631546971829309e+01
4.119999999999952145e+00 -2.800703852540927841e+01
4.129999999999951932e+00 -2.790851190555802219e+01
4.139999999999951719e+00 -2.781110487572129841e+01
4.149999999999951505e+00 -2.771515544563057176e+01
4.159999999999951292e+00 -2.762098826300434951e+01
4.169999999999951079e+00 -2.752891852816342677e+01
4.179999999999950866e+00 -2.743924862815038423e+01
4.189999999999950653e+00 -2.735226892815817124e+01
4.199999999999950440e+00 -2.726826108032568996e+01
4.209999999999950226e+00 -2.718749517259045945e+01
4.219999999999950013e+00 -2.711022861675965956e+01
4.229999999999949800e+00 -2.703671382327860684e+01
4.239999999999949587e+00 -2.696720071623977333e+01
4.249999999999949374e+00 -2.690193293599486424e+01
4.259999999999949161e+00 -2.684114527178248721e+01
4.269999999999948948e+00 -2.678506068527931205e+01
4.279999999999948734e+00 -2.673388624410297609e+01
4.289999999999948521e+00 -2.668780916052706687e+01
4.299999999999948308e+00 -2.664699422742159385e+01
4.309999999999948095e+00 -2.661158238654553898e+01
4.319999999999947882e+00 -2.658169019687308321e+01
4.329999999999947669e+00 -2.655741015775939928e+01
4.339999999999947455e+00 -2.653881142838618246e+01
4.349999999999947242e+00 -2.652594065507938481e+01
4.359999999999947029e+00 -2.651882269217732713e+01
4.369999999999946816e+00 -2.651746018952011141e+01
4.379999999999946603e+00 -2.652182970018841246e+01
4.389999999999946390e+00 -2.653187778367675165e+01
4.399999999999946176e+00 -2.654752124122265045e+01
4.409999999999945963e+00 -2.656864811335836762e+01
4.419999999999945750e+00 -2.659511848856230998e+01
4.429999999999945537e+00 -2.662676633487102151e+01
4.439999999999945324e+00 -2.666340199425802027e+01
4.449999999999945111e+00 -2.670481524633310144e+01
4.459999999999944897e+00 -2.675077856844252366e+01
4.469999999999944684e+00 -2.680105032092002304e+01
4.479999999999944471e+00 -2.685537781909911814e+01
4.489999999999944258e+00 -2.691349995659260586e+01
4.499999999999944045e+00 -2.697515103709298856e+01
4.509999999999943832e+00 -2.704006319525975499e+01
4.519999999999943618e+00 -2.710796496928084665e+01
4.529999999999943405e+00 -2.717859446387860345e+01
4.539999999999943192e+00 -2.725171164352272157e+01
4.549999999999942979e+00 -2.732708315100846974e+01
4.559999999999942766e+00 -2.740447040965693049e+01
4.569999999999942553e+00 -2.748362984803304343e+01
4.579999999999942339e+00 -2.756431004556708686e+01
4.589999999999942126e+00 -2.764625032395086279e+01
4.599999999999941913e+00 -2.772918194294524952e+01
4.609999999999941700e+00 -2.781282517319051450e+01
4.619999999999941487e+00 -2.789688421968829246e+01
4.629999999999941274e+00 -2.798104815097098097e+01
4.639999999999941060e+00 -2.806499442091898189e+01
4.649999999999940847e+00 -2.814839204219563129e+01
4.659999999999940634e+00 -2.823090542445743267e+01
4.669999999999940421e+00 -2.831219812666919466e+01
4.679999999999940208e+00 -2.839193629968185917e+01
4.689999999999939995e+00 -2.846979168958405992e+01
4.699999999999939782e+00 -2.854544420010969219e+01
4.709999999999939568e+00 -2.861858409381478197e+01
4.719999999999939355e+00 -2.868891397782046937e+01
4.729999999999939142e+00 -2.875615068233695126e+01
4.739999999999938929e+00 -2.882002711534169848e+01
4.749999999999938716e+00 -2.888029409388879287e+01
4.759999999999938503e+00 -2.893672209679089491e+01
4.769999999999938289e+00 -2.898910282861596954e+01
4.779999999999938076e+00 -2.903725047056316200e+01
4.789999999999937863e+00 -2.908100249948568461e+01
4.799999999999937650e+00 -2.912022000010763989e+01
4.809999999999937437e+00 -2.915478744246619058e+01
4.819999999999937224e+00 -2.918461196397165125e+01
4.829999999999937010e+00 -2.920962223861754836e+01
4.839999999999936797e+00 -2.922976706260009294e+01
4.849999999999936584e+00 -2.924501379219415753e+01
4.859999999999936371e+00 -2.925534677707589637e+01
4.869999999999936158e+00 -2.926076598554066877e+01
4.879999999999935945e+00 -2.926128732603737603e+01
4.889999999999935731e+00 -2.925694414488267725e+01
4.899999999999935518e+00 -2.924778713955155496e+01
4.909999999999935305e+00 -2.923388354740846395e+01
4.919999999999935092e+00 -2.921531689728877978e+01
4.929999999999934879e+00 -2.919218680719389525e+01
4.939999999999934666e+00 -2.916460876184515172e+01
4.949999999999934452e+00 -2.913271381831041751e+01
4.959999999999934239e+00 -2.909664826357621337e+01
4.969999999999934026e+00 -2.905657325988180517e+01
4.979999999999933813e+00 -2.901266453655711430e+01
4.989999999999933600e+00 -2.896511216957460988e+01
4.999999999999933387e+00 -2.891412046782907197e+01
5.009999999999933173e+00 -2.885990794368445478e+01
5.019999999999932960e+00 -2.880270731586226418e+01
5.029999999999932747e+00 -2.874276546158316137e+01
5.039999999999932534e+00 -2.868034323104654959e+01
5.049999999999932321e+00 -2.861571503671236272e+01
5.059999999999932108e+00 -2.854916815633245974e+01
5.069999999999931894e+00 -2.848100171029685157e+01
5.079999999999931681e+00 -2.841152531231510281e+01
5.089999999999931468e+00 -2.834105741469042528e+01
5.099999999999931255e+00 -2.826992339924715480e+01
5.109999999999931042e+00 -2.819845312696019235e+01
5.119999999999930829e+00 -2.812697744702087732e+01
5.129999999999930616e+00 -2.805582485329533071e+01
5.139999999999930402e+00 -2.798530987336413389e+01
5.149999999999930189e+00 -2.791571510385925947e+01
5.159999999999929976e+00 -2.784729344830175179e+01
5.169999999999929763e+00 -2.778028347190268477e+01
5.179999999999929550e+00 -2.771491389179485409e+01
5.189999999999929337e+00 -2.765140390056071951e+01
5.199999999999929123e+00 -2.758996412536858500e+01
5.209999999999928910e+00 -2.753079671978973053e+01
5.219999999999928697e+00 -2.747409713941852161e+01
5.229999999999928484e+00 -2.742005612112715696e+01
5.239999999999928271e+00 -2.736885955566506112e+01
5.249999999999928058e+00 -2.732068440197113190e+01
5.259999999999927844e+00 -2.727569679525155522e+01
5.269999999999927631e+00 -2.723405508831384125e+01
5.279999999999927418e+00 -2.719590930422597097e+01
5.289999999999927205e+00 -2.716139816806332519e+01
5.299999999999926992e+00 -2.713064729313113332e+01
5.309999999999926779e+00 -2.710376725013809462e+01
5.319999999999926565e+00 -2.708085216814142626e+01
5.329999999999926352e+00 -2.706197898422771075e+01
5.339999999999926139e+00 -2.704720714105523882e+01
5.349999999999925926e+00 -2.703657875437406588e+01
5.359999999999925713e+00 -2.703011915051791547e+01
5.369999999999925500e+00 -2.702783741189239564e+01
5.379999999999925286e+00 -2.702972455659881135e+01
5.389999999999925073e+00 -2.703575028880375442e+01
5.399999999999924860e+00 -2.704586261065522379e+01
5.409999999999924647e+00 -2.705998871168210229e+01
5.419999999999924434e+00 -2.707803549246964181e+01
5.429999999999924221e+00 -2.709989057854152250e+01
5.439999999999924007e+00 -2.712542369902502770e+01
5.449999999999923794e+00 -2.715448845759398111e+01
5.459999999999923581e+00 -2.718692435950498520e+01
5.469999999999923368e+00 -2.722255989424119349e+01
5.479999999999923155e+00 -2.726121561643871516e+01
5.489999999999922942e+00 -2.730270496583704443e+01
5.499999999999922728e+00 -2.734683459508809378e+01
5.509999999999922515e+00 -2.739340489234721332e+01
5.519999999999922302e+00 -2.744221843719368437e+01
5.529999999999922089e+00 -2.749309193215971447e+01
5.539999999999921876e+00 -2.754585147228491238e+01
5.549999999999921663e+00 -2.760032219535232301e+01
5.559999999999921450e+00 -2.765632628852841179e+01
5.569999999999921236e+00 -2.771368353393994965e+01
5.579999999999921023e+00 -2.777221033560080343e+01
5.589999999999920810e+00 -2.783171549653910404e+01
5.599999999999920597e+00 -2.789199674323414513e+01
5.609999999999920384e+00 -2.795284070460682457e+01
5.619999999999920171e+00 -2.801402393823704173e+01
5.629999999999919957e+00 -2.807531439042320542e+01
5.639999999999919744e+00 -2.813647350884210852e+01
5.649999999999919531e+00 -2.819725856267854880e+01
5.659999999999919318e+00 -2.825742495458478132e+01
5.669999999999919105e+00 -2.831672835781677477e+01
5.679999999999918892e+00 -2.837492660772016606e+01
5.689999999999918678e+00 -2.843178136239582798e+01
5.699999999999918465e+00 -2.848705960580707597e+01
5.709999999999918252e+00 -2.854053508173138098e+01
5.719999999999918039e+00 -2.859198973760187101e+01
5.729999999999917826e+00 -2.864121521667781778e+01
5.739999999999917613e+00 -2.868801438844621643e+01
5.749999999999917399e+00 -2.873220286180485772e+01
5.759999999999917186e+00 -2.877361039127098863e+01
5.769999999999916973e+00 -2.881208207686596978e+01
5.779999999999916760e+00 -2.884747926558104325e+01
5.789999999999916547e+00 -2.887968009241927447e+01
5.799999999999916334e+00 -2.890857963556204524e+01
5.809999999999916120e+00 -2.893408970390620283e+01
5.819999999999915907e+00 -2.895613830970594549e+01
5.829999999999915694e+00 -2.897466890689913299e+01
5.839999999999915481e+00 -2.898963948584695061e+01
5.849999999999915268e+00 -2.900102161602971762e+01
5.859999999999915055e+00 -2.900879951388645495e+01
5.869999999999914841e+00 -2.901296922751084750e+01
5.879999999999914628e+00 -2.901353887314823865e+01
5.889999999999914415e+00 -2.901052981870428127e+01
5.899999999999914202e+00 -2.900397692575705477e+01
5.909999999999913989e+00 -2.899392803034601584e+01
5.919999999999913776e+00 -2.898044366854416154e+01
5.929999999999913562e+00 -2.896359685857448696e+01
5.939999999999913349e+00 -2.894347283189074460e+01
5.949999999999913136e+00 -2.892016871470819339e+01
5.959999999999912923e+00 -2.889379317569760275e+01
5.969999999999912710e+00 -2.886446607530532660e+01
5.979999999999912497e+00 -2.883231815127137310e+01
5.989999999999912283e+00 -2.879749077128902357e+01
5.999999999999912070e+00 -2.876013575755373353e+01
6.009999999999911857e+00 -2.872041527013842810e+01
6.019999999999911644e+00 -2.867850170834402590e+01
6.029999999999911431e+00 -2.863457757900799905e+01
6.039999999999911218e+00 -2.858883527116254797e+01
6.049999999999911005e+00 -2.854147668562938378e+01
6.059999999999910791e+00 -2.849271267812751418e+01
6.069999999999910578e+00 -2.844276229644577825e+01
6.079999999999910365e+00 -2.839185180919648843e+01
6.089999999999910152e+00 -2.834021354431410344e+01
6.099999999999909939e+00 -2.828808456659267989e+01
6.109999999999909726e+00 -2.823570514556585209e+01
6.119999999999909512e+00 -2.818331651923163150e+01
6.129999999999909299e+00 -2.813115854578305175e+01
6.139999999999909086e+00 -2.807946630788381270e+01
6.149999999999908873e+00 -2.802846215633261195e+01
6.159999999999908660e+00 -2.797834610561623592e+01
6.169999999999908447e+00 -2.792929732767477091e+01
6.179999999999908233e+00 -2.788148606373889038e+01
6.189999999999908020e+00 -2.783507819482295176e+01
6.199999999999907807e+00 -2.779023181440297208e+01
6.209999999999907594e+00 -2.774709563280102387e+01
6.219999999999907381e+00 -2.770581061060718753e+01
6.229999999999907168e+00 -2.766651266439004431e+01
6.239999999999906954e+00 -2.762933395610689402e+01
6.249999999999906741e+00 -2.759440305735371979e+01
6.259999999999906528e+00 -2.756184464624988806e+01
6.269999999999906315e+00 -2.753177861584308772e+01
6.279999999999906102e+00 -2.750431827698646359e+01
6.289999999999905889e+00 -2.747956697928171366e+01
6.299999999999905675e+00 -2.745761580530141188e+01
6.309999999999905462e+00 -2.743854423807410825e+01
6.319999999999905249e+00 -2.742242030062137559e+01
6.329999999999905036e+00 -2.740929948778297032e+01
6.339999999999904823e+00 -2.739922423194550660e+01
6.349999999999904610e+00 -2.739222378107040257e+01
6.359999999999904396e+00 -2.738831446971403594e+01
6.369999999999904183e+00 -2.738749998570102306e+01
6.379999999999903970e+00 -2.738976976010324904e+01
6.389999999999903757e+00 -2.739509687121504911e+01
6.399999999999903544e+00 -2.740343839101124601e+01
6.409999999999903331e+00 -2.741473620247717591e+01
6.419999999999903117e+00 -2.742891739724250044e+01
6.429999999999902904e+00 -2.744589548646311883e+01
6.439999999999902691e+00 -2.746557193499928928e+01
6.449999999999902478e+00 -2.748783706644714186e+01
6.459999999999902265e+00 -2.751257095284086773e+01
6.469999999999902052e+00 -2.753964493169946692e+01
6.479999999999901839e+00 -2.756892310903789323e+01
6.489999999999901625e+00 -2.760026344088400663e+01
6.499999999999901412e+00 -2.763351884274868908e+01
6.509999999999901199e+00 -2.766854425147739605e+01
6.519999999999900986e+00 -2.770520468843668382e+01
6.529999999999900773e+00 -2.774337206818848145e+01
6.539999999999900560e+00 -2.778291924804046786e+01
6.549999999999900346e+00 -2.782371778710949073e+01
6.559999999999900133e+00 -2.786563549070724477e+01
6.569999999999899920e+00 -2.790853456314964731e+01
6.579999999999899707e+00 -2.795227056326953630e+01
6.589999999999899494e+00 -2.799669173826781332e+01
6.599999999999899281e+00 -2.804163897345599210e+01
6.609999999999899067e+00 -2.808694633826667797e+01
6.619999999999898854e+00 -2.813244207560066101e+01
6.629999999999898641e+00 -2.817794988595123939e+01
6.639999999999898428e+00 -2.822329034015697857e+01
6.649999999999898215e+00 -2.826828229160894423e+01
6.659999999999898002e+00 -2.831274421229282723e+01
6.669999999999897788e+00 -2.835649542544050661e+01
6.679999999999897575e+00 -2.839935725303856984e+01
6.689999999999897362e+00 -2.844115412027425904e+01
6.699999999999897149e+00 -2.848171466175800504e+01
6.709999999999896936e+00 -2.852087286263274990e+01
6.719999999999896723e+00 -2.855846923924504566e+01
6.729999999999896509e+00 -2.859435203793541902e+01
6.739999999999896296e+00 -2.862837840255869537e+01
6.749999999999896083e+00 -2.866041544913187522e+01
6.759999999999895870e+00 -2.869034118089673413e+01
6.769999999999895657e+00 -2.871804518989919686e+01
6.779999999999895444e+00 -2.874342910829430053e+01
6.789999999999895230e+00 -2.876640680021893104e+01
6.799999999999895017e+00 -2.878690430760965313e+01
6.809999999999894804e+00 -2.880485958731181739e+01
6.819999999999894591e+00 -2.882022208825524956e+01
6.829999999999894378e+00 -2.883295222642904676e+01
6.839999999999894165e+00 -2.884302081084117120e+01
6.849999999999893951e+00 -2.885040846910751000e+01
6.859999999999893738e+00 -2.885510510726843592e+01
6.869999999999893525e+00 -2.885710950979274259e+01
6.879999999999893312e+00 -2.885642994231545799e+01
6.889999999999893099e+00 -2.885308516834528447e+01
6.899999999999892886e+00 -2.884710427684525769e+01
6.909999999999892673e+00 -2.883852624767716222e+01
6.919999999999892459e+00 -2.882739983683335439e+01
6.929999999999892246e+00 -2.881378335518079936e+01
6.939999999999892033e+00 -2.879774443172296472e+01
6.949999999999891820e+00 -2.877935973696903815e+01
6.959999999999891607e+00 -2.875871469274963843e+01
6.969999999999891394e+00 -2.873590318989198877e+01
6.979999999999891180e+00 -2.871102733695078157e+01
6.989999999999890967e+00 -2.868419725182310742e+01
6.999999999999890754e+00 -2.865553089360131978e+01
7.009999999999890541e+00 -2.862515391782978114e+01
7.019999999999890328e+00 -2.859319952393609299e+01
7.029999999999890115e+00 -2.855980825959873570e+01
7.039999999999889901e+00 -2.852512774401318651e+01
7.049999999999889688e+00 -2.848931228149133332e+01
7.059999999999889475e+00 -2.845252234446742534e+01
7.069999999999889262e+00 -2.841492392082408713e+01
7.079999999999889049e+00 -2.837668772973266229e+01
7.089999999999888836e+00 -2.833798832333956241e+01
7.099999999999888622e+00 -2.829900309555566551e+01
7.109999999999888409e+00 -2.825991110790543459e+01
7.119999999999888196e+00 -2.822089141215840158e+01
7.129999999999887983e+00 -2.818212147734070072e+01
7.139999999999887770e+00 -2.814377614883236234e+01
7.149999999999887557e+00 -2.810602166663679213e+01
7.159999999999887343e+00 -2.806900826761785339e+01
7.169999999999887130e+00 -2.803287089220381745e+01
7.179999999999886917e+00 -2.799773476642700132e+01
7.189999999999886704e+00 -2.796372036515519000e+01
7.199999999999886491e+00 -2.793094458251616174e+01
7.209999999999886278e+00 -2.789952023575068552e+01
7.219999999999886064e+00 -2.786955550113817992e+01
7.229999999999885851e+00 -2.784115230503498850e+01
7.239999999999885638e+00 -2.781440630920529600e+01
7.249999999999885425e+00 -2.778940830790931926e+01
7.259999999999885212e+00 -2.776624519557367776e+01
7.269999999999884999e+00 -2.774500039144141894e+01
7.279999999999884785e+00 -2.772575324634971849e+01
7.289999999999884572e+00 -2.770857769901312295e+01
7.299999999999884359e+00 -2.769354082933263328e+01
7.309999999999884146e+00 -2.768070136522582914e+01
7.319999999999883933e+00 -2.767010862372193358e+01
7.329999999999883720e+00 -2.766180175478240955e+01
7.339999999999883507e+00 -2.765580922500440053e+01
7.349999999999883293e+00 -2.765214865704245994e+01
7.359999999999883080e+00 -2.765082691611060639e+01
7.369999999999882867e+00 -2.765183945024708834e+01
7.379999999999882654e+00 -2.765516908478360492e+01
7.389999999999882441e+00 -2.766078603749864229e+01
7.399999999999882228e+00 -2.766864867203844014e+01
7.409999999999882014e+00 -2.767870411024911803e+01
7.419999999999881801e+00 -2.769088891655719920e+01
7.429999999999881588e+00 -2.770512988406948196e+01
7.439999999999881375e+00 -2.772134493219313356e+01
7.449999999999881162e+00 -2.773944410119858972e+01
7.459999999999880949e+00 -2.775933061081189379e+01
7.469999999999880735e+00 -2.778090212637908607e+01
7.479999999999880522e+00 -2.780405196322409012e+01
7.489999999999880309e+00 -2.782867183729746685e+01
7.499999999999880096e+00 -2.785465802114059386e+01
7.509999999999879883e+00 -2.788191329212816427e+01
7.519999999999879670e+00 -2.791034165852486737e+01
7.529999999999879456e+00 -2.793984520887824985e+01
7.539999999999879243e+00 -2.797032400850697442e+01
7.549999999999879030e+00 -2.800167524513221906e+01
7.559999999999878817e+00 -2.803379221359590190e+01
7.569999999999878604e+00 -2.806656357464091656e+01
7.579999999999878391e+00 -2.809987295310620325e+01
7.589999999999878177e+00 -2.813359891777239596e+01
7.599999999999877964e+00 -2.816761533706505460e+01
7.609999999999877751e+00 -2.820179202102854177e+01
7.619999999999877538e+00 -2.823599556569523727e+01
7.629999999999877325e+00 -2.827009029532950635e+01
7.639999999999877112e+00 -2.830393922876269031e+01
7.649999999999876898e+00 -2.833740501830626002e+01
7.659999999999876685e+00 -2.837035084483144942e+01
7.669999999999876472e+00 -2.840264127413333739e+01
7.679999999999876259e+00 -2.843414309742324875e+01
7.689999999999876046e+00 -2.846472617709597230e+01
7.699999999999875833e+00 -2.849426431483334454e+01
7.709999999999875619e+00 -2.852263613916598928e+01
7.719999999999875406e+00 -2.854972599743088679e+01
7.729999999999875193e+00 -2.857542481710827431e+01
7.739999999999874980e+00 -2.859963089829858163e+01
7.749999999999874767e+00 -2.862225059254755877e+01
7.759999999999874554e+00 -2.864319883552209944e+01
7.769999999999874341e+00 -2.866239950775211653e+01
7.779999999999874127e+00 -2.867978561920481795e+01
7.789999999999873914e+00 -2.869529932347708012e+01
7.799999999999873701e+00 -2.870889178689800048e+01
7.809999999999873488e+00 -2.872052294115244919e+01
7.819999999999873275e+00 -2.873016115840636076e+01
7.829999999999873062e+00 -2.873778288143068949e+01
7.839999999999872848e+00 -2.874337224311545214e+01
7.849999999999872635e+00 -2.874692069724996912e+01
7.859999999999872422e+00 -2.874842672670453680e+01
7.869999999999872209e+00 -2.874789620330944828e+01
7.879999999999871996e+00 -2.874534306501881886e+01
7.889999999999871783e+00 -2.874078921211740578e+01
7.899999999999871569e+00 -2.873426418861550857e+01
7.909999999999871356e+00 -2.872580507580262577e+01
7.919999999999871143e+00 -2.871545631652769615e+01
7.929999999999870930e+00 -2.870326952089175521e+01
7.939999999999870717e+00 -2.868930324456573544e+01
7.949999999999870504e+00 -2.867362275367177205e+01
7.959999999999870290e+00 -2.865629979415812656e+01
7.969999999999870077e+00 -2.863741238074328521e+01
7.979999999999869864e+00 -2.861704461538820610e+01
7.989999999999869651e+00 -2.859528653295321732e+01
7.999999999999869438e+00 -2.857223396379360736e+01
8.009999999999870113e+00 -2.854798839065032823e+01
8.019999999999869900e+00 -2.852265677645748099e+01
8.029999999999869686e+00 -2.849635133529508835e+01
8.039999999999869473e+00 -2.846918922743715896e+01
8.049999999999869260e+00 -2.844129216254814096e+01
8.059999999999869047e+00 -2.841278590816275695e+01
8.069999999999868834e+00 -2.838379970512881201e+01
8.079999999999868621e+00 -2.835446560272984229e+01
8.089999999999868407e+00 -2.832491772728868895e+01
8.099999999999868194e+00 -2.829529146743111667e+01
8.109999999999867981e+00 -2.826572222933309675e+01
8.119999999999867768e+00 -2.823634416106801126e+01
8.129999999999867555e+00 -2.820728963003490719e+01
8.139999999999867342e+00 -2.817868583605386235e+01
8.149999999999867129e+00 -2.815065033979012554e+01
8.159999999999866915e+00 -2.812328928454703103e+01
8.169999999999866702e+00 -2.809669811434142161e+01
8.179999999999866489e+00 -2.807096675658705465e+01
8.189999999999866276e+00 -2.804618309289128320e+01
8.199999999999866063e+00 -2.802243231960986591e+01
8.209999999999865850e+00 -2.799979687418659680e+01
8.219999999999865636e+00 -2.797835630212010471e+01
8.229999999999865423e+00 -2.795818646110675232e+01
8.239999999999865210e+00 -2.793935932281585011e+01
8.249999999999864997e+00 -2.792194315447075326e+01
8.259999999999864784e+00 -2.790600221872399089e+01
8.269999999999864571e+00 -2.789159615292201977e+01
8.279999999999864357e+00 -2.787877959427655128e+01
8.289999999999864144e+00 -2.786760186908664849e+01
8.299999999999863931e+00 -2.785810602696964366e+01
8.309999999999863718e+00 -2.785032800690171584e+01
8.319999999999863505e+00 -2.784429635127957070e+01
8.329999999999863292e+00 -2.784003190058326638e+01
8.339999999999863078e+00 -2.783754742379899128e+01
8.349999999999862865e+00 -2.783684739860624546e+01
8.359999999999862652e+00 -2.783792715423523134e+01
8.369999999999862439e+00 -2.784077180504637283e+01
8.379999999999862226e+00 -2.784535650146915131e+01
8.389999999999862013e+00 -2.785164724385981572e+01
8.399999999999861799e+00 -2.785960163459176897e+01
8.409999999999861586e+00 -2.786916957469973610e+01
8.419999999999861373e+00 -2.788029389502363031e+01
8.429999999999861160e+00 -2.789291134182694876e+01
8.439999999999860947e+00 -2.790695342886394315e+01
8.449999999999860734e+00 -2.792234676452862630e+01
8.459999999999860520e+00 -2.793901352247383940e+01
8.469999999999860307e+00 -2.795687272938838319e+01
8.479999999999860094e+00 -2.797584400494620738e+01
8.489999999999859881e+00 -2.799585124869865993e+01
8.499999999999859668e+00 -2.801682097246590430e+01
8.509999999999859455e+00 -2.803867889436233796e+01
8.519999999999859241e+00 -2.806134910138531069e+01
8.529999999999859028e+00 -2.808475376549989377e+01
8.539999999999858815e+00 -2.810881244421073077e+01
8.549999999999858602e+00 -2.813344148009693058e+01
8.559999999999858389e+00 -2.815855362735975120e+01
8.569999999999858176e+00 -2.818405793542687832e+01
8.579999999999857963e+00 -2.820985989444929487e+01
8.589999999999857749e+00 -2.823586180407519564e+01
8.599999999999857536e+00 -2.826196329953542374e+01
8.609999999999857323e+00 -2.828806197281151924e+01
8.619999999999857110e+00 -2.831405402729071241e+01
8.629999999999856897e+00 -2.833983493177216317e+01
8.639999999999856684e+00 -2.836530005350330441e+01
8.649999999999856470e+00 -2.839034527573008404e+01
8.659999999999856257e+00 -2.841486761025936403e+01
8.669999999999856044e+00 -2.843876582510705120e+01
8.679999999999855831e+00 -2.846194109631153424e+01
8.689999999999855618e+00 -2.848429768874742152e+01
8.699999999999855405e+00 -2.850574365214543704e+01
8.709999999999855191e+00 -2.852619151292386590e+01
8.719999999999854978e+00 -2.854555892880690138e+01
8.729999999999854765e+00 -2.856376927663408338e+01
8.739999999999854552e+00 -2.858075214114964169e+01
8.749999999999854339e+00 -2.859644368619017740e+01
8.759999999999854126e+00 -2.861078689471249703e+01
8.769999999999853912e+00 -2.862373168146276825e+01
8.779999999999853699e+00 -2.863523488685108020e+01
8.789999999999853486e+00 -2.864526017419710158e+01
8.799999999999853273e+00 -2.865377785132357857e+01
8.809999999999853060e+00 -2.866076464423417036e+01
8.819999999999852847e+00 -2.866620344317083635e+01
8.829999999999852633e+00 -2.867008304325709744e+01
8.839999999999852420e+00 -2.867239789175672726e+01
8.849999999999852207e+00 -2.867314797779686231e+01
8.859999999999851994e+00 -2.867233918738812193e+01
8.869999999999851781e+00 -2.866998370963709064e+01
8.879999999999851568e+00 -2.866609988507259743e+01
8.889999999999851354e+00 -2.866071197567339368e+01
8.899999999999851141e+00 -2.865385006428126857e+01
8.909999999999850928e+00 -2.864554989593494128e+01
8.919999999999850715e+00 -2.863585270470453992e+01
8.929999999999850502e+00 -2.862480502310450703e+01
8.939999999999850289e+00 -2.861245848600282926e+01
8.949999999999850075e+00 -2.859886964276502397e+01
8.959999999999849862e+00 -2.858409978773804738e+01
8.969999999999849649e+00 -2.856821481442417010e+01
8.979999999999849436e+00 -2.855128508942274479e+01
8.989999999999849223e+00 -2.853338533664794241e+01
8.999999999999849010e+00 -2.851459451397985134e+01
9.009999999999848797e+00 -2.849499566494450420e+01
9.019999999999848583e+00 -2.847467572560596594e+01
9.029999999999848370e+00 -2.845372527398990314e+01
9.039999999999848157e+00 -2.843223821178260735e+01
9.049999999999847944e+00 -2.841031137772077386e+01
9.059999999999847731e+00 -2.838804409490470704e+01
9.069999999999847518e+00 -2.836553766203904914e+01
9.079999999999847304e+00 -2.834289479869541850e+01
9.089999999999847091e+00 -2.832021900788447866e+01
9.099999999999846878e+00 -2.829761360856297259e+01
9.109999999999846665e+00 -2.827518082706695779e+01
9.119999999999846452e+00 -2.825302146561156036e+01
9.129999999999846239e+00 -2.823123263073082967e+01
9.139999999999846025e+00 -2.820990427758857066e+01
9.149999999999845812e+00 -2.818911791390872779e+01
9.159999999999845599e+00 -2.816894714971772729e+01
9.169999999999845386e+00 -2.814946029992648491e+01
9.179999999999845173e+00 -2.813072325650265881e+01
9.189999999999844960e+00 -2.811280028334731895e+01
9.199999999999844746e+00 -2.809575366622305381e+01
9.209999999999844533e+00 -2.807964367789396221e+01
9.219999999999844320e+00 -2.806452835805296786e+01
9.229999999999844107e+00 -2.805046282273676184e+01
9.239999999999843894e+00 -2.803749897532525992e+01
9.249999999999843681e+00 -2.802568543391091893e+01
9.259999999999843467e+00 -2.801506738956219067e+01
9.269999999999843254e+00 -2.800568624921353589e+01
9.279999999999843041e+00 -2.799757910084578683e+01
9.289999999999842828e+00 -2.799077809169236275e+01
9.299999999999842615e+00 -2.798530984184514381e+01
9.309999999999842402e+00 -2.798119501694777256e+01
9.319999999999842188e+00 -2.797844798229467145e+01
9.329999999999841975e+00 -2.797707657085626209e+01
9.339999999999841762e+00 -2.797708180165219360e+01
9.349999999999841549e+00 -2.797845718894398104e+01
9.359999999999841336e+00 -2.798118822709169251e+01
9.369999999999841123e+00 -2.798525267306562370e+01
9.379999999999840909e+00 -2.799062107617232442e+01
9.389999999999840696e+00 -2.799725730437508631e+01
9.399999999999840483e+00 -2.800511919138481431e+01
9.409999999999840270e+00 -2.801415923065547275e+01
9.419999999999840057e+00 -2.802432528943239376e+01
9.429999999999839844e+00 -2.803556121245600963e+01
9.439999999999839631e+00 -2.804780744219368671e+01
9.449999999999839417e+00 -2.806100195224205862e+01
9.459999999999839204e+00 -2.807508272470710864e+01
9.469999999999838991e+00 -2.808999088035601588e+01
9.479999999999838778e+00 -2.810567010740507143e+01
9.489999999999838565e+00 -2.812206380772039083e+01
9.499999999999838352e+00 -2.813911417537394755e+01
9.509999999999838138e+00 -2.815676209862737522e+01
9.519999999999837925e+00 -2.817494665079422234e+01
9.529999999999837712e+00 -2.819360462101712628e+01
9.539999999999837499e+00 -2.821267020048272656e+01
9.549999999999837286e+00 -2.823207483919342309e+01
9.559999999999837073e+00 -2.825174728076100195e+01
9.569999999999836859e+00 -2.827161375472827487e+01
9.579999999999836646e+00 -2.829159828385218134e+01
9.589999999999836433e+00 -2.831162306779218696e+01
9.599999999999836220e+00 -2.833160890602241011e+01
9.609999999999836007e+00 -2.835147563757143985e+01
9.619999999999835794e+00 -2.837114258866843031e+01
9.629999999999835580e+00 -2.839052903005010009e+01
9.639999999999835367e+00 -2.840955465390771550e+01
9.649999999999835154e+00 -2.842814007916386032e+01
9.659999999999834941e+00 -2.844620739147501354e+01
9.669999999999834728e+00 -2.846368071386518395e+01
9.679999999999834515e+00 -2.848048679726923638e+01
9.689999999999834301e+00 -2.849655560946740707e+01
9.699999999999834088e+00 -2.851182089869021041e+01
9.709999999999833875e+00 -2.852622070398377474e+01
9.719999999999833662e+00 -2.853969779040338750e+01
9.729999999999833449e+00 -2.855219998994271435e+01
9.739999999999833236e+00 -2.856368044052485899e+01
9.749999999999833022e+00 -2.857409772060477238e+01
9.759999999999832809e+00 -2.858341588817549805e+01
9.769999999999832596e+00 -2.859160443547342467e+01
9.779999999999832383e+00 -2.859863817782094131e+01
9.789999999999832170e+00 -2.860449709281897768e+01
9.799999999999831957e+00 -2.860916612891811894e+01
9.809999999999831743e+00 -2.861263499683532885e+01
9.819999999999831530e+00 -2.861489795806541281e+01
9.829999999999831317e+00 -2.861595361900597467e+01
9.839999999999831104e+00 -2.861580501903956986e+01
9.849999999999830891e+00 -2.861445992853261089e+01
9.859999999999830678e+00 -2.861193082983856684e+01
9.869999999999830465e+00 -2.860823474172905279e+01
9.879999999999830251e+00 -2.860339312221007191e+01
9.889999999999830038e+00 -2.859743175763938083e+01
9.899999999999829825e+00 -2.859038064020467473e+01
9.909999999999829612e+00 -2.858227383365255392e+01
9.919999999999829399e+00 -2.857314933588296668e+01
9.929999999999829186e+00 -2.856304894605858280e+01
9.939999999999828972e+00 -2.855201814647974956e+01
9.949999999999828759e+00 -2.854010600215709204e+01
9.959999999999828546e+00 -2.852736507847872716e+01
9.969999999999828333e+00 -2.851385136836871581e+01
9.979999999999828120e+00 -2.849962421789565425e+01
9.989999999999827907e+00 -2.848474623412240803e+01
9.999999999999827693e+00 -2.846928316111656798e+01
1.000999999999982748e+01 -2.845330371031727879e+01
