0.000000000000000000e+00 1.955483507127502366e-03
5.000000000000000278e-02 -1.387694504726756824e-02
1.000000000000000056e-01 -1.008245336584973201e-01
1.500000000000000222e-01 -2.938185720750248198e-01
2.000000000000000111e-01 -6.386404581910274381e-01
2.500000000000000000e-01 -1.130653864048134505e+00
2.999999999999999889e-01 -1.712767749618764102e+00
3.499999999999999778e-01 -2.320451821046995988e+00
3.999999999999999667e-01 -2.807215622134741739e+00
4.499999999999999556e-01 -3.097211296586129148e+00
4.999999999999999445e-01 -3.081635930817792079e+00
5.499999999999999334e-01 -2.750821147229931540e+00
5.999999999999999778e-01 -2.138228202526692101e+00
6.500000000000000222e-01 -1.295597043190234166e+00
7.000000000000000666e-01 -3.440157200071502497e-01
7.500000000000001110e-01 6.464208943218747727e-01
8.000000000000001554e-01 1.539254902445857720e+00
8.500000000000001998e-01 2.273271613615813092e+00
9.000000000000002442e-01 2.746546289472411750e+00
9.500000000000002887e-01 2.928660611189847884e+00
1.000000000000000222e+00 2.793117505767256148e+00
1.050000000000000266e+00 2.356205640606037655e+00
1.100000000000000311e+00 1.682735274777401813e+00
1.150000000000000355e+00 8.278974691845906175e-01
1.200000000000000400e+00 -8.587562732383603736e-02
1.250000000000000444e+00 -9.922682992492324328e-01
1.300000000000000488e+00 -1.766794622065533726e+00
1.350000000000000533e+00 -2.357277659676969783e+00
1.400000000000000577e+00 -2.681798665981323548e+00
1.450000000000000622e+00 -2.720962137246612400e+00
1.500000000000000666e+00 -2.468861592856343545e+00
1.550000000000000711e+00 -1.949890729204763362e+00
1.600000000000000755e+00 -1.240103331579349932e+00
1.650000000000000799e+00 -3.959588728144282643e-01
1.700000000000000844e+00 4.626116754617967675e-01
1.750000000000000888e+00 1.274276201861671565e+00
1.800000000000000933e+00 1.927622256559675895e+00
1.850000000000000977e+00 2.379315150961364811e+00
1.900000000000001021e+00 2.566635550559901890e+00
1.950000000000001066e+00 2.480333657266582392e+00
2.000000000000000888e+00 2.132658598241626624e+00
2.050000000000000711e+00 1.554464123394258879e+00
2.100000000000000533e+00 8.297440233187217684e-01
2.150000000000000355e+00 1.476421646431931925e-02
2.200000000000000178e+00 -7.753521162665030220e-01
2.250000000000000000e+00 -1.484955940815250397e+00
2.299999999999999822e+00 -2.016677576226504787e+00
2.349999999999999645e+00 -2.336070527814870790e+00
2.399999999999999467e+00 -2.398899077016859671e+00
2.449999999999999289e+00 -2.205030039119790786e+00
2.499999999999999112e+00 -1.782258144031575009e+00
2.549999999999998934e+00 -1.166291593364887191e+00
2.599999999999998757e+00 -4.459746823542318217e-01
2.649999999999998579e+00 3.239504876433866309e-01
2.699999999999998401e+00 1.035310662677837446e+00
2.749999999999998224e+00 1.638759327511810637e+00
2.799999999999998046e+00 2.051586991001289384e+00
2.849999999999997868e+00 2.247978288592876961e+00
2.899999999999997691e+00 2.200887530997801989e+00
2.949999999999997513e+00 1.918052695123932949e+00
2.999999999999997335e+00 1.439971506700686854e+00
3.049999999999997158e+00 8.056710811338112510e-01
3.099999999999996980e+00 1.061219861404098103e-01
3.149999999999996803e+00 -6.064625292073166918e-01
3.199999999999996625e+00 -1.232339672263331520e+00
3.249999999999996447e+00 -1.728777480159118474e+00
3.299999999999996270e+00 -2.027834963395517942e+00
3.349999999999996092e+00 -2.111925845712987471e+00
3.399999999999995914e+00 -1.969797782157468591e+00
3.449999999999995737e+00 -1.615908650507994704e+00
3.499999999999995559e+00 -1.100888940579424435e+00
3.549999999999995381e+00 -4.657133000470198847e-01
3.599999999999995204e+00 1.989755653657447609e-01
3.649999999999995026e+00 8.444107279049157810e-01
3.699999999999994849e+00 1.380596563803937693e+00
3.749999999999994671e+00 1.771626145530637020e+00
3.799999999999994493e+00 1.964151692815893746e+00
3.849999999999994316e+00 1.948220213546200119e+00
3.899999999999994138e+00 1.726625798634278119e+00
3.949999999999993960e+00 1.319292408389877602e+00
3.999999999999993783e+00 7.843818625339928907e-01
4.049999999999993605e+00 1.635698988388855635e-01
4.099999999999993427e+00 -4.549162957999847712e-01
4.149999999999993250e+00 -1.026422638301867085e+00
4.199999999999993072e+00 -1.471524096223016276e+00
4.249999999999992895e+00 -1.761130945907332990e+00
4.299999999999992717e+00 -1.855968214532022209e+00
4.349999999999992539e+00 -1.753034971894839478e+00
4.399999999999992362e+00 -1.467375003005700895e+00
4.449999999999992184e+00 -1.023191537929554418e+00
4.499999999999992006e+00 -4.837719717899144345e-01
4.549999999999991829e+00 1.096232807731544467e-01
4.599999999999991651e+00 6.730098862596922693e-01
4.649999999999991473e+00 1.166379066214230598e+00
4.699999999999991296e+00 1.521406381380213890e+00
4.749999999999991118e+00 1.715641159804173643e+00
4.799999999999990941e+00 1.723020456132771328e+00
4.849999999999990763e+00 1.546671921726044729e+00
4.899999999999990585e+00 1.211932575593514194e+00
4.949999999999990408e+00 7.461392436140312778e-01
4.999999999999990230e+00 2.155313655394648087e-01
5.049999999999990052e+00 -3.399465147719945568e-01
5.099999999999989875e+00 -8.419262868161525581e-01
5.149999999999989697e+00 -1.255360855148149435e+00
5.199999999999989519e+00 -1.523207884193739314e+00
5.249999999999989342e+00 -1.629379705629667496e+00
5.299999999999989164e+00 -1.560064132584678687e+00
5.349999999999988987e+00 -1.323715662321562903e+00
5.399999999999988809e+00 -9.541057201506041308e-01
5.449999999999988631e+00 -4.806400996349441401e-01
5.499999999999988454e+00 2.949760568594980356e-02
5.549999999999988276e+00 5.384969507014759627e-01
5.599999999999988098e+00 9.748076175921888131e-01
5.649999999999987921e+00 1.308558550419554489e+00
5.699999999999987743e+00 1.493926412167970730e+00
5.749999999999987566e+00 1.520760308842382003e+00
5.799999999999987388e+00 1.386254255672309865e+00
5.849999999999987210e+00 1.103288214692070168e+00
5.899999999999987033e+00 7.121369020665427874e-01
5.949999999999986855e+00 2.432877719738213429e-01
5.999999999999986677e+00 -2.368655681236951083e-01
6.049999999999986500e+00 -6.932540901653215792e-01
6.099999999999986322e+00 -1.061924633124552875e+00
6.149999999999986144e+00 -1.318209212609273262e+00
6.199999999999985967e+00 -1.427151558201824377e+00
6.249999999999985789e+00 -1.384043523156755162e+00
6.299999999999985612e+00 -1.195798166451192523e+00
6.349999999999985434e+00 -8.788683103716269374e-01
6.399999999999985256e+00 -4.782517435691192031e-01
6.449999999999985079e+00 -2.463863748929976880e-02
6.499999999999984901e+00 4.178772338545392317e-01
6.549999999999984723e+00 8.174618614377752168e-01
6.599999999999984546e+00 1.118315622006504029e+00
6.649999999999984368e+00 1.300891840504183383e+00
6.699999999999984190e+00 1.340541427189223977e+00
6.749999999999984013e+00 1.237418088841548025e+00
6.799999999999983835e+00 1.006752538755831816e+00
6.849999999999983658e+00 6.677228544402337151e-01
6.899999999999983480e+00 2.683748463342954804e-01
6.949999999999983302e+00 -1.611531941116876310e-01
6.999999999999983125e+00 -5.602871919870006101e-01
7.049999999999982947e+00 -9.007627363280249488e-01
7.099999999999982769e+00 -1.135211935740739753e+00
7.149999999999982592e+00 -1.249030668546405431e+00
7.199999999999982414e+00 -1.227186438000617219e+00
7.249999999999982236e+00 -1.074097835745314367e+00
7.299999999999982059e+00 -8.119251444956633312e-01
7.349999999999981881e+00 -4.617643414474678631e-01
7.399999999999981704e+00 -7.314416974469477306e-02
7.449999999999981526e+00 3.250257424261415173e-01
7.499999999999981348e+00 6.767320384552930612e-01
7.549999999999981171e+00 9.575068458879441025e-01
7.599999999999980993e+00 1.128463876690453338e+00
7.649999999999980815e+00 1.179644640188179716e+00
7.699999999999980638e+00 1.104734652503295944e+00
7.749999999999980460e+00 9.117545973004916871e-01
7.799999999999980282e+00 6.283624716700937363e-01
7.849999999999980105e+00 2.768215997358174918e-01
7.899999999999979927e+00 -9.322081721986513747e-02
7.949999999999979750e+00 -4.546037619425606913e-01
7.999999999999979572e+00 -7.565966099679333201e-01
8.049999999999979394e+00 -9.786109401665828988e-01
8.099999999999980105e+00 -1.090071094562759191e+00
8.149999999999980815e+00 -1.085316793513108946e+00
8.199999999999981526e+00 -9.658207321590003280e-01
8.249999999999982236e+00 -7.425762216864677523e-01
8.299999999999982947e+00 -4.474070101711632996e-01
8.349999999999983658e+00 -1.030640568603375246e-01
8.399999999999984368e+00 2.419012532324048559e-01
8.449999999999985079e+00 5.625162419123868052e-01
8.499999999999985789e+00 8.138924533819188456e-01
8.549999999999986500e+00 9.793214453861779356e-01
8.599999999999987210e+00 1.036207875239611553e+00
8.649999999999987921e+00 9.827724164044574495e-01
8.699999999999988631e+00 8.272394461808362243e-01
8.749999999999989342e+00 5.829309724685581839e-01
8.799999999999990052e+00 2.845417074502319954e-01
8.849999999999990763e+00 -4.529619493973324751e-02
8.899999999999991473e+00 -3.601466535322306872e-01
8.949999999999992184e+00 -6.375403913007322565e-01
8.999999999999992895e+00 -8.387524681492261047e-01
9.049999999999993605e+00 -9.508567061073859294e-01
9.099999999999994316e+00 -9.587618254932553929e-01
9.149999999999995026e+00 -8.641223656546460630e-01
9.199999999999995737e+00 -6.808673961033583355e-01
9.249999999999996447e+00 -4.240344049377271496e-01
9.299999999999997158e+00 -1.299883093347266316e-01
9.349999999999997868e+00 1.792926715606442678e-01
9.399999999999998579e+00 4.603452274147798451e-01
9.449999999999999289e+00 6.934250801184750346e-01
9.500000000000000000e+00 8.461055746159350521e-01
9.550000000000000711e+00 9.090583784002067569e-01
9.600000000000001421e+00 8.740770166495818172e-01
9.650000000000002132e+00 7.457637219804478246e-01
9.700000000000002842e+00 5.426849769633221854e-01
9.750000000000003553e+00 2.810204918766699977e-01
9.800000000000004263e+00 -2.261155134094772982e-03
9.850000000000004974e+00 -2.862670771236454081e-01
9.900000000000005684e+00 -5.311482066456035822e-01
9.950000000000006395e+00 -7.200042125318869557e-01
1.000000000000000711e+01 -8.266756328281161803e-01
1.005000000000000782e+01 -8.452016243826881992e-01
