0.000000000000000000e+00 1.955483487139677602e-03
1.000000000000000021e-02 1.186059099064965157e-03
2.000000000000000042e-02 -2.656448341959167202e-03
2.999999999999999889e-02 -1.262803183460408686e-02
4.000000000000000083e-02 -3.175557428190613207e-02
5.000000000000000278e-02 -6.303338959733703617e-02
6.000000000000000472e-02 -1.094290486587476963e-01
7.000000000000000666e-02 -1.738959448750244663e-01
8.000000000000000167e-02 -2.593870789171636160e-01
8.999999999999999667e-02 -3.688627320728904424e-01
9.999999999999999167e-02 -5.052844527310140776e-01
1.099999999999999867e-01 -6.715892913732776082e-01
1.199999999999999817e-01 -8.706413092939259135e-01
1.299999999999999767e-01 -1.105161211021331136e+00
1.399999999999999856e-01 -1.377639017588722314e+00
1.499999999999999944e-01 -1.690237704903846394e+00
1.600000000000000033e-01 -2.044697181431909705e+00
1.700000000000000122e-01 -2.442249006727960303e+00
1.800000000000000211e-01 -2.883550769544497516e+00
1.900000000000000300e-01 -3.368622642035569825e+00
2.000000000000000389e-01 -3.896816205057469507e+00
2.100000000000000477e-01 -4.466876686534208218e+00
2.200000000000000566e-01 -5.077030766028715725e+00
2.300000000000000655e-01 -5.725147214368413451e+00
2.400000000000000744e-01 -6.408843956618043514e+00
2.500000000000000555e-01 -7.125337994786231199e+00
2.600000000000000644e-01 -7.871386502360239845e+00
2.700000000000000733e-01 -8.643458873111400820e+00
2.800000000000000822e-01 -9.438032614870326853e+00
2.900000000000000910e-01 -1.025202175425346773e+01
3.000000000000000999e-01 -1.108302861498898828e+01
3.100000000000001088e-01 -1.192908336940807956e+01
3.200000000000001177e-01 -1.278830858987361907e+01
3.300000000000001266e-01 -1.365895596373132115e+01
3.400000000000001354e-01 -1.453941694503803461e+01
3.500000000000001443e-01 -1.542809128819118314e+01
3.600000000000001532e-01 -1.632332140979774948e+01
3.700000000000001621e-01 -1.722337241353664439e+01
3.800000000000001710e-01 -1.812642686962411531e+01
3.900000000000001799e-01 -1.903054907659190675e+01
4.000000000000001887e-01 -1.993366620482397167e+01
4.100000000000001976e-01 -2.083359127489839935e+01
4.200000000000002065e-01 -2.172804334908515500e+01
4.300000000000002154e-01 -2.261459826452381705e+01
4.400000000000002243e-01 -2.349063001749905766e+01
4.500000000000002331e-01 -2.435336485581132848e+01
4.600000000000002420e-01 -2.519998009809706119e+01
4.700000000000002509e-01 -2.602749092304273404e+01
4.800000000000002598e-01 -2.683351769550264621e+01
4.900000000000002687e-01 -2.761743144975030617e+01
5.000000000000002220e-01 -2.837956164070519449e+01
5.100000000000002309e-01 -2.912012401909992931e+01
5.200000000000002398e-01 -2.983917263394097574e+01
5.300000000000002487e-01 -3.053661482790287351e+01
5.400000000000002576e-01 -3.121221369229496645e+01
5.500000000000002665e-01 -3.186554448703596165e+01
5.600000000000002753e-01 -3.249595215652664848e+01
5.700000000000002842e-01 -3.310261623742136550e+01
5.800000000000002931e-01 -3.368461361632556361e+01
5.900000000000003020e-01 -3.424089714073885204e+01
6.000000000000003109e-01 -3.477031348013847634e+01
6.100000000000003197e-01 -3.527171387435013372e+01
6.200000000000003286e-01 -3.574407161263489030e+01
6.300000000000003375e-01 -3.618652100126990945e+01
6.400000000000003464e-01 -3.659831894771964045e+01
6.500000000000003553e-01 -3.697879698153756323e+01
6.600000000000003642e-01 -3.732740133753480904e+01
6.700000000000003730e-01 -3.764368487468308189e+01
6.800000000000003819e-01 -3.792720381671204422e+01
6.900000000000003908e-01 -3.817749225331846219e+01
7.000000000000003997e-01 -3.839403837878671766e+01
7.100000000000004086e-01 -3.857621667272666599e+01
7.200000000000004174e-01 -3.872324719560037920e+01
7.300000000000004263e-01 -3.883426359754765400e+01
7.400000000000004352e-01 -3.890844257343462687e+01
7.500000000000004441e-01 -3.894507639277576061e+01
7.600000000000004530e-01 -3.894363560994237616e+01
7.700000000000004619e-01 -3.890382803743779760e+01
7.800000000000004707e-01 -3.882584642705067779e+01
7.900000000000004796e-01 -3.871072486834168558e+01
8.000000000000004885e-01 -3.856038662067945921e+01
8.100000000000004974e-01 -3.837753971578573697e+01
8.200000000000005063e-01 -3.816552402330776061e+01
8.300000000000005151e-01 -3.792799691399400075e+01
8.400000000000005240e-01 -3.766858502937278530e+01
8.500000000000005329e-01 -3.739067235728442995e+01
8.600000000000005418e-01 -3.709729683935674416e+01
8.700000000000005507e-01 -3.679109831534194797e+01
8.800000000000005596e-01 -3.647439708158982086e+01
8.900000000000005684e-01 -3.614927211202830648e+01
9.000000000000005773e-01 -3.581755273027771125e+01
9.100000000000005862e-01 -3.548077714075241573e+01
9.200000000000005951e-01 -3.514019661228034863e+01
9.300000000000006040e-01 -3.479682140900344933e+01
9.400000000000006128e-01 -3.445147692003074269e+01
9.500000000000006217e-01 -3.410482161953468250e+01
9.600000000000006306e-01 -3.375718652487123705e+01
9.700000000000006395e-01 -3.340847002866737370e+01
9.800000000000006484e-01 -3.305820945256002119e+01
9.900000000000006573e-01 -3.270566712467656600e+01
1.000000000000000666e+00 -3.234987324413587828e+01
1.010000000000000675e+00 -3.198976142309058091e+01
1.020000000000000684e+00 -3.162449708270228044e+01
1.030000000000000693e+00 -3.125363318765921505e+01
1.040000000000000702e+00 -3.087710870780201944e+01
1.050000000000000711e+00 -3.049534560510465653e+01
1.060000000000000719e+00 -3.010923687860998399e+01
1.070000000000000728e+00 -2.972007588926789623e+01
1.080000000000000737e+00 -2.932959453253473114e+01
1.090000000000000746e+00 -2.893989731420782618e+01
1.100000000000000755e+00 -2.855323147236132186e+01
1.110000000000000764e+00 -2.817188093374723223e+01
1.120000000000000773e+00 -2.779817486918259206e+01
1.130000000000000782e+00 -2.743428665618854012e+01
1.140000000000000790e+00 -2.708206214131515566e+01
1.150000000000000799e+00 -2.674316671819971702e+01
1.160000000000000808e+00 -2.641918386695342846e+01
1.170000000000000817e+00 -2.611151007217819497e+01
1.180000000000000826e+00 -2.582136443091421540e+01
1.190000000000000835e+00 -2.554996748015756225e+01
1.200000000000000844e+00 -2.529861769225290757e+01
1.210000000000000853e+00 -2.506862341354504053e+01
1.220000000000000862e+00 -2.486122258398794926e+01
1.230000000000000870e+00 -2.467751174409857029e+01
1.240000000000000879e+00 -2.451833931737946060e+01
1.250000000000000888e+00 -2.438421641756060865e+01
1.260000000000000897e+00 -2.427524052075681382e+01
1.261000000000000787e+00 -2.426572105457099582e+01
1.262000000000000677e+00 -2.425644955237080325e+01
1.263000000000000567e+00 -2.424742515171683976e+01
1.264000000000000457e+00 -2.423864688629419462e+01
1.265000000000000346e+00 -2.423011370427203914e+01
1.266000000000000236e+00 -2.422182459271811084e+01
1.267000000000000126e+00 -2.421377851564774986e+01
1.268000000000000016e+00 -2.420597433955005329e+01
1.268999999999999906e+00 -2.419841079608499967e+01
1.269999999999999796e+00 -2.419108641974750640e+01
1.279999999999999805e+00 -2.413048023998878122e+01
1.289999999999999813e+00 -2.409180359254678905e+01
1.299999999999999822e+00 -2.407301191439828258e+01
1.309999999999999831e+00 -2.407189999604032948e+01
1.319999999999999840e+00 -2.408633604731495126e+01
1.329999999999999849e+00 -2.411450891416781062e+01
1.339999999999999858e+00 -2.415501869461647644e+01
1.349999999999999867e+00 -2.420684774783622473e+01
1.359999999999999876e+00 -2.426928307113513839e+01
1.369999999999999885e+00 -2.434179262544512312e+01
1.379999999999999893e+00 -2.442385191361052676e+01
1.389999999999999902e+00 -2.451484170769359494e+01
1.399999999999999911e+00 -2.461401428346307441e+01
1.409999999999999920e+00 -2.472052009895089597e+01
1.419999999999999929e+00 -2.483357934934321776e+01
1.429999999999999938e+00 -2.495263366089938373e+01
1.439999999999999947e+00 -2.507747078557716947e+01
1.449999999999999956e+00 -2.520837351708101437e+01
1.459999999999999964e+00 -2.534618602527206122e+01
1.469999999999999973e+00 -2.549225152694287644e+01
1.479999999999999982e+00 -2.564827539497635556e+01
1.489999999999999991e+00 -2.581609728967162454e+01
1.500000000000000000e+00 -2.599736600939288778e+01
1.510000000000000009e+00 -2.619321446185741920e+01
1.520000000000000018e+00 -2.640401089520324618e+01
1.520999999999999908e+00 -2.642590957811569652e+01
1.521999999999999797e+00 -2.644795413072345269e+01
1.522999999999999687e+00 -2.647014353450310864e+01
1.523999999999999577e+00 -2.649247673316507701e+01
1.524999999999999467e+00 -2.651495258148506906e+01
1.525999999999999357e+00 -2.653756957386030990e+01
1.526999999999999247e+00 -2.656032603856442265e+01
1.527999999999999137e+00 -2.658322052341128483e+01
1.528999999999999027e+00 -2.660625166574369871e+01
1.529999999999998916e+00 -2.662941799217333738e+01
1.539999999999998925e+00 -2.686792681564750751e+01
1.549999999999998934e+00 -2.711769542560240254e+01
1.559999999999998943e+00 -2.737645870053616903e+01
1.560999999999998833e+00 -2.740275828281187387e+01
1.561999999999998723e+00 -2.742912154233101063e+01
1.562999999999998613e+00 -2.745554602565126956e+01
1.563999999999998503e+00 -2.748202912884587334e+01
1.564999999999998392e+00 -2.750856843144369890e+01
1.565999999999998282e+00 -2.753516171091092701e+01
1.566999999999998172e+00 -2.756180667885737989e+01
1.567999999999998062e+00 -2.758850090783116116e+01
1.568999999999997952e+00 -2.761524182446354558e+01
1.569999999999997842e+00 -2.764202699951679065e+01
1.579999999999997851e+00 -2.791168237354539627e+01
1.580099999999997840e+00 -2.791439491283030350e+01
1.580199999999997829e+00 -2.791710766390307796e+01
1.580299999999997818e+00 -2.791982062466858494e+01
1.580399999999997807e+00 -2.792253379281734738e+01
1.580499999999997796e+00 -2.792524716592872736e+01
1.580599999999997785e+00 -2.792796074159145192e+01
1.580699999999997774e+00 -2.793067451743016250e+01
1.580799999999997763e+00 -2.793338849115365008e+01
1.580899999999997751e+00 -2.793610266061302028e+01
1.580999999999997740e+00 -2.793881702373838394e+01
1.581999999999997630e+00 -2.796597075989461345e+01
1.582999999999997520e+00 -2.799314189631061822e+01
1.583999999999997410e+00 -2.802032856530446736e+01
1.584999999999997300e+00 -2.804752876561956754e+01
1.585999999999997190e+00 -2.807474053024880689e+01
1.586999999999997080e+00 -2.810196213078207350e+01
1.587999999999996970e+00 -2.812919211800749508e+01
1.588999999999996859e+00 -2.815642890945672150e+01
1.589999999999996749e+00 -2.818367070639552097e+01
1.590999999999996639e+00 -2.821091581352424527e+01
1.600999999999996648e+00 -2.848309056437126330e+01
1.601999999999996538e+00 -2.851027234447900582e+01
1.602999999999996428e+00 -2.853743978856333996e+01
1.603999999999996318e+00 -2.856459143072367723e+01
1.604999999999996207e+00 -2.859172587334040472e+01
1.605999999999996097e+00 -2.861884170301148345e+01
1.606999999999995987e+00 -2.864593742030686130e+01
1.607999999999995877e+00 -2.867301163077929260e+01
1.608999999999995767e+00 -2.870006295861531953e+01
1.609999999999995657e+00 -2.872709004367598595e+01
1.610999999999995547e+00 -2.875409164212769397e+01
1.611999999999995437e+00 -2.878106649764287894e+01
1.612999999999995326e+00 -2.880801318923302645e+01
1.613999999999995216e+00 -2.883493016735688741e+01
1.614999999999995106e+00 -2.886181594130072270e+01
1.615999999999994996e+00 -2.888866911824901251e+01
1.616999999999994886e+00 -2.891548839562369011e+01
1.617999999999994776e+00 -2.894227263743614387e+01
1.618999999999994666e+00 -2.896902062951297907e+01
1.619999999999994555e+00 -2.899573102977510430e+01
1.620999999999994445e+00 -2.902240245030177945e+01
1.621999999999994335e+00 -2.904903325088752197e+01
1.622999999999994225e+00 -2.907562172407305923e+01
1.623999999999994115e+00 -2.910216621220749644e+01
1.624999999999994005e+00 -2.912866511418376447e+01
1.625999999999993895e+00 -2.915511700200168832e+01
1.626999999999993785e+00 -2.918152034454996269e+01
1.627999999999993674e+00 -2.920787353112822515e+01
1.628999999999993564e+00 -2.923417497634791218e+01
1.629999999999993454e+00 -2.926042288963358473e+01
1.630999999999993344e+00 -2.928661536837505608e+01
1.640999999999993353e+00 -2.954493684018695632e+01
1.650999999999993362e+00 -2.979563574238579093e+01
1.660999999999993371e+00 -3.003662233870877074e+01
1.670999999999993380e+00 -3.026566381605894662e+01
1.680999999999993388e+00 -3.048065220515831797e+01
1.690999999999993397e+00 -3.067986027201541432e+01
1.700999999999993406e+00 -3.086210857131112562e+01
1.710999999999993415e+00 -3.102687529592815707e+01
1.720999999999993424e+00 -3.117435282126074014e+01
1.730999999999993433e+00 -3.130543164507421139e+01
1.740999999999993442e+00 -3.142160000226419214e+01
1.750999999999993451e+00 -3.152470022693343665e+01
1.760999999999993459e+00 -3.161664733663604210e+01
1.770999999999993468e+00 -3.169919820412780354e+01
1.780999999999993477e+00 -3.177373700952666979e+01
1.790999999999993486e+00 -3.184111612283962245e+01
1.800999999999993495e+00 -3.190161054225298543e+01
1.810999999999993504e+00 -3.195499502509006007e+01
1.820999999999993513e+00 -3.200068593221426028e+01
1.830999999999993522e+00 -3.203794855399727481e+01
1.840999999999993531e+00 -3.206611230615747843e+01
1.850999999999993539e+00 -3.208470760523873366e+01
1.860999999999993548e+00 -3.209350753165026049e+01
1.870999999999993557e+00 -3.209241697925619974e+01
1.880999999999993566e+00 -3.208131894110479010e+01
1.890999999999993575e+00 -3.205993119341816566e+01
1.900999999999993584e+00 -3.202762740763036220e+01
1.910999999999993593e+00 -3.198339744522454353e+01
1.920999999999993602e+00 -3.192592668330341965e+01
1.930999999999993610e+00 -3.185370887044170374e+01
1.940999999999993619e+00 -3.176522797850424951e+01
1.950999999999993628e+00 -3.165919877496019197e+01
1.960999999999993637e+00 -3.153477073887903259e+01
1.970999999999993646e+00 -3.139168106317276852e+01
1.980999999999993655e+00 -3.123043619453462583e+01
1.990999999999993664e+00 -3.105235015096559792e+01
2.000999999999993673e+00 -3.085944039957962914e+01
2.010999999999993459e+00 -3.065429205943191704e+01
2.020999999999993246e+00 -3.043980601236016170e+01
2.030999999999993033e+00 -3.021885220540808348e+01
2.040999999999992820e+00 -2.999404333702667813e+01
2.050999999999992607e+00 -2.976759302784398642e+01
2.060999999999992394e+00 -2.954123647413498688e+01
2.070999999999992180e+00 -2.931632872009706858e+01
2.080999999999991967e+00 -2.909391948955116902e+01
2.090999999999991754e+00 -2.887484924366555461e+01
2.100999999999991541e+00 -2.865994144278869271e+01
2.110999999999991328e+00 -2.845014302714659493e+01
2.120999999999991115e+00 -2.824650822409327944e+01
2.130999999999990902e+00 -2.805012319070547377e+01
2.140999999999990688e+00 -2.786204227776207532e+01
2.150999999999990475e+00 -2.768307681951547750e+01
2.160999999999990262e+00 -2.751357238768102675e+01
2.170999999999990049e+00 -2.735335043517044795e+01
2.180999999999989836e+00 -2.720169912763047648e+01
2.190999999999989623e+00 -2.705742203508920340e+01
2.200999999999989409e+00 -2.691902761544529454e+01
2.210999999999989196e+00 -2.678499274891888149e+01
2.220999999999988983e+00 -2.665400814728577927e+01
2.230999999999988770e+00 -2.652518355257134886e+01
2.240999999999988557e+00 -2.639823052618618249e+01
2.250999999999988344e+00 -2.627352126804818155e+01
2.260999999999988130e+00 -2.615197934252189782e+01
2.270999999999987917e+00 -2.603491126741127815e+01
2.280999999999987704e+00 -2.592382307535645580e+01
2.290999999999987491e+00 -2.582018475855455719e+01
2.300999999999987278e+00 -2.572527376924605136e+01
2.310999999999987065e+00 -2.564012261831381068e+01
2.320999999999986851e+00 -2.556546726489628441e+01
2.330999999999986638e+00 -2.550179885844254812e+01
2.340999999999986425e+00 -2.544952700037755022e+01
2.350999999999986212e+00 -2.540911954325985178e+01
2.360999999999985999e+00 -2.538115732890379661e+01
2.370999999999985786e+00 -2.536645191561332879e+01
2.380999999999985572e+00 -2.536608172996143651e+01
2.390999999999985359e+00 -2.538120748802894866e+01
2.400999999999985146e+00 -2.541291791240561082e+01
2.410999999999984933e+00 -2.546206335580861690e+01
2.420999999999984720e+00 -2.552898981833570247e+01
2.430999999999984507e+00 -2.561336514304111134e+01
2.440999999999984293e+00 -2.571415493958149057e+01
2.450999999999984080e+00 -2.582963710286918868e+01
2.460999999999983867e+00 -2.595753871237030097e+01
2.470999999999983654e+00 -2.609531541478225236e+01
2.480999999999983441e+00 -2.624038889044394196e+01
2.490999999999983228e+00 -2.639036150412550086e+01
2.500999999999983014e+00 -2.654326413578216659e+01
2.510999999999982801e+00 -2.669767701817457350e+01
2.520999999999982588e+00 -2.685273111121501444e+01
2.530999999999982375e+00 -2.700806914647709789e+01
2.540999999999982162e+00 -2.716367726347442613e+01
2.550999999999981949e+00 -2.731961265987690268e+01
2.560999999999981735e+00 -2.747582941883666408e+01
2.570999999999981522e+00 -2.763211742682102923e+01
2.580999999999981309e+00 -2.778806715198930277e+01
2.590999999999981096e+00 -2.794314087298255700e+01
2.600999999999980883e+00 -2.809682179533934487e+01
2.610999999999980670e+00 -2.824876273729258003e+01
2.620999999999980457e+00 -2.839892690894885163e+01
2.630999999999980243e+00 -2.854769296109944676e+01
2.640999999999980030e+00 -2.869584643367546661e+01
2.650999999999979817e+00 -2.884446209241298575e+01
2.660999999999979604e+00 -2.899470202548399200e+01
2.670999999999979391e+00 -2.914755823499349674e+01
2.680999999999979178e+00 -2.930360570938266562e+01
2.690999999999978964e+00 -2.946284282310415037e+01
2.700999999999978751e+00 -2.962466300421385412e+01
2.710999999999978538e+00 -2.978784574788453199e+01
2.720999999999978325e+00 -2.995063133385027498e+01
2.730999999999978112e+00 -3.011092762342946472e+01
2.740999999999977899e+00 -3.026653479702149596e+01
2.750999999999977685e+00 -3.041536076296071656e+01
2.760999999999977472e+00 -3.055562434372529879e+01
2.770999999999977259e+00 -3.068597196874960886e+01
2.780999999999977046e+00 -3.080547052090989979e+01
2.790999999999976833e+00 -3.091352742398625963e+01
2.800999999999976620e+00 -3.100973901844784564e+01
2.810999999999976406e+00 -3.109372153934749505e+01
2.820999999999976193e+00 -3.116503283764284049e+01
2.830999999999975980e+00 -3.122311989776138930e+01
2.840999999999975767e+00 -3.126729840942889993e+01
2.850999999999975554e+00 -3.129686107881815005e+01
2.860999999999975341e+00 -3.131126271762606450e+01
2.870999999999975127e+00 -3.131026201807002352e+01
2.880999999999974914e+00 -3.129408928868131312e+01
2.890999999999974701e+00 -3.126360502942516462e+01
2.900999999999974488e+00 -3.122024772875998977e+01
2.910999999999974275e+00 -3.116594282323148946e+01
2.920999999999974062e+00 -3.110292983296559299e+01
2.930999999999973848e+00 -3.103347754637088229e+01
2.940999999999973635e+00 -3.095964069568977450e+01
2.950999999999973422e+00 -3.088303056382888201e+01
2.960999999999973209e+00 -3.080463637843961422e+01
2.970999999999972996e+00 -3.072476095560779896e+01
2.980999999999972783e+00 -3.064315241941217849e+01
2.990999999999972569e+00 -3.055917538119809862e+01
3.000999999999972356e+00 -3.047198878780006481e+01
3.010999999999972143e+00 -3.038080571563108023e+01
3.020999999999971930e+00 -3.028503766127128927e+01
3.030999999999971717e+00 -3.018434116326327654e+01
3.040999999999971504e+00 -3.007863365928270838e+01
3.050999999999971291e+00 -2.996803212799675009e+01
3.060999999999971077e+00 -2.985274033624344625e+01
3.070999999999970864e+00 -2.973290821136711415e+01
3.080999999999970651e+00 -2.960848997320007214e+01
3.090999999999970438e+00 -2.947918620836949799e+01
3.100999999999970225e+00 -2.934452648238315930e+01
3.110999999999970012e+00 -2.920399570160574498e+01
3.120999999999969798e+00 -2.905722066762661626e+01
3.130999999999969585e+00 -2.890419969552892354e+01
3.140999999999969372e+00 -2.874544050950227003e+01
3.150999999999969159e+00 -2.858199744104278750e+01
3.160999999999968946e+00 -2.841543986068021610e+01
3.170999999999968733e+00 -2.824779891470343074e+01
3.180999999999968519e+00 -2.808141007179922610e+01
3.190999999999968306e+00 -2.791867725687388813e+01
3.200999999999968093e+00 -2.776178859162147461e+01
3.210999999999967880e+00 -2.761249145543045813e+01
3.220999999999967667e+00 -2.747205886696932353e+01
3.230999999999967454e+00 -2.734126424947148237e+01
3.240999999999967240e+00 -2.722042190177398524e+01
3.250999999999967027e+00 -2.710954825082925268e+01
3.260999999999966814e+00 -2.700851823680788755e+01
3.270999999999966601e+00 -2.691721226333981676e+01
3.280999999999966388e+00 -2.683562260533098609e+01
3.290999999999966175e+00 -2.676390266904566673e+01
3.300999999999965961e+00 -2.670235082967602835e+01
3.310999999999965748e+00 -2.665128808946705163e+01
3.320999999999965535e+00 -2.661087757284194311e+01
3.330999999999965322e+00 -2.658096831867137411e+01
3.340999999999965109e+00 -2.656100290644311457e+01
3.350999999999964896e+00 -2.654999271010824913e+01
3.360999999999964682e+00 -2.654657234229174279e+01
3.370999999999964469e+00 -2.654915329424258275e+01
3.380999999999964256e+00 -2.655613635135382822e+01
3.390999999999964043e+00 -2.656611533872695929e+01
3.400999999999963830e+00 -2.657808262185267978e+01
3.410999999999963617e+00 -2.659157992208010057e+01
3.420999999999963403e+00 -2.660674900643818575e+01
3.430999999999963190e+00 -2.662430944949733558e+01
3.440999999999962977e+00 -2.664540347443379176e+01
3.450999999999962764e+00 -2.667136936806584657e+01
3.460999999999962551e+00 -2.670353454156202844e+01
3.470999999999962338e+00 -2.674302628518845637e+01
3.480999999999962125e+00 -2.679063593667377319e+01
3.490999999999961911e+00 -2.684677944918786707e+01
3.500999999999961698e+00 -2.691155111658817134e+01
3.510999999999961485e+00 -2.698479899873349552e+01
3.520999999999961272e+00 -2.706624758415052057e+01
3.530999999999961059e+00 -2.715564860031247463e+01
3.540999999999960846e+00 -2.725287321843024202e+01
3.550999999999960632e+00 -2.735792455420106606e+01
3.560999999999960419e+00 -2.747088060645786811e+01
3.570999999999960206e+00 -2.759178396955041634e+01
3.580999999999959993e+00 -2.772047145209797492e+01
3.590999999999959780e+00 -2.785647183068209998e+01
3.600999999999959567e+00 -2.799894245935665182e+01
3.610999999999959353e+00 -2.814658177700514585e+01
3.620999999999959140e+00 -2.829764515211467213e+01
3.630999999999958927e+00 -2.845008263671953230e+01
3.640999999999958714e+00 -2.860170718099089626e+01
3.650999999999958501e+00 -2.875038316586403297e+01
3.660999999999958288e+00 -2.889428477467007994e+01
3.670999999999958074e+00 -2.903207793339692344e+01
3.680999999999957861e+00 -2.916296273298344488e+01
3.690999999999957648e+00 -2.928666375130586985e+01
3.700999999999957435e+00 -2.940336727734261046e+01
3.710999999999957222e+00 -2.951353065715203883e+01
3.720999999999957009e+00 -2.961767178291992053e+01
3.730999999999956795e+00 -2.971626936730708834e+01
3.740999999999956582e+00 -2.980962594108756392e+01
3.750999999999956369e+00 -2.989778644372167093e+01
3.760999999999956156e+00 -2.998063488296579848e+01
3.770999999999955943e+00 -3.005799044796622965e+01
3.780999999999955730e+00 -3.012970671559672908e+01
3.790999999999955516e+00 -3.019582596577252787e+01
3.800999999999955303e+00 -3.025669037739100631e+01
3.810999999999955090e+00 -3.031290093660203411e+01
3.820999999999954877e+00 -3.036524246923908521e+01
3.830999999999954664e+00 -3.041462847754813836e+01
3.840999999999954451e+00 -3.046186145857275207e+01
3.850999999999954237e+00 -3.050743793078574484e+01
3.860999999999954024e+00 -3.055144822118434433e+01
3.870999999999953811e+00 -3.059343229319725666e+01
3.880999999999953598e+00 -3.063237184571653060e+01
3.890999999999953385e+00 -3.066683444577466489e+01
3.900999999999953172e+00 -3.069515902560967291e+01
3.910999999999952959e+00 -3.071563614994895985e+01
3.920999999999952745e+00 -3.072675031989860273e+01
3.930999999999952532e+00 -3.072737628574824598e+01
3.940999999999952319e+00 -3.071682863824831955e+01
3.950999999999952106e+00 -3.069488894867316020e+01
3.960999999999951893e+00 -3.066179039010359020e+01
3.970999999999951680e+00 -3.061806203725662456e+01
3.980999999999951466e+00 -3.056433824814842026e+01
3.990999999999951253e+00 -3.050125153692041380e+01
4.000999999999951484e+00 -3.042932247967234005e+01
4.010999999999951271e+00 -3.034889327750277133e+01
4.020999999999951058e+00 -3.026022800361294784e+01
4.030999999999950845e+00 -3.016366701975018572e+01
4.040999999999950631e+00 -3.005972474259860050e+01
4.050999999999950418e+00 -2.994920345811496531e+01
4.060999999999950205e+00 -2.983331628421289139e+01
4.070999999999949992e+00 -2.971365113185386875e+01
4.080999999999949779e+00 -2.959205453644300121e+01
4.090999999999949566e+00 -2.947053133692670457e+01
4.100999999999949353e+00 -2.935099908166493776e+01
4.110999999999949139e+00 -2.923503497082012004e+01
4.120999999999948926e+00 -2.912375094637679496e+01
4.130999999999948713e+00 -2.901765842551352748e+01
4.140999999999948500e+00 -2.891661313992651472e+01
4.150999999999948287e+00 -2.881996453494556931e+01
4.160999999999948074e+00 -2.872676659653572173e+01
4.170999999999947860e+00 -2.863592568710996744e+01
4.180999999999947647e+00 -2.854641973056263282e+01
4.190999999999947434e+00 -2.845753877960147804e+01
4.200999999999947221e+00 -2.836894079685834313e+01
4.210999999999947008e+00 -2.828062433569406409e+01
4.220999999999946795e+00 -2.819289883674357000e+01
4.230999999999946581e+00 -2.810621479591150518e+01
4.240999999999946368e+00 -2.802098486452934623e+01
4.250999999999946155e+00 -2.793749842459724420e+01
4.260999999999945942e+00 -2.785584048089019404e+01
4.270999999999945729e+00 -2.777588115951384040e+01
4.280999999999945516e+00 -2.769736544390190502e+01
4.290999999999945302e+00 -2.762005482843882120e+01
4.300999999999945089e+00 -2.754386521481804451e+01
4.310999999999944876e+00 -2.746902368663353400e+01
4.320999999999944663e+00 -2.739620020033409631e+01
4.330999999999944450e+00 -2.732650195024146811e+01
4.340999999999944237e+00 -2.726139186276805049e+01
4.350999999999944023e+00 -2.720256363384622489e+01
4.360999999999943810e+00 -2.715174291413604735e+01
4.370999999999943597e+00 -2.711046042778356480e+01
4.380999999999943384e+00 -2.707985274480466487e+01
4.390999999999943171e+00 -2.706056679801397635e+01
4.400999999999942958e+00 -2.705271562962748177e+01
4.410999999999942744e+00 -2.705589638527700558e+01
4.420999999999942531e+00 -2.706933373840777435e+01
4.430999999999942318e+00 -2.709206368483730287e+01
4.440999999999942105e+00 -2.712308560867979779e+01
4.450999999999941892e+00 -2.716151077454598450e+01
4.460999999999941679e+00 -2.720667043267317453e+01
4.470999999999941465e+00 -2.725808668981214566e+01
4.480999999999941252e+00 -2.731540562580974552e+01
4.490999999999941039e+00 -2.737828879110737645e+01
4.500999999999940826e+00 -2.744625890167714033e+01
4.510999999999940613e+00 -2.751860159623036495e+01
4.520999999999940400e+00 -2.759436233504007774e+01
4.530999999999940187e+00 -2.767239354953722241e+01
4.540999999999939973e+00 -2.775141498302114229e+01
4.550999999999939760e+00 -2.783018209835084278e+01
4.560999999999939547e+00 -2.790766298471956475e+01
4.570999999999939334e+00 -2.798316694991544296e+01
4.580999999999939121e+00 -2.805649637189916845e+01
4.590999999999938908e+00 -2.812799967029553017e+01
4.600999999999938694e+00 -2.819848070618322566e+01
4.610999999999938481e+00 -2.826906748662235103e+01
4.620999999999938268e+00 -2.834103998778810407e+01
4.630999999999938055e+00 -2.841559310941452665e+01
4.640999999999937842e+00 -2.849364886612664804e+01
4.650999999999937629e+00 -2.857573849271773980e+01
4.660999999999937415e+00 -2.866191332593825081e+01
4.670999999999937202e+00 -2.875178680310468593e+01
4.680999999999936989e+00 -2.884468471567816650e+01
4.690999999999936776e+00 -2.893978995230542850e+01
4.700999999999936563e+00 -2.903627494386615027e+01
4.710999999999936350e+00 -2.913344845878709677e+01
4.720999999999936136e+00 -2.923083089259028711e+01
4.730999999999935923e+00 -2.932809545500668946e+01
4.740999999999935710e+00 -2.942500082123468985e+01
4.750999999999935497e+00 -2.952130170814346855e+01
4.760999999999935284e+00 -2.961658560756868752e+01
4.770999999999935071e+00 -2.971014057028689592e+01
4.780999999999934857e+00 -2.980092025589187088e+01
4.790999999999934644e+00 -2.988755483059697582e+01
4.800999999999934431e+00 -2.996844459958071027e+01
4.810999999999934218e+00 -3.004197537597258361e+01
4.820999999999934005e+00 -3.010670579243292266e+01
4.830999999999933792e+00 -3.016153679896549988e+01
4.840999999999933578e+00 -3.020586908115482316e+01
4.850999999999933365e+00 -3.023967217249255057e+01
4.860999999999933152e+00 -3.026343549412143474e+01
4.870999999999932939e+00 -3.027807945274024704e+01
4.880999999999932726e+00 -3.028483579970610151e+01
4.890999999999932513e+00 -3.028499227182854270e+01
4.900999999999932299e+00 -3.027971470242467689e+01
4.910999999999932086e+00 -3.026995827494185676e+01
4.920999999999931873e+00 -3.025634650123321379e+01
4.930999999999931660e+00 -3.023919149352792246e+01
4.940999999999931447e+00 -3.021861195462928151e+01
4.950999999999931234e+00 -3.019462671843307433e+01
4.960999999999931021e+00 -3.016728961261192410e+01
4.970999999999930807e+00 -3.013682633772707220e+01
4.980999999999930594e+00 -3.010365405323971899e+01
4.990999999999930381e+00 -3.006833498368239432e+01
5.000999999999930168e+00 -3.003151408711749681e+01
5.010999999999929955e+00 -2.999376123531697047e+01
5.020999999999929742e+00 -2.995537391662595539e+01
5.030999999999929528e+00 -2.991628638734623991e+01
5.040999999999929315e+00 -2.987602267949885970e+01
5.050999999999929102e+00 -2.983366874951708070e+01
5.060999999999928889e+00 -2.978800963872932073e+01
5.070999999999928676e+00 -2.973772137690996331e+01
5.080999999999928463e+00 -2.968155040765125463e+01
5.090999999999928249e+00 -2.961855737049813442e+01
5.100999999999928036e+00 -2.954828034417381843e+01
5.110999999999927823e+00 -2.947080819926897632e+01
5.120999999999927610e+00 -2.938678064996308947e+01
5.130999999999927397e+00 -2.929727447234582982e+01
5.140999999999927184e+00 -2.920362490570139613e+01
5.150999999999926970e+00 -2.910723215916881301e+01
5.160999999999926757e+00 -2.900942971059607345e+01
5.170999999999926544e+00 -2.891133563693872333e+01
5.180999999999926331e+00 -2.881379166998863539e+01
5.190999999999926118e+00 -2.871738252885618081e+01
5.200999999999925905e+00 -2.862248049350587564e+01
5.210999999999925691e+00 -2.852941179636157898e+01
5.220999999999925478e+00 -2.843861870116853297e+01
5.230999999999925265e+00 -2.835074960021963264e+01
5.240999999999925052e+00 -2.826667167374695921e+01
5.250999999999924839e+00 -2.818742470336551875e+01
5.260999999999924626e+00 -2.811410158420965999e+01
5.270999999999924412e+00 -2.804770108061436318e+01
5.280999999999924199e+00 -2.798897932987820880e+01
5.290999999999923986e+00 -2.793830128050219841e+01
5.300999999999923773e+00 -2.789554907039381604e+01
5.310999999999923560e+00 -2.786011072114773768e+01
5.320999999999923347e+00 -2.783098546901223358e+01
5.330999999999923133e+00 -2.780691717404786800e+01
5.340999999999922920e+00 -2.778657323469167650e+01
5.350999999999922707e+00 -2.776878017066694682e+01
5.360999999999922494e+00 -2.775266347451290017e+01
5.370999999999922281e+00 -2.773773355481521463e+01
5.380999999999922068e+00 -2.772390574791894835e+01
5.390999999999921855e+00 -2.771144181353361091e+01
5.400999999999921641e+00 -2.770081190625542789e+01
5.410999999999921428e+00 -2.769253783679893033e+01
5.420999999999921215e+00 -2.768709337625028155e+01
5.430999999999921002e+00 -2.768476279194166167e+01
5.440999999999920789e+00 -2.768562347862419415e+01
5.450999999999920576e+00 -2.768961449031098709e+01
5.460999999999920362e+00 -2.769658796048936722e+01
5.470999999999920149e+00 -2.770643191292008467e+01
5.480999999999919936e+00 -2.771922934081631595e+01
5.490999999999919723e+00 -2.773534674138144140e+01
5.500999999999919510e+00 -2.775541751603184082e+01
5.510999999999919297e+00 -2.778033533803021271e+01
5.520999999999919083e+00 -2.781113713975541302e+01
5.530999999999918870e+00 -2.784879298701163464e+01
5.540999999999918657e+00 -2.789404444881547818e+01
5.550999999999918444e+00 -2.794726831261258582e+01
5.560999999999918231e+00 -2.800835366369130952e+01
5.570999999999918018e+00 -2.807666743072478610e+01
5.580999999999917804e+00 -2.815115304380338657e+01
5.590999999999917591e+00 -2.823043986849041431e+01
5.600999999999917378e+00 -2.831302378181435131e+01
5.610999999999917165e+00 -2.839750802089895387e+01
5.620999999999916952e+00 -2.848272876940600185e+01
5.630999999999916739e+00 -2.856780320017331221e+01
5.640999999999916525e+00 -2.865216820499953343e+01
5.650999999999916312e+00 -2.873554078689221214e+01
5.660999999999916099e+00 -2.881777095247689857e+01
5.670999999999915886e+00 -2.889872652113643170e+01
5.680999999999915673e+00 -2.897820483332550623e+01
5.690999999999915460e+00 -2.905580703389237485e+01
5.700999999999915246e+00 -2.913092545954887669e+01
5.710999999999915033e+00 -2.920283314908251171e+01
5.720999999999914820e+00 -2.927079532223566360e+01
5.730999999999914607e+00 -2.933418697400984954e+01
5.740999999999914394e+00 -2.939265490137624681e+01
5.750999999999914181e+00 -2.944623679882472800e+01
5.760999999999913967e+00 -2.949535427004361310e+01
5.770999999999913754e+00 -2.954080912008773296e+01
5.780999999999913541e+00 -2.958368454597759012e+01
5.790999999999913328e+00 -2.962513925727178687e+01
5.800999999999913115e+00 -2.966620522256578241e+01
5.810999999999912902e+00 -2.970763277466861041e+01
5.820999999999912689e+00 -2.974975978761201389e+01
5.830999999999912475e+00 -2.979243958947439808e+01
5.840999999999912262e+00 -2.983513055587858531e+01
5.850999999999912049e+00 -2.987701567959804549e+01
5.860999999999911836e+00 -2.991710228282349249e+01
5.870999999999911623e+00 -2.995441841920049697e+01
5.880999999999911410e+00 -2.998819042321651906e+01
5.890999999999911196e+00 -3.001786358049724157e+01
5.900999999999910983e+00 -3.004312098701117861e+01
5.910999999999910770e+00 -3.006387955246540855e+01
5.920999999999910557e+00 -3.008012728901392663e+01
5.930999999999910344e+00 -3.009179470499235265e+01
5.940999999999910131e+00 -3.009869845136536881e+01
5.950999999999909917e+00 -3.010045158228772166e+01
5.960999999999909704e+00 -3.009643353751253514e+01
5.970999999999909491e+00 -3.008589033856434014e+01
5.980999999999909278e+00 -3.006808142127310646e+01
5.990999999999909065e+00 -3.004237781662399343e+01
6.000999999999908852e+00 -3.000846344304417457e+01
6.010999999999908638e+00 -2.996650315098808548e+01
6.020999999999908425e+00 -2.991713125247417082e+01
6.030999999999908212e+00 -2.986143321753160151e+01
6.040999999999907999e+00 -2.980085397933055802e+01
6.050999999999907786e+00 -2.973699097062322494e+01
6.060999999999907573e+00 -2.967137795956535129e+01
6.070999999999907359e+00 -2.960534945808367269e+01
6.080999999999907146e+00 -2.953990000873280408e+01
6.090999999999906933e+00 -2.947559088413845174e+01
6.100999999999906720e+00 -2.941260685265797292e+01
6.110999999999906507e+00 -2.935087133482105415e+01
6.120999999999906294e+00 -2.929014956815953497e+01
6.130999999999906080e+00 -2.923018867920976760e+01
6.140999999999905867e+00 -2.917089220780169256e+01
6.141999999999906201e+00 -2.916499973133968382e+01
6.142999999999906535e+00 -2.915911429139088895e+01
6.143999999999906869e+00 -2.915323588982567315e+01
6.144999999999907203e+00 -2.914736467009883114e+01
6.145999999999907537e+00 -2.914150078508880171e+01
6.146999999999907871e+00 -2.913564448651837324e+01
6.147999999999908205e+00 -2.912979627136128613e+01
6.148999999999908539e+00 -2.912395653602203893e+01
6.149999999999908873e+00 -2.911812546023123716e+01
6.150999999999909207e+00 -2.911230314073842962e+01
6.160999999999908994e+00 -2.905468428180600782e+01
6.170999999999908781e+00 -2.899839793532266796e+01
6.180999999999908567e+00 -2.894378174345632004e+01
6.190999999999908354e+00 -2.889101250295852452e+01
6.200999999999908141e+00 -2.884006174368366615e+01
6.210999999999907928e+00 -2.879058099236111801e+01
6.220999999999907715e+00 -2.874191281522794483e+01
6.230999999999907502e+00 -2.869325081015433199e+01
6.240999999999907288e+00 -2.864374647488964598e+01
6.250999999999907075e+00 -2.859263262638322090e+01
6.260999999999906862e+00 -2.853944431146551253e+01
6.270999999999906649e+00 -2.848412844403731015e+01
6.280999999999906436e+00 -2.842704591353376031e+01
6.290999999999906223e+00 -2.836899619884405155e+01
6.300999999999906009e+00 -2.831113742538261491e+01
6.310999999999905796e+00 -2.825476177088107832e+01
6.320999999999905583e+00 -2.820113368257923625e+01
6.330999999999905370e+00 -2.815137731947920230e+01
6.340999999999905157e+00 -2.810631224139532236e+01
6.350999999999904944e+00 -2.806641050597459497e+01
6.360999999999904730e+00 -2.803187811994606449e+01
6.370999999999904517e+00 -2.800270414257339269e+01
6.380999999999904304e+00 -2.797877058046518783e+01
6.390999999999904091e+00 -2.796000101936648008e+01
6.400999999999903878e+00 -2.794643825881467336e+01
6.410999999999903665e+00 -2.793827520108184004e+01
6.420999999999903451e+00 -2.793585347261078766e+01
6.430999999999903238e+00 -2.793958245075227254e+01
6.440999999999903025e+00 -2.794978875235577931e+01
6.450999999999902812e+00 -2.796659933616535554e+01
6.460999999999902599e+00 -2.798983311192161239e+01
6.470999999999902386e+00 -2.801891974191408963e+01
6.480999999999902172e+00 -2.805290872361782206e+01
6.490999999999901959e+00 -2.809057722926801759e+01
6.500999999999901746e+00 -2.813056677781251125e+01
6.510999999999901533e+00 -2.817154528855885687e+01
6.520999999999901320e+00 -2.821239617338640215e+01
6.530999999999901107e+00 -2.825235045098314046e+01
6.540999999999900893e+00 -2.829106530285714882e+01
6.550999999999900680e+00 -2.832860697408791850e+01
6.560999999999900467e+00 -2.836538136993077686e+01
6.570999999999900254e+00 -2.840201036436079818e+01
6.580999999999900041e+00 -2.843916830352200265e+01
6.590999999999899828e+00 -2.847744868699134813e+01
6.600999999999899615e+00 -2.851724578049074310e+01
6.610999999999899401e+00 -2.855872163762898452e+01
6.620999999999899188e+00 -2.860182463187297230e+01
6.630999999999898975e+00 -2.864636371332260723e+01
6.640999999999898762e+00 -2.869212301229961781e+01
6.650999999999898549e+00 -2.873896435829376017e+01
6.660999999999898336e+00 -2.878693203525458699e+01
6.670999999999898122e+00 -2.883627023546840817e+01
6.680999999999897909e+00 -2.888739889543411010e+01
6.690999999999897696e+00 -2.894083261334215962e+01
6.700999999999897483e+00 -2.899703694600787074e+01
6.710999999999897270e+00 -2.905628485910819236e+01
6.720999999999897057e+00 -2.911851202911440240e+01
6.730999999999896843e+00 -2.918327097467607700e+01
6.740999999999896630e+00 -2.924972324459409734e+01
6.750999999999896417e+00 -2.931668494785388646e+01
6.760999999999896204e+00 -2.938276991616428191e+01
6.770999999999895991e+00 -2.944655676892014284e+01
6.780999999999895778e+00 -2.950676343271938862e+01
6.790999999999895564e+00 -2.956237827662019413e+01
6.800999999999895351e+00 -2.961276064491486792e+01
6.810999999999895138e+00 -2.965765467365820385e+01
6.820999999999894925e+00 -2.969711825213783030e+01
6.830999999999894712e+00 -2.973142697879070084e+01
6.840999999999894499e+00 -2.976093628644895617e+01
6.850999999999894285e+00 -2.978594436785333599e+01
6.860999999999894072e+00 -2.980662125871284118e+01
6.870999999999893859e+00 -2.982298214668267278e+01
6.880999999999893646e+00 -2.983489417565333923e+01
6.890999999999893433e+00 -2.984219674743905770e+01
6.900999999999893220e+00 -2.984481808480685672e+01
6.910999999999893006e+00 -2.984285529492043665e+01
6.920999999999892793e+00 -2.983667950979566541e+01
6.930999999999892580e+00 -2.982695373290989593e+01
6.940999999999892367e+00 -2.981458274504661077e+01
6.950999999999892154e+00 -2.980059963643505228e+01
6.960999999999891941e+00 -2.978602369135789019e+01
6.970999999999891727e+00 -2.977171134208795777e+01
6.980999999999891514e+00 -2.975819413330453855e+01
6.990999999999891301e+00 -2.974560916205873795e+01
7.000999999999891088e+00 -2.973365627845700843e+01
7.010999999999890875e+00 -2.972165636911825359e+01
7.020999999999890662e+00 -2.970869604401302411e+01
7.030999999999890449e+00 -2.969375658829397935e+01
7.040999999999890235e+00 -2.967589198143416951e+01
7.050999999999890022e+00 -2.965437686783909044e+01
7.060999999999889809e+00 -2.962877720078223120e+01
7.070999999999889596e+00 -2.959897356049852846e+01
7.080999999999889383e+00 -2.956512074926245859e+01
7.090999999999889170e+00 -2.952754642273513142e+01
7.100999999999888956e+00 -2.948664158352827158e+01
7.110999999999888743e+00 -2.944273008843455131e+01
7.120999999999888530e+00 -2.939598062213169527e+01
7.130999999999888317e+00 -2.934641470643806827e+01
7.140999999999888104e+00 -2.929395201329808174e+01
7.150999999999887891e+00 -2.923850674208902234e+01
7.160999999999887677e+00 -2.918010485708503765e+01
7.170999999999887464e+00 -2.911902471530166636e+01
7.180999999999887251e+00 -2.905586442424048244e+01
7.190999999999887038e+00 -2.899153373990242955e+01
7.200999999999886825e+00 -2.892722395600631557e+01
7.210999999999886612e+00 -2.886426515320986752e+01
7.220999999999886398e+00 -2.880397200666889646e+01
7.230999999999886185e+00 -2.874749642540211170e+01
7.240999999999885972e+00 -2.869567395542593857e+01
7.250999999999885759e+00 -2.864894471713757440e+01
7.260999999999885546e+00 -2.860734170879073091e+01
7.270999999999885333e+00 -2.857053397962724262e+01
7.280999999999885119e+00 -2.853793078031367614e+01
7.290999999999884906e+00 -2.850883215293384865e+01
7.300999999999884693e+00 -2.848257796425226829e+01
7.310999999999884480e+00 -2.845865412385531457e+01
7.320999999999884267e+00 -2.843676325472329580e+01
7.330999999999884054e+00 -2.841683783634158544e+01
7.340999999999883840e+00 -2.839897728125457022e+01
7.350999999999883627e+00 -2.838333149182295756e+01
7.360999999999883414e+00 -2.837000501827460752e+01
7.370999999999883201e+00 -2.835896124320280975e+01
7.380999999999882988e+00 -2.834996086808297733e+01
7.390999999999882775e+00 -2.834257226640211869e+01
7.400999999999882561e+00 -2.833623211829774746e+01
7.410999999999882348e+00 -2.833035448511290610e+01
7.420999999999882135e+00 -2.832445055181325699e+01
7.430999999999881922e+00 -2.831828923960875954e+01
7.440999999999881709e+00 -2.831197204433735592e+01
7.450999999999881496e+00 -2.830594677603606968e+01
7.460999999999881283e+00 -2.830100037052545758e+01
7.470999999999881069e+00 -2.829813274136029477e+01
7.480999999999880856e+00 -2.829840412057236421e+01
7.490999999999880643e+00 -2.830280076175835546e+01
7.500999999999880430e+00 -2.831209519878647995e+01
7.510999999999880217e+00 -2.832670515470649519e+01
7.520999999999880004e+00 -2.834668367922806098e+01
7.530999999999879790e+00 -2.837178841612313107e+01
7.540999999999879577e+00 -2.840151059756471597e+01
7.550999999999879364e+00 -2.843521373161213717e+01
7.560999999999879151e+00 -2.847229617801631107e+01
7.570999999999878938e+00 -2.851225383693197557e+01
7.580999999999878725e+00 -2.855473567757748654e+01
7.590999999999878511e+00 -2.859956636108495687e+01
7.600999999999878298e+00 -2.864667891450049453e+01
7.610999999999878085e+00 -2.869601469743203381e+01
7.620999999999877872e+00 -2.874745382508438496e+01
7.630999999999877659e+00 -2.880069252379931299e+01
7.640999999999877446e+00 -2.885513862412659591e+01
7.650999999999877232e+00 -2.890997373822126093e+01
7.660999999999877019e+00 -2.896422377885721744e+01
7.670999999999876806e+00 -2.901683211678631125e+01
7.680999999999876593e+00 -2.906683463480707985e+01
7.690999999999876380e+00 -2.911353230457877572e+01
7.700999999999876167e+00 -2.915654728691540498e+01
7.710999999999875953e+00 -2.919586830475059003e+01
7.720999999999875740e+00 -2.923188422553390708e+01
7.730999999999875527e+00 -2.926526299158891220e+01
7.740999999999875314e+00 -2.929680461987592821e+01
7.750999999999875101e+00 -2.932733006693628752e+01
7.760999999999874888e+00 -2.935752743349537752e+01
7.770999999999874674e+00 -2.938780929859555613e+01
7.780999999999874461e+00 -2.941830893654596935e+01
7.790999999999874248e+00 -2.944891813905369915e+01
7.800999999999874035e+00 -2.947931796560776263e+01
7.810999999999873822e+00 -2.950911150062911759e+01
7.820999999999873609e+00 -2.953796347582047943e+01
7.830999999999873395e+00 -2.956566157540443029e+01
7.840999999999873182e+00 -2.959216582580591748e+01
7.850999999999872969e+00 -2.961763210517577960e+01
7.860999999999872756e+00 -2.964231899810988224e+01
7.870999999999872543e+00 -2.966644653136991394e+01
7.880999999999872330e+00 -2.969010872782071431e+01
7.890999999999872117e+00 -2.971317740092953485e+01
7.900999999999871903e+00 -2.973519350066107947e+01
7.910999999999871690e+00 -2.975541435122156386e+01
7.920999999999871477e+00 -2.977290745453233711e+01
7.930999999999871264e+00 -2.978661498320301959e+01
7.940999999999871051e+00 -2.979553116845191241e+01
7.950999999999870838e+00 -2.979888775883807028e+01
7.960999999999870624e+00 -2.979623687480153649e+01
7.970999999999870411e+00 -2.978750163395285711e+01
7.980999999999870198e+00 -2.977301293227417389e+01
7.990999999999869985e+00 -2.975343106181597008e+01
8.000999999999869772e+00 -2.972957152401554026e+01
8.010999999999869559e+00 -2.970230360743989095e+01
8.020999999999869345e+00 -2.967243483278674177e+01
8.030999999999869132e+00 -2.964055273958565451e+01
8.040999999999868919e+00 -2.960703274410674268e+01
8.050999999999868706e+00 -2.957207598494051481e+01
8.060999999999868493e+00 -2.953574151633661060e+01
8.070999999999868280e+00 -2.949807310184174369e+01
8.080999999999868066e+00 -2.945921784193665260e+01
8.090999999999867853e+00 -2.941948025167675240e+01
8.100999999999867640e+00 -2.937934579128967982e+01
8.110999999999867427e+00 -2.933947800309421794e+01
8.120999999999867214e+00 -2.930061647396168922e+01
8.130999999999867001e+00 -2.926342814878807630e+01
8.140999999999866787e+00 -2.922840073697943808e+01
8.150999999999866574e+00 -2.919574806408281020e+01
8.160999999999866361e+00 -2.916531696294718046e+01
8.170999999999866148e+00 -2.913660481556658510e+01
8.180999999999865935e+00 -2.910885664137352080e+01
8.190999999999865722e+00 -2.908117081689418626e+01
8.200999999999865508e+00 -2.905265163177083920e+01
8.210999999999865295e+00 -2.902257611138744053e+01
8.220999999999865082e+00 -2.899052529595210714e+01
8.230999999999864869e+00 -2.895642147978359304e+01
8.240999999999864656e+00 -2.892052863915466432e+01
8.250999999999864443e+00 -2.888340591215863995e+01
8.260999999999864229e+00 -2.884573895303936197e+01
8.270999999999864016e+00 -2.880820648073897772e+01
8.280999999999863803e+00 -2.877139971906637328e+01
8.290999999999863590e+00 -2.873570002762150111e+01
8.300999999999863377e+00 -2.870126433661142329e+01
8.310999999999863164e+00 -2.866811206564049996e+01
8.320999999999862951e+00 -2.863618793062383716e+01
8.330999999999862737e+00 -2.860544514971504526e+01
8.340999999999862524e+00 -2.857599896658434346e+01
8.350999999999862311e+00 -2.854820017157049250e+01
8.360999999999862098e+00 -2.852260309285743745e+01
8.370999999999861885e+00 -2.849996175072617532e+01
8.380999999999861672e+00 -2.848114629015560340e+01
8.390999999999861458e+00 -2.846696415195119556e+01
8.400999999999861245e+00 -2.845803769345805634e+01
8.410999999999861032e+00 -2.845471323375682005e+01
8.420999999999860819e+00 -2.845695142768350294e+01
8.430999999999860606e+00 -2.846433613859803202e+01
8.440999999999860393e+00 -2.847614522459081954e+01
8.450999999999860179e+00 -2.849143491851739185e+01
8.460999999999859966e+00 -2.850919601889878763e+01
8.470999999999859753e+00 -2.852851423315201274e+01
8.480999999999859540e+00 -2.854868201409248840e+01
8.490999999999859327e+00 -2.856924475918911810e+01
8.500999999999859114e+00 -2.859002619658643241e+01
8.510999999999858900e+00 -2.861108942320590387e+01
8.520999999999858687e+00 -2.863261302013077270e+01
8.530999999999858474e+00 -2.865478681367661551e+01
8.540999999999858261e+00 -2.867771810218692963e+01
8.550999999999858048e+00 -2.870134731159167529e+01
8.560999999999857835e+00 -2.872543826567193648e+01
8.570999999999857621e+00 -2.874963122148847106e+01
8.580999999999857408e+00 -2.877353330669423315e+01
8.590999999999857195e+00 -2.879682558207414544e+01
8.600999999999856982e+00 -2.881938949741207878e+01
8.610999999999856769e+00 -2.884137287462827004e+01
8.620999999999856556e+00 -2.886319647429925439e+01
8.630999999999856342e+00 -2.888553859465629614e+01
8.640999999999856129e+00 -2.890922788555250023e+01
8.650999999999855916e+00 -2.893508113005194105e+01
8.660999999999855703e+00 -2.896376612920700211e+01
8.670999999999855490e+00 -2.899570552337277007e+01
8.680999999999855277e+00 -2.903096371750990201e+01
8.690999999999855063e+00 -2.906922969617878749e+01
8.700999999999854850e+00 -2.910989382018142280e+01
8.710999999999854637e+00 -2.915213233913159385e+01
8.720999999999854424e+00 -2.919503342835956516e+01
8.730999999999854211e+00 -2.923774561125751248e+01
8.740999999999853998e+00 -2.927958281400602658e+01
8.750999999999853785e+00 -2.932007084630102511e+01
8.760999999999853571e+00 -2.935897442357470766e+01
8.770999999999853358e+00 -2.939622657788076054e+01
8.780999999999853145e+00 -2.943183068539964253e+01
8.790999999999852932e+00 -2.946577367741488374e+01
8.800999999999852719e+00 -2.949791517896905901e+01
8.810999999999852506e+00 -2.952792683770193705e+01
8.820999999999852292e+00 -2.955531142337389738e+01
8.830999999999852079e+00 -2.957947434614673199e+01
8.840999999999851866e+00 -2.959979135986844412e+01
8.850999999999851653e+00 -2.961574575327319891e+01
8.860999999999851440e+00 -2.962708127806152447e+01
8.870999999999851227e+00 -2.963384278066366306e+01
8.880999999999851013e+00 -2.963642858948756853e+01
8.890999999999850800e+00 -2.963556723398576409e+01
8.900999999999850587e+00 -2.963218383437622094e+01
8.910999999999850374e+00 -2.962728658186842523e+01
8.920999999999850161e+00 -2.962181194463747858e+01
8.930999999999849948e+00 -2.961647443580832118e+01
8.940999999999849734e+00 -2.961167401893125728e+01
8.950999999999849521e+00 -2.960749782555103238e+01
8.960999999999849308e+00 -2.960373728476998068e+01
8.970999999999849095e+00 -2.959994912258832045e+01
8.980999999999848882e+00 -2.959562877906588341e+01
8.990999999999848669e+00 -2.959032084262859996e+01
9.000999999999848455e+00 -2.958368505430906836e+01
9.010999999999848242e+00 -2.957557203276379099e+01
9.020999999999848029e+00 -2.956602306015979309e+01
9.030999999999847816e+00 -2.955517023451922043e+01
9.040999999999847603e+00 -2.954317573702189392e+01
9.050999999999847390e+00 -2.953013558061098109e+01
9.060999999999847176e+00 -2.951596050344181776e+01
9.070999999999846963e+00 -2.950036107685969711e+01
9.080999999999846750e+00 -2.948285290073836507e+01
9.090999999999846537e+00 -2.946281515192312739e+01
9.100999999999846324e+00 -2.943960666417907035e+01
9.110999999999846111e+00 -2.941272570577777401e+01
9.120999999999845897e+00 -2.938193146185583871e+01
9.130999999999845684e+00 -2.934729243094931306e+01
9.140999999999845471e+00 -2.930927093454960541e+01
9.150999999999845258e+00 -2.926867474497900190e+01
9.160999999999845045e+00 -2.922651416394871760e+01
9.170999999999844832e+00 -2.918390101219337396e+01
9.180999999999844619e+00 -2.914189910381520932e+01
9.190999999999844405e+00 -2.910137631689411464e+01
9.200999999999844192e+00 -2.906291186049954689e+01
9.210999999999843979e+00 -2.902678738175551487e+01
9.220999999999843766e+00 -2.899300795597592995e+01
9.230999999999843553e+00 -2.896138108853875082e+01
9.240999999999843340e+00 -2.893167322710180756e+01
9.250999999999843126e+00 -2.890370668542423971e+01
9.260999999999842913e+00 -2.887741797906996055e+01
9.270999999999842700e+00 -2.885293419580657570e+01
9.280999999999842487e+00 -2.883054913829965926e+01
9.290999999999842274e+00 -2.881059955195186362e+01
9.300999999999842061e+00 -2.879340320244327245e+01
9.310999999999841847e+00 -2.877915821330521240e+01
9.320999999999841634e+00 -2.876780500596280277e+01
9.330999999999841421e+00 -2.875900990119648171e+01
9.340999999999841208e+00 -2.875220615750834696e+01
9.350999999999840995e+00 -2.874664403488254649e+01
9.360999999999840782e+00 -2.874148518224843585e+01
9.370999999999840568e+00 -2.873598473621916227e+01
9.380999999999840355e+00 -2.872960828915053000e+01
9.390999999999840142e+00 -2.872209799525159113e+01
9.400999999999839929e+00 -2.871355849942833771e+01
9.410999999999839716e+00 -2.870441879824411302e+01
9.420999999999839503e+00 -2.869532589471644002e+01
9.430999999999839289e+00 -2.868704598418723251e+01
9.440999999999839076e+00 -2.868033375867715762e+01
9.450999999999838863e+00 -2.867578908314266428e+01
9.460999999999838650e+00 -2.867378723410288188e+01
9.470999999999838437e+00 -2.867447589799595420e+01
9.480999999999838224e+00 -2.867777552600045254e+01
9.490999999999838010e+00 -2.868346089167934210e+01
9.500999999999837797e+00 -2.869130126246799506e+01
9.510999999999837584e+00 -2.870115396361013538e+01
9.520999999999837371e+00 -2.871301670557673802e+01
9.530999999999837158e+00 -2.872706321880833968e+01
9.540999999999836945e+00 -2.874362021327266703e+01
9.550999999999836731e+00 -2.876306338167118071e+01
9.560999999999836518e+00 -2.878571832100565331e+01
9.570999999999836305e+00 -2.881176194606054963e+01
9.580999999999836092e+00 -2.884111987382256359e+01
9.590999999999835879e+00 -2.887341432066782687e+01
9.600999999999835666e+00 -2.890799041268466496e+01
9.610999999999835453e+00 -2.894397528542939213e+01
9.620999999999835239e+00 -2.898036055655042631e+01
9.630999999999835026e+00 -2.901617476937825302e+01
9.640999999999834813e+00 -2.905062259416893866e+01
9.650999999999834600e+00 -2.908315262857952987e+01
9.660999999999834387e+00 -2.911352842180293266e+01
9.670999999999834174e+00 -2.914183552921465292e+01
9.680999999999833960e+00 -2.916838178472689336e+01
9.690999999999833747e+00 -2.919357849699979823e+01
9.700999999999833534e+00 -2.921785610730727356e+01
9.710999999999833321e+00 -2.924153448845430958e+01
9.720999999999833108e+00 -2.926473933206029088e+01
9.730999999999832895e+00 -2.928742190930358547e+01
9.740999999999832681e+00 -2.930939346647213029e+01
9.750999999999832468e+00 -2.933038289461933346e+01
9.760999999999832255e+00 -2.935015280854651110e+01
9.770999999999832042e+00 -2.936860872247574861e+01
9.780999999999831829e+00 -2.938584012509316423e+01
9.790999999999831616e+00 -2.940214842562991393e+01
9.800999999999831402e+00 -2.941802684530678036e+01
9.810999999999831189e+00 -2.943404660434892151e+01
9.820999999999830976e+00 -2.945073634887495118e+01
9.830999999999830763e+00 -2.946848754164449957e+01
9.840999999999830550e+00 -2.948744052422946638e+01
9.850999999999830337e+00 -2.950740446899194680e+01
9.860999999999830123e+00 -2.952789098320259598e+01
9.870999999999829910e+00 -2.954817186862688771e+01
9.880999999999829697e+00 -2.956735360699939008e+01
9.890999999999829484e+00 -2.958454645207568845e+01
9.900999999999829271e+00 -2.959900692606557726e+01
9.910999999999829058e+00 -2.961020996550676188e+01
9.920999999999828844e+00 -2.961790327860585137e+01
9.930999999999828631e+00 -2.962213435117531901e+01
9.940999999999828418e+00 -2.962315375236052617e+01
9.950999999999828205e+00 -2.962129643995635320e+01
9.960999999999827992e+00 -2.961692820158485873e+01
9.970999999999827779e+00 -2.961030510479633904e+01
9.980999999999827565e+00 -2.960149745988719516e+01
9.990999999999827352e+00 -2.959042615605856241e+01
1.000099999999982714e+01 -2.957691136461688686e+01
1.001099999999982693e+01 -2.956073988366669525e+01
