0.000000000000000000e+00 1.955483487139677602e-03
1.000000000000000021e-02 1.827246089117639952e-03
2.000000000000000042e-02 1.186828181922667483e-03
2.999999999999999889e-02 -4.751024045578699302e-04
4.000000000000000083e-02 -3.663026175868602883e-03
5.000000000000000278e-02 -8.875995537968991642e-03
6.000000000000000472e-02 -1.660860584742303303e-02
7.000000000000000666e-02 -2.735308967661887608e-02
8.000000000000000167e-02 -4.160161425763955756e-02
8.999999999999999667e-02 -5.984756034341361802e-02
9.999999999999999167e-02 -8.258451982616778209e-02
1.099999999999999867e-01 -1.103020011717835841e-01
1.199999999999999817e-01 -1.434773474655588743e-01
1.299999999999999767e-01 -1.825640098127717659e-01
1.399999999999999856e-01 -2.279769929854184585e-01
1.499999999999999944e-01 -2.800767933434648582e-01
1.600000000000000033e-01 -3.391534106870986442e-01
1.700000000000000122e-01 -4.054121779018639571e-01
1.800000000000000211e-01 -4.789628290017875489e-01
1.900000000000000300e-01 -5.598124890498965556e-01
2.000000000000000389e-01 -6.478627182084313318e-01
2.100000000000000477e-01 -7.429101787621976705e-01
2.200000000000000566e-01 -8.446499579417273695e-01
2.300000000000000655e-01 -9.526804146794282113e-01
2.400000000000000744e-01 -1.066508515737019991e+00
2.500000000000000555e-01 -1.185554953869435879e+00
2.600000000000000644e-01 -1.309158814765286616e+00
2.700000000000000733e-01 -1.436582046271312363e+00
2.800000000000000822e-01 -1.567014408758977906e+00
2.900000000000000910e-01 -1.699579777900073418e+00
3.000000000000000999e-01 -1.833344575966081358e+00
3.100000000000001088e-01 -1.967328737794193039e+00
3.200000000000001177e-01 -2.100519117936234803e+00
3.300000000000001266e-01 -2.231884727445690331e+00
3.400000000000001354e-01 -2.360393151839275561e+00
3.500000000000001443e-01 -2.485026384955066892e+00
3.600000000000001532e-01 -2.604793647012983104e+00
3.700000000000001621e-01 -2.718740305252734135e+00
3.800000000000001710e-01 -2.825951990945868353e+00
3.900000000000001799e-01 -2.925553836039338051e+00
4.000000000000001887e-01 -3.016706683166564762e+00
4.100000000000001976e-01 -3.098602291595096592e+00
4.200000000000002065e-01 -3.170458621657971321e+00
4.300000000000002154e-01 -3.231515677287706279e+00
4.400000000000002243e-01 -3.281032964574928101e+00
4.500000000000002331e-01 -3.318289274476798223e+00
4.600000000000002420e-01 -3.342584979611418650e+00
4.700000000000002509e-01 -3.353214601565628783e+00
4.800000000000002598e-01 -3.349601448969991679e+00
4.900000000000002687e-01 -3.331496446844026238e+00
5.000000000000002220e-01 -3.298854581188289448e+00
5.100000000000002309e-01 -3.251678102208652277e+00
5.200000000000002398e-01 -3.190020002901579943e+00
5.300000000000002487e-01 -3.113988362472762894e+00
5.400000000000002576e-01 -3.023752411228088466e+00
5.500000000000002665e-01 -2.919550081864832336e+00
5.600000000000002753e-01 -2.801696992542574094e+00
5.700000000000002842e-01 -2.670596399626951722e+00
5.800000000000002931e-01 -2.526748033881550448e+00
5.900000000000003020e-01 -2.370754262954059666e+00
6.000000000000003109e-01 -2.203322605537201717e+00
6.100000000000003197e-01 -2.025263131777411907e+00
6.200000000000003286e-01 -1.837480539959770898e+00
6.300000000000003375e-01 -1.640961765321847787e+00
6.400000000000003464e-01 -1.436759857492324155e+00
6.500000000000003553e-01 -1.225975891439728072e+00
6.600000000000003642e-01 -1.009741011814168310e+00
6.700000000000003730e-01 -7.891998435568217118e-01
6.800000000000003819e-01 -5.654965166764862605e-01
6.900000000000003908e-01 -3.397637053341091562e-01
7.000000000000003997e-01 -1.131141811222594884e-01
7.100000000000004086e-01 1.133633690283003953e-01
7.200000000000004174e-01 3.386067928174207875e-01
7.300000000000004263e-01 5.615868187013567381e-01
7.400000000000004352e-01 7.813143886302940100e-01
7.500000000000004441e-01 9.968465377850760367e-01
7.600000000000004530e-01 1.207291603233280775e+00
7.700000000000004619e-01 1.411812141780855123e+00
7.800000000000004707e-01 1.609626361180174881e+00
7.900000000000004796e-01 1.800011205656801616e+00
8.000000000000004885e-01 1.982301609676230036e+00
8.100000000000004974e-01 2.155880186005024512e+00
8.200000000000005063e-01 2.320165116309356179e+00
8.300000000000005151e-01 2.474599203057225250e+00
8.400000000000005240e-01 2.618639313351396325e+00
8.500000000000005329e-01 2.751749567890533932e+00
8.600000000000005418e-01 2.873396357641787358e+00
8.700000000000005507e-01 2.983044931876069228e+00
8.800000000000005596e-01 3.080162179127743372e+00
8.900000000000005684e-01 3.164225310963898696e+00
9.000000000000005773e-01 3.234732802163352794e+00
9.100000000000005862e-01 3.291216918223287990e+00
9.200000000000005951e-01 3.333256899623646685e+00
9.300000000000006040e-01 3.360490127755494605e+00
9.400000000000006128e-01 3.372620962777000297e+00
9.500000000000006217e-01 3.369428455118696597e+00
9.600000000000006306e-01 3.350772634392949811e+00
9.700000000000006395e-01 3.316599405375284970e+00
9.800000000000006484e-01 3.266944993670549469e+00
9.900000000000006573e-01 3.201940048673146411e+00
1.000000000000000666e+00 3.121813027367406068e+00
1.010000000000000675e+00 3.026894092476895004e+00
1.020000000000000684e+00 2.917619274130011320e+00
1.030000000000000693e+00 2.794531788131770167e+00
1.040000000000000702e+00 2.658280512420307051e+00
1.050000000000000711e+00 2.509616097589171257e+00
1.060000000000000719e+00 2.349381703638951713e+00
1.070000000000000728e+00 2.178498152585340630e+00
1.080000000000000737e+00 1.997946702309726819e+00
1.090000000000000746e+00 1.808750142259366811e+00
1.100000000000000755e+00 1.611952114407917414e+00
1.110000000000000764e+00 1.408598476574706382e+00
1.120000000000000773e+00 1.199723268609254490e+00
1.130000000000000782e+00 9.863375686460067460e-01
1.140000000000000790e+00 7.694224628978951763e-01
1.150000000000000799e+00 5.499276546476734584e-01
1.160000000000000808e+00 3.287725676815632103e-01
1.170000000000000817e+00 1.068486022082983378e-01
1.180000000000000826e+00 -1.149764536852225932e-01
1.190000000000000835e+00 -3.358543652663726897e-01
1.200000000000000844e+00 -5.549549296754250349e-01
1.210000000000000853e+00 -7.714645007545516409e-01
1.220000000000000862e+00 -9.845840524611154665e-01
1.230000000000000870e+00 -1.193529029113749473e+00
1.240000000000000879e+00 -1.397528821459972148e+00
1.250000000000000888e+00 -1.595822817692786888e+00
1.260000000000000897e+00 -1.787655440368430382e+00
1.270000000000000906e+00 -1.972271868392371452e+00
1.280000000000000915e+00 -2.148912071334365681e+00
1.290000000000000924e+00 -2.316804997011310263e+00
1.300000000000000933e+00 -2.475167443401555811e+00
1.310000000000000941e+00 -2.623207308531483317e+00
1.320000000000000950e+00 -2.760130075338234956e+00
1.330000000000000959e+00 -2.885150309554889603e+00
1.340000000000000968e+00 -2.997508230029227505e+00
1.350000000000000977e+00 -3.096487517530871258e+00
1.360000000000000986e+00 -3.181433340199891990e+00
1.370000000000000995e+00 -3.251770554323200724e+00
1.380000000000001004e+00 -3.307018175338657162e+00
1.390000000000001013e+00 -3.346798689040106023e+00
1.400000000000001021e+00 -3.370843317777443282e+00
1.410000000000001030e+00 -3.378993647646872045e+00
1.420000000000001039e+00 -3.371199756395591773e+00
1.430000000000001048e+00 -3.347517149591600738e+00
1.440000000000001057e+00 -3.308104590172160631e+00
1.450000000000001066e+00 -3.253220462669649926e+00
1.460000000000001075e+00 -3.183218101419151846e+00
1.470000000000001084e+00 -3.098542899658836003e+00
1.480000000000001092e+00 -2.999728254836829588e+00
1.490000000000001101e+00 -2.887388082014977542e+00
1.500000000000001110e+00 -2.762208457420595842e+00
1.510000000000001119e+00 -2.624937904090475449e+00
1.520000000000001128e+00 -2.476373435049376681e+00
1.530000000000001137e+00 -2.317344360034646833e+00
1.540000000000001146e+00 -2.148696830269068769e+00
1.550000000000001155e+00 -1.971278640927086601e+00
1.560000000000001164e+00 -1.785926463704050837e+00
1.570000000000001172e+00 -1.593458073376313955e+00
1.580000000000001181e+00 -1.394668845332957208e+00
1.590000000000001190e+00 -1.190333531749524720e+00
1.600000000000001199e+00 -9.812131809572399721e-01
1.610000000000001208e+00 -7.680634314211197688e-01
1.620000000000001217e+00 -5.516431997463249193e-01
1.630000000000001226e+00 -3.327247768891896107e-01
1.640000000000001235e+00 -1.121018751537374847e-01
1.650000000000001243e+00 1.094067916979887811e-01
1.660000000000001252e+00 3.309550911007670404e-01
1.670000000000001261e+00 5.516681066904640662e-01
1.680000000000001270e+00 7.706444971857387971e-01
1.690000000000001279e+00 9.869605406895265443e-01
1.700000000000001288e+00 1.199672795163498451e+00
1.710000000000001297e+00 1.407820613263240928e+00
1.720000000000001306e+00 1.610430226202721471e+00
1.730000000000001315e+00 1.806518237135378069e+00
1.740000000000001323e+00 1.995094881701869882e+00
1.750000000000001332e+00 2.175170650323393406e+00
1.760000000000001341e+00 2.345765598194470947e+00
1.770000000000001350e+00 2.505920515240463331e+00
1.780000000000001359e+00 2.654712162365624462e+00
1.790000000000001368e+00 2.791271523404418975e+00
1.800000000000001377e+00 2.914801532236549697e+00
1.810000000000001386e+00 3.024594301625179060e+00
1.820000000000001394e+00 3.120047090000709566e+00
1.830000000000001403e+00 3.200672162507155694e+00
1.840000000000001412e+00 3.266100623047840656e+00
1.850000000000001421e+00 3.316083325147399563e+00
1.860000000000001430e+00 3.350486810944161675e+00
1.870000000000001439e+00 3.369283994018979378e+00
1.880000000000001448e+00 3.372543763413676121e+00
1.890000000000001457e+00 3.360421201556642146e+00
1.900000000000001465e+00 3.333147426036378924e+00
1.910000000000001474e+00 3.291019747820989050e+00
1.920000000000001483e+00 3.234394644102830618e+00
1.930000000000001492e+00 3.163682289683173110e+00
1.940000000000001501e+00 3.079339768095652907e+00
1.950000000000001510e+00 2.981864463649444907e+00
1.960000000000001519e+00 2.871788601479607905e+00
1.970000000000001528e+00 2.749672142272943987e+00
1.980000000000001537e+00 2.616094461047886899e+00
1.990000000000001545e+00 2.471647016444520784e+00
2.000000000000001332e+00 2.316926678250754712e+00
2.010000000000001119e+00 2.152531274246980875e+00
2.020000000000000906e+00 1.979059009474336328e+00
2.030000000000000693e+00 1.797111586785713033e+00
2.040000000000000480e+00 1.607301460492969181e+00
2.050000000000000266e+00 1.410263029704419413e+00
2.060000000000000053e+00 1.206665359018159522e+00
2.069999999999999840e+00 9.972239574987058486e-01
2.079999999999999627e+00 7.827111294797717278e-01
2.089999999999999414e+00 5.639630248109706034e-01
2.099999999999999201e+00 3.418811984911832025e-01
2.109999999999998987e+00 1.174296293577589828e-01
2.119999999999998774e+00 -1.083717474068608688e-01
2.129999999999998561e+00 -3.344564935964240426e-01
2.139999999999998348e+00 -5.597230584065373549e-01
2.149999999999998135e+00 -7.830465145723911613e-01
2.159999999999997922e+00 -1.003289702275980355e+00
2.169999999999997708e+00 -1.219314089603923845e+00
2.179999999999997495e+00 -1.429989686289773632e+00
2.189999999999997282e+00 -1.634204307482111762e+00
2.199999999999997069e+00 -1.830873806822767014e+00
2.209999999999996856e+00 -2.018952656483255392e+00
2.219999999999996643e+00 -2.197444676607883451e+00
2.229999999999996430e+00 -2.365415952101025177e+00
2.239999999999996216e+00 -2.522008833109101289e+00
2.249999999999996003e+00 -2.666453914794450597e+00
2.259999999999995790e+00 -2.798080845800018146e+00
2.269999999999995577e+00 -2.916327834567699284e+00
2.279999999999995364e+00 -3.020745576947656552e+00
2.289999999999995151e+00 -3.110994777585360360e+00
2.299999999999994937e+00 -3.186839960887906553e+00
2.309999999999994724e+00 -3.248139164429677983e+00
2.319999999999994511e+00 -3.294828895704150717e+00
2.329999999999994298e+00 -3.326908638741372659e+00
2.339999999999994085e+00 -3.344428057318719283e+00
2.349999999999993872e+00 -3.347475890059978809e+00
2.359999999999993658e+00 -3.336171501608306222e+00
2.369999999999993445e+00 -3.310661122279302315e+00
2.379999999999993232e+00 -3.271116961604265239e+00
2.389999999999993019e+00 -3.217736679471977723e+00
2.399999999999992806e+00 -3.150744425308599439e+00
2.409999999999992593e+00 -3.070393199046329347e+00
2.419999999999992379e+00 -2.976965415140475191e+00
2.429999999999992166e+00 -2.870773278822913888e+00
2.439999999999991953e+00 -2.752160942837392099e+00
2.449999999999991740e+00 -2.621505865413312986e+00
2.459999999999991527e+00 -2.479220195377899394e+00
2.469999999999991314e+00 -2.325755468601647724e+00
2.479999999999991100e+00 -2.161609374064605404e+00
2.489999999999990887e+00 -1.987332782049944901e+00
2.499999999999990674e+00 -1.803538805635685138e+00
2.509999999999990461e+00 -1.610913334893959048e+00
2.519999999999990248e+00 -1.410222996534438167e+00
2.529999999999990035e+00 -1.202319672356729319e+00
2.539999999999989821e+00 -9.881419321294829805e-01
2.549999999999989608e+00 -7.687109590395850844e-01
2.559999999999989395e+00 -5.451202355988015169e-01
2.569999999999989182e+00 -3.185213645048808884e-01
2.579999999999988969e+00 -9.010701847536287112e-02
2.589999999999988756e+00 1.389081463234475566e-01
2.599999999999988542e+00 3.673054106695090026e-01
2.609999999999988329e+00 5.938776371075301652e-01
2.619999999999988116e+00 8.174432183679672947e-01
2.629999999999987903e+00 1.036856975791751401e+00
2.639999999999987690e+00 1.251018119241974258e+00
2.649999999999987477e+00 1.458877637261048354e+00
2.659999999999987264e+00 1.659445283283987216e+00
2.669999999999987050e+00 1.851794951265315348e+00
2.679999999999986837e+00 2.035070195171393870e+00
2.689999999999986624e+00 2.208490411971457679e+00
2.699999999999986411e+00 2.371354991990947791e+00
2.709999999999986198e+00 2.523045792899819784e+00
2.719999999999985985e+00 2.663028436779305341e+00
2.729999999999985771e+00 2.790850129367668409e+00
2.739999999999985558e+00 2.906133774843940643e+00
2.749999999999985345e+00 3.008569444120663849e+00
2.759999999999985132e+00 3.097902859830186983e+00
2.769999999999984919e+00 3.173921566184789267e+00
2.779999999999984706e+00 3.236442083966289740e+00
2.789999999999984492e+00 3.285299682253177256e+00
2.799999999999984279e+00 3.320340387098948742e+00
2.809999999999984066e+00 3.341417874723426440e+00
2.819999999999983853e+00 3.348396791330530142e+00
2.829999999999983640e+00 3.341159308085641211e+00
2.839999999999983427e+00 3.319613534791760134e+00
2.849999999999983213e+00 3.283704831625995801e+00
2.859999999999983000e+00 3.233427483192542695e+00
2.869999999999982787e+00 3.168832926058098742e+00
2.879999999999982574e+00 3.090035927753647549e+00
2.889999999999982361e+00 2.997221013743208484e+00
2.899999999999982148e+00 2.890646514142316992e+00
2.909999999999981934e+00 2.770646182725098772e+00
2.919999999999981721e+00 2.637632506170240365e+00
2.929999999999981508e+00 2.492100638952381875e+00
2.939999999999981295e+00 2.334630541292852524e+00
2.949999999999981082e+00 2.165889729406244246e+00
2.959999999999980869e+00 1.986636535877034593e+00
2.969999999999980655e+00 1.797720186161044786e+00
2.979999999999980442e+00 1.600077768407027756e+00
2.989999999999980229e+00 1.394729054197709761e+00
2.999999999999980016e+00 1.182766079644395063e+00
3.009999999999979803e+00 9.653372653444176610e-01
3.019999999999979590e+00 7.436299470970358927e-01
3.029999999999979376e+00 5.188506256799411132e-01
3.039999999999979163e+00 2.922024806571523192e-01
3.049999999999978950e+00 6.486598690888761842e-02
3.059999999999978737e+00 -1.620153326802618032e-01
3.069999999999978524e+00 -3.873466406273730622e-01
3.079999999999978311e+00 -6.100889530991066012e-01
3.089999999999978098e+00 -8.292597275930735368e-01
3.099999999999977884e+00 -1.043931092304960284e+00
3.109999999999977671e+00 -1.253228621806522503e+00
3.119999999999977458e+00 -1.456328747905188736e+00
3.129999999999977245e+00 -1.652455860726599779e+00
3.139999999999977032e+00 -1.840881705822499104e+00
3.149999999999976819e+00 -2.020924986227177200e+00
3.159999999999976605e+00 -2.191949714637666968e+00
3.169999999999976392e+00 -2.353363316294149410e+00
3.179999999999976179e+00 -2.504613123982768030e+00
3.189999999999975966e+00 -2.645180712533806044e+00
3.199999999999975753e+00 -2.774575890843673065e+00
3.209999999999975540e+00 -2.892329698695744522e+00
3.219999999999975326e+00 -2.997986378364395410e+00
3.229999999999975113e+00 -3.091098039634789796e+00
3.239999999999974900e+00 -3.171222921474423639e+00
3.249999999999974687e+00 -3.237925674765691930e+00
3.259999999999974474e+00 -3.290781950577192028e+00
3.269999999999974261e+00 -3.329389308353389865e+00
3.279999999999974047e+00 -3.353381001386773530e+00
3.289999999999973834e+00 -3.362440518824417079e+00
3.299999999999973621e+00 -3.356318214368820829e+00
3.309999999999973408e+00 -3.334847351444476971e+00
3.319999999999973195e+00 -3.297955675172064449e+00
3.329999999999972982e+00 -3.245673027985688019e+00
3.339999999999972768e+00 -3.178135673465954714e+00
3.349999999999972555e+00 -3.095586176448706706e+00
3.359999999999972342e+00 -2.998370238298487589e+00
3.369999999999972129e+00 -2.886933364456825135e+00
3.379999999999971916e+00 -2.761816762214149179e+00
3.389999999999971703e+00 -2.623652511559740219e+00
3.399999999999971489e+00 -2.473160161327194295e+00
3.409999999999971276e+00 -2.311142480596984683e+00
3.419999999999971063e+00 -2.138477785037243617e+00
3.429999999999970850e+00 -1.956111358892253183e+00
3.439999999999970637e+00 -1.765046187795153987e+00
3.449999999999970424e+00 -1.566329020509747316e+00
3.459999999999970210e+00 -1.361033654534371751e+00
3.469999999999969997e+00 -1.150245850613214937e+00
3.479999999999969784e+00 -9.350474200276317482e-01
3.489999999999969571e+00 -7.164988080854173269e-01
3.499999999999969358e+00 -4.956257259078819533e-01
3.509999999999969145e+00 -2.734114604326567388e-01
3.519999999999968932e+00 -5.079196222648425102e-02
3.529999999999968718e+00 1.713449871077146192e-01
3.539999999999968505e+00 3.921540522042725185e-01
3.549999999999968292e+00 6.108235572986321360e-01
3.559999999999968079e+00 8.265668328672104437e-01
3.569999999999967866e+00 1.038613010430692762e+00
3.579999999999967653e+00 1.246198727596063538e+00
3.589999999999967439e+00 1.448563546352958253e+00
3.599999999999967226e+00 1.644948160490566691e+00
3.609999999999967013e+00 1.834593931275499967e+00
3.619999999999966800e+00 2.016744852135328614e+00
3.629999999999966587e+00 2.190649930498905995e+00
3.639999999999966374e+00 2.355563815315508069e+00
3.649999999999966160e+00 2.510748265311138372e+00
3.659999999999965947e+00 2.655474239592816588e+00
3.669999999999965734e+00 2.789022708124695438e+00
3.679999999999965521e+00 2.910687041005953546e+00
3.689999999999965308e+00 3.019779266418979979e+00
3.699999999999965095e+00 3.115638223773182780e+00
3.709999999999964881e+00 3.197639445581623274e+00
3.719999999999964668e+00 3.265209110165262718e+00
3.729999999999964455e+00 3.317840411659806588e+00
3.739999999999964242e+00 3.355109585234380187e+00
3.749999999999964029e+00 3.376691861784884452e+00
3.759999999999963816e+00 3.382375329744065517e+00
3.769999999999963602e+00 3.372068877766920991e+00
3.779999999999963389e+00 3.345804855139653977e+00
3.789999999999963176e+00 3.303738117737876845e+00
3.799999999999962963e+00 3.246140119441322192e+00
3.809999999999962750e+00 3.173389041756626838e+00
3.819999999999962537e+00 3.085958534371369577e+00
3.829999999999962323e+00 2.984404660174584389e+00
3.839999999999962110e+00 2.869352970026975314e+00
3.849999999999961897e+00 2.741489419652275661e+00
3.859999999999961684e+00 2.601552900694700909e+00
3.869999999999961471e+00 2.450326495343434274e+00
3.879999999999961258e+00 2.288630233792908975e+00
3.889999999999961044e+00 2.117315087824787057e+00
3.899999999999960831e+00 1.937253432071196491e+00
3.909999999999960618e+00 1.749327505909814784e+00
3.919999999999960405e+00 1.554419736221823722e+00
3.929999999999960192e+00 1.353403383100459711e+00
3.939999999999959979e+00 1.147133315378367158e+00
3.949999999999959766e+00 9.364409886066901167e-01
3.959999999999959552e+00 7.221343588029512928e-01
3.969999999999959339e+00 5.050004510025121185e-01
3.979999999999959126e+00 2.858117117584987876e-01
3.989999999999958913e+00 6.533647681195216272e-02
3.999999999999958700e+00 -1.556498865490633099e-01
4.009999999999958931e+00 -3.763543587029625770e-01
4.019999999999958717e+00 -5.959561642466081333e-01
4.029999999999958504e+00 -8.136001492642681576e-01
4.039999999999958291e+00 -1.028395533147146823e+00
4.049999999999958078e+00 -1.239417853884595910e+00
4.059999999999957865e+00 -1.445713863414409994e+00
4.069999999999957652e+00 -1.646311556150841904e+00
4.079999999999957438e+00 -1.840231795201926923e+00
4.089999999999957225e+00 -2.026497849667076245e+00
4.099999999999957012e+00 -2.204145488139042985e+00
4.109999999999956799e+00 -2.372233353479461293e+00
4.119999999999956586e+00 -2.529850278540656028e+00
4.129999999999956373e+00 -2.676121999600037160e+00
4.139999999999956160e+00 -2.810220580177244631e+00
4.149999999999955946e+00 -2.931374755257897924e+00
4.159999999999955733e+00 -3.038880724041129966e+00
4.169999999999955520e+00 -3.132115092563985570e+00
4.179999999999955307e+00 -3.210548237575584274e+00
4.189999999999955094e+00 -3.273755721089353088e+00
4.199999999999954881e+00 -3.321427567322800201e+00
4.209999999999954667e+00 -3.353374299412358983e+00
4.219999999999954454e+00 -3.369527860609892400e+00
4.229999999999954241e+00 -3.369938072808612350e+00
4.239999999999954028e+00 -3.354765261799821374e+00
4.249999999999953815e+00 -3.324267899988382791e+00
4.259999999999953602e+00 -3.278787445495062070e+00
4.269999999999953388e+00 -3.218733375876804192e+00
4.279999999999953175e+00 -3.144568154432387797e+00
4.289999999999952962e+00 -3.056793205019641135e+00
4.299999999999952749e+00 -2.955938909312738172e+00
4.309999999999952536e+00 -2.842558565220003608e+00
4.319999999999952323e+00 -2.717223876539013538e+00
4.329999999999952109e+00 -2.580522781338211225e+00
4.339999999999951896e+00 -2.433059802521918780e+00
4.349999999999951683e+00 -2.275455580206882988e+00
4.359999999999951470e+00 -2.108345588368057300e+00
4.369999999999951257e+00 -1.932379336096482714e+00
4.379999999999951044e+00 -1.748218874580770299e+00
4.389999999999950830e+00 -1.556537495052177755e+00
4.399999999999950617e+00 -1.358021046197077197e+00
4.409999999999950404e+00 -1.153371497704275717e+00
4.419999999999950191e+00 -9.433120536297252556e-01
4.429999999999949978e+00 -7.285951356960527203e-01
4.439999999999949765e+00 -5.100122065946709471e-01
4.449999999999949551e+00 -2.884019679348584497e-01
4.459999999999949338e+00 -6.465654935942649617e-02
4.469999999999949125e+00 1.602736519809118687e-01
4.479999999999948912e+00 3.853795600155631162e-01
4.489999999999948699e+00 6.095991859395033519e-01
4.499999999999948486e+00 8.318265532165277643e-01
4.509999999999948272e+00 1.050923622570695493e+00
4.519999999999948059e+00 1.265737196890479810e+00
4.529999999999947846e+00 1.475117429481399345e+00
4.539999999999947633e+00 1.677934577824820250e+00
4.549999999999947420e+00 1.873095109069361053e+00
4.559999999999947207e+00 2.059556394131930812e+00
4.569999999999946994e+00 2.236336899597581862e+00
4.579999999999946780e+00 2.402523398381823050e+00
4.589999999999946567e+00 2.557277831554582992e+00
4.599999999999946354e+00 2.699842152227587277e+00
4.609999999999946141e+00 2.829542078927602233e+00
4.619999999999945928e+00 2.945792670374352884e+00
4.629999999999945715e+00 3.048103990620197212e+00
4.639999999999945501e+00 3.136084818268021657e+00
4.649999999999945288e+00 3.209445357652526365e+00
4.659999999999945075e+00 3.267998321901643521e+00
4.669999999999944862e+00 3.311654734262509781e+00
4.679999999999944649e+00 3.340414884991923294e+00
4.689999999999944436e+00 3.354357748533423944e+00
4.699999999999944222e+00 3.353627413007290503e+00
4.709999999999944009e+00 3.338416716902086634e+00
4.719999999999943796e+00 3.308952759485424444e+00
4.729999999999943583e+00 3.265485470355707687e+00
4.739999999999943370e+00 3.208278318465682233e+00
4.749999999999943157e+00 3.137603472208248867e+00
4.759999999999942943e+00 3.053742782607299144e+00
4.769999999999942730e+00 2.956992003119701451e+00
4.779999999999942517e+00 2.847667384374870103e+00
4.789999999999942304e+00 2.726114561095320799e+00
4.799999999999942091e+00 2.592716753523240936e+00
4.809999999999941878e+00 2.447901294980836528e+00
4.819999999999941664e+00 2.292145400742673367e+00
4.829999999999941451e+00 2.125979584377248877e+00
4.839999999999941238e+00 1.949988535100442233e+00
4.849999999999941025e+00 1.764812661836907104e+00
4.859999999999940812e+00 1.571150286055818190e+00
4.869999999999940599e+00 1.369759054120814445e+00
4.879999999999940385e+00 1.161458817033405477e+00
4.889999999999940172e+00 9.471359490556959804e-01
4.899999999999939959e+00 7.277455956275876714e-01
4.909999999999939746e+00 5.043111018721575523e-01
4.919999999999939533e+00 2.779212577839307308e-01
4.929999999999939320e+00 4.972304423623304104e-02
4.939999999999939106e+00 -1.790911398472132821e-01
4.949999999999938893e+00 -4.072991761997030724e-01
4.959999999999938680e+00 -6.336677020364047674e-01
4.969999999999938467e+00 -8.569731106205991100e-01
4.979999999999938254e+00 -1.076021338279443684e+00
4.989999999999938041e+00 -1.289665137919398408e+00
4.999999999999937828e+00 -1.496819460126344925e+00
5.009999999999937614e+00 -1.696472598830424561e+00
5.019999999999937401e+00 -1.887691478780070264e+00
5.029999999999937188e+00 -2.069624042151534393e+00
5.039999999999936975e+00 -2.241500134637500974e+00
5.049999999999936762e+00 -2.402628924193861426e+00
5.059999999999936549e+00 -2.552394766780665236e+00
5.069999999999936335e+00 -2.690255394610860051e+00
5.079999999999936122e+00 -2.815740521151185671e+00
5.089999999999935909e+00 -2.928448361875868766e+00
5.099999999999935696e+00 -3.028042959629377417e+00
5.109999999999935483e+00 -3.114252473556236911e+00
5.119999999999935270e+00 -3.186864111081780138e+00
5.129999999999935056e+00 -3.245716058159439754e+00
5.139999999999934843e+00 -3.290689508323799473e+00
5.149999999999934630e+00 -3.321699640612968185e+00
5.159999999999934417e+00 -3.338685091517337611e+00
5.169999999999934204e+00 -3.341600212812852799e+00
5.179999999999933991e+00 -3.330411395006207087e+00
5.189999999999933777e+00 -3.305096098215253519e+00
5.199999999999933564e+00 -3.265646787285017005e+00
5.209999999999933351e+00 -3.212079878500381902e+00
5.219999999999933138e+00 -3.144446548966120414e+00
5.229999999999932925e+00 -3.062845315381489630e+00
5.239999999999932712e+00 -2.967436376737798032e+00
5.249999999999932498e+00 -2.858453941485214589e+00
5.259999999999932285e+00 -2.736214815187036908e+00
5.269999999999932072e+00 -2.601125440029311786e+00
5.279999999999931859e+00 -2.453685875825783569e+00
5.289999999999931646e+00 -2.294488199845781118e+00
5.299999999999931433e+00 -2.124212908981733428e+00
5.309999999999931219e+00 -1.943625322124026722e+00
5.319999999999931006e+00 -1.753569893326972773e+00
5.329999999999930793e+00 -1.554963688420056611e+00
5.339999999999930580e+00 -1.348791071701319844e+00
5.349999999999930367e+00 -1.136098057328291056e+00
5.359999999999930154e+00 -9.179850153518027689e-01
5.369999999999929940e+00 -6.955980131125654164e-01
5.379999999999929727e+00 -4.701177767785404416e-01
5.389999999999929514e+00 -2.427457227744785062e-01
5.399999999999929301e+00 -1.468819092152076795e-02
5.409999999999929088e+00 2.128612799914580411e-01
5.419999999999928875e+00 4.387409179559246253e-01
5.429999999999928662e+00 6.618371365869760714e-01
5.439999999999928448e+00 8.810971298216960790e-01
5.449999999999928235e+00 1.095539086050705713e+00
5.459999999999928022e+00 1.304257391008311506e+00
5.469999999999927809e+00 1.506420602259688435e+00
5.479999999999927596e+00 1.701265990052243104e+00
5.489999999999927383e+00 1.888092827727294809e+00
5.499999999999927169e+00 2.066252694589938432e+00
5.509999999999926956e+00 2.235138665877322239e+00
5.519999999999926743e+00 2.394178200845682891e+00
5.529999999999926530e+00 2.542828735627435499e+00
5.539999999999926317e+00 2.680573355464352048e+00
5.549999999999926104e+00 2.806919577317553038e+00
5.559999999999925890e+00 2.921400645287405951e+00
5.569999999999925677e+00 3.023575285813869140e+00
5.579999999999925464e+00 3.113027310133037684e+00
5.589999999999925251e+00 3.189365678928047121e+00
5.599999999999925038e+00 3.252222903918261299e+00
5.609999999999924825e+00 3.301253474977658975e+00
5.619999999999924611e+00 3.336135280700210259e+00
5.629999999999924398e+00 3.356572818833404970e+00
5.639999999999924185e+00 3.362302026503412922e+00
5.649999999999923972e+00 3.353100367775467827e+00
5.659999999999923759e+00 3.328800712474554224e+00
5.669999999999923546e+00 3.289304893369910943e+00
5.679999999999923332e+00 3.234598108513052850e+00
5.689999999999923119e+00 3.164764255860928799e+00
5.699999999999922906e+00 3.079997140405467349e+00
5.709999999999922693e+00 2.980605478373026695e+00
5.719999999999922480e+00 2.867014639210847093e+00
5.729999999999922267e+00 2.739764415701261502e+00
5.739999999999922053e+00 2.599500471798954937e+00
5.749999999999921840e+00 2.446962596863598627e+00
5.759999999999921627e+00 2.282972808316162450e+00
5.769999999999921414e+00 2.108422622739093200e+00
5.779999999999921201e+00 1.924260126087865341e+00
5.789999999999920988e+00 1.731479141205792827e+00
5.799999999999920774e+00 1.531109811600166903e+00
5.809999999999920561e+00 1.324209439167008950e+00
5.819999999999920348e+00 1.111853809457894915e+00
5.829999999999920135e+00 8.951273352430270114e-01
5.839999999999919922e+00 6.751118564566970237e-01
5.849999999999919709e+00 4.528755229690596962e-01
5.859999999999919496e+00 2.294613940911812422e-01
5.869999999999919282e+00 5.875927515904296253e-03
5.879999999999919069e+00 -2.169202073650460250e-01
5.889999999999918856e+00 -4.380168123562500626e-01
5.899999999999918643e+00 -6.565557345546242374e-01
5.909999999999918430e+00 -8.717291009555191428e-01
5.919999999999918217e+00 -1.082771818934335828e+00
5.929999999999918003e+00 -1.288950975816839595e+00
5.939999999999917790e+00 -1.489555039629848254e+00
5.949999999999917577e+00 -1.683882633755017455e+00
5.959999999999917364e+00 -1.871232439157817229e+00
5.969999999999917151e+00 -2.050896947592806274e+00
5.979999999999916938e+00 -2.222160091696316009e+00
5.989999999999916724e+00 -2.384298205572607632e+00
5.999999999999916511e+00 -2.536585258112967534e+00
6.009999999999916298e+00 -2.678300361392084383e+00
6.019999999999916085e+00 -2.808735535221665636e+00
6.029999999999915872e+00 -2.927204943188313813e+00
6.039999999999915659e+00 -3.033053801527142213e+00
6.049999999999915445e+00 -3.125664698173582501e+00
6.059999999999915232e+00 -3.204463853757330671e+00
6.069999999999915019e+00 -3.268929013909492198e+00
6.079999999999914806e+00 -3.318596904682164173e+00
6.089999999999914593e+00 -3.353070750963097257e+00
6.099999999999914380e+00 -3.372030677683269584e+00
6.109999999999914166e+00 -3.375245647837037399e+00
6.119999999999913953e+00 -3.362583882803279689e+00
6.129999999999913740e+00 -3.334021935658399993e+00
6.139999999999913527e+00 -3.289653277067395631e+00
6.149999999999913314e+00 -3.229693417792347976e+00
6.159999999999913101e+00 -3.154479135143475332e+00
6.169999999999912887e+00 -3.064463803553758581e+00
6.179999999999912674e+00 -2.960208543750305843e+00
6.189999999999912461e+00 -2.842367828194023005e+00
6.199999999999912248e+00 -2.711672559129257642e+00
6.209999999999912035e+00 -2.568913076068957579e+00
6.219999999999911822e+00 -2.414922105721225343e+00
6.229999999999911608e+00 -2.250559537070752292e+00
6.239999999999911395e+00 -2.076701469536137878e+00
6.249999999999911182e+00 -1.894232036850540091e+00
6.259999999999910969e+00 -1.704037154463273085e+00
6.269999999999910756e+00 -1.507001819816297328e+00
6.279999999999910543e+00 -1.304008590814756952e+00
6.289999999999910330e+00 -1.095934538538370751e+00
6.299999999999910116e+00 -8.836483516784895409e-01
6.309999999999909903e+00 -6.680083697134409082e-01
6.319999999999909690e+00 -4.498595562085594413e-01
6.329999999999909477e+00 -2.300305184300699413e-01
6.339999999999909264e+00 -9.334148014896796047e-03
6.349999999999909051e+00 2.114290169519526252e-01
6.359999999999908837e+00 4.314660578508067723e-01
6.369999999999908624e+00 6.499839737892387781e-01
6.379999999999908411e+00 8.661799601398113557e-01
6.389999999999908198e+00 1.079232421776930906e+00
6.399999999999907985e+00 1.288293587617447278e+00
6.409999999999907772e+00 1.492484565002577979e+00
6.419999999999907558e+00 1.690894784065599898e+00
6.429999999999907345e+00 1.882586047847128574e+00
6.439999999999907132e+00 2.066601049857207606e+00
6.449999999999906919e+00 2.241976764431988123e+00
6.459999999999906706e+00 2.407760376306740557e+00
6.469999999999906493e+00 2.563025443813672588e+00
6.479999999999906279e+00 2.706888230874648471e+00
6.489999999999906066e+00 2.838522601630308007e+00
6.499999999999905853e+00 2.957171219378184279e+00
6.509999999999905640e+00 3.062153901670748635e+00
6.519999999999905427e+00 3.152874471026492209e+00
6.529999999999905214e+00 3.228825505550347419e+00
6.539999999999905000e+00 3.289591977532969391e+00
6.549999999999904787e+00 3.334855758092086564e+00
6.559999999999904574e+00 3.364400695330457935e+00
6.569999999999904361e+00 3.378116896072825615e+00
6.579999999999904148e+00 3.376003958731516708e+00
6.589999999999903935e+00 3.358172579948748293e+00
6.599999999999903721e+00 3.324842026954421659e+00
6.609999999999903508e+00 3.276333347286353614e+00
6.619999999999903295e+00 3.213059917080639316e+00
6.629999999999903082e+00 3.135513982228946617e+00
6.639999999999902869e+00 3.044249659548325493e+00
6.649999999999902656e+00 2.939866296593383499e+00
6.659999999999902442e+00 2.822993181204536128e+00
6.669999999999902229e+00 2.694274914436332491e+00
6.679999999999902016e+00 2.554360416220298191e+00
6.689999999999901803e+00 2.403898002863114947e+00
6.699999999999901590e+00 2.243533895849432636e+00
6.709999999999901377e+00 2.073913225331633914e+00
6.719999999999901164e+00 1.895685384019632824e+00
6.729999999999900950e+00 1.709511394467968959e+00
6.739999999999900737e+00 1.516069576080453007e+00
6.749999999999900524e+00 1.316059997408359328e+00
6.759999999999900311e+00 1.110208658784892499e+00
6.769999999999900098e+00 8.992694032795869319e-01
6.779999999999899885e+00 6.840239462835138173e-01
6.789999999999899671e+00 4.652829691375870436e-01
6.799999999999899458e+00 2.438880990332413790e-01
6.809999999999899245e+00 2.071388857474313824e-02
6.819999999999899032e+00 -2.033290342957990438e-01
6.829999999999898819e+00 -4.272899498358533887e-01
6.839999999999898606e+00 -6.501761261646014090e-01
6.849999999999898392e+00 -8.709535170692817019e-01
6.859999999999898179e+00 -1.088549567806560647e+00
6.869999999999897966e+00 -1.301860840986771795e+00
6.879999999999897753e+00 -1.509765541393055743e+00
6.889999999999897540e+00 -1.711138436555173614e+00
6.899999999999897327e+00 -1.904868162804303600e+00
6.909999999999897113e+00 -2.089877075336018297e+00
6.919999999999896900e+00 -2.265140869644886035e+00
6.929999999999896687e+00 -2.429705123190614380e+00
6.939999999999896474e+00 -2.582699447879597265e+00
6.949999999999896261e+00 -2.723348336777488665e+00
6.959999999999896048e+00 -2.850976521960212118e+00
6.969999999999895834e+00 -2.965010406443274515e+00
6.979999999999895621e+00 -3.064976815229584872e+00
6.989999999999895408e+00 -3.150499528209492528e+00
6.999999999999895195e+00 -3.221295185246396464e+00
7.009999999999894982e+00 -3.277169497138263221e+00
7.019999999999894769e+00 -3.318013469624372824e+00
7.029999999999894555e+00 -3.343800273740948459e+00
7.039999999999894342e+00 -3.354582651202511645e+00
7.049999999999894129e+00 -3.350487804451088181e+00
7.059999999999893916e+00 -3.331709753096754323e+00
7.069999999999893703e+00 -3.298500968990313087e+00
7.079999999999893490e+00 -3.251161542873564070e+00
7.089999999999893276e+00 -3.190025778340483953e+00
7.099999999999893063e+00 -3.115450354021885193e+00
7.109999999999892850e+00 -3.027805752971584052e+00
7.119999999999892637e+00 -2.927469442007510914e+00
7.129999999999892424e+00 -2.814822895971676342e+00
7.139999999999892211e+00 -2.690254563710609226e+00
7.149999999999891998e+00 -2.554166154362132346e+00
7.159999999999891784e+00 -2.406981168502190460e+00
7.169999999999891571e+00 -2.249156247591414637e+00
7.179999999999891358e+00 -2.081193384693753590e+00
7.189999999999891145e+00 -1.903650313742817124e+00
7.199999999999890932e+00 -1.717148964990254267e+00
7.209999999999890719e+00 -1.522381456572442504e+00
7.219999999999890505e+00 -1.320111037513857388e+00
7.229999999999890292e+00 -1.111169702677959448e+00
7.239999999999890079e+00 -8.964548413334586519e-01
7.249999999999889866e+00 -6.769234059693556294e-01
7.259999999999889653e+00 -4.535847974544210959e-01
7.269999999999889440e+00 -2.274957058976990465e-01
7.279999999999889226e+00 2.440295100703809969e-04
7.289999999999889013e+00 2.284977557459962894e-01
7.299999999999888800e+00 4.560994215459616141e-01
7.309999999999888587e+00 6.818608593971339227e-01
7.319999999999888374e+00 9.045831348630075652e-01
7.329999999999888161e+00 1.123072784149987458e+00
7.339999999999887947e+00 1.336158753401117005e+00
7.349999999999887734e+00 1.542709717195835273e+00
7.359999999999887521e+00 1.741653028383972401e+00
7.369999999999887308e+00 1.931991629806227850e+00
7.379999999999887095e+00 2.112815814156604688e+00
7.389999999999886882e+00 2.283311400940270630e+00
7.399999999999886668e+00 2.442763644406237500e+00
7.409999999999886455e+00 2.590555288635925546e+00
7.419999999999886242e+00 2.726160983413983274e+00
7.429999999999886029e+00 2.849139154652935435e+00
7.439999999999885816e+00 2.959121472078514170e+00
7.449999999999885603e+00 3.055802748703285054e+00
7.459999999999885389e+00 3.138932855746901840e+00
7.469999999999885176e+00 3.208309334950368630e+00
7.479999999999884963e+00 3.263772109763082518e+00
7.489999999999884750e+00 3.305201809122293000e+00
7.499999999999884537e+00 3.332518333698622826e+00
7.509999999999884324e+00 3.345678102432694700e+00
7.519999999999884110e+00 3.344671760040863528e+00
7.529999999999883897e+00 3.329521523186723897e+00
7.539999999999883684e+00 3.300276854249288849e+00
7.549999999999883471e+00 3.257010494711090498e+00
7.559999999999883258e+00 3.199817269550810916e+00
7.569999999999883045e+00 3.128815441971092071e+00
7.579999999999882832e+00 3.044150962150977691e+00
7.589999999999882618e+00 2.946005939870307344e+00
7.599999999999882405e+00 2.834610057691717699e+00
7.609999999999882192e+00 2.710253512622831984e+00
7.619999999999881979e+00 2.573300739311141783e+00
7.629999999999881766e+00 2.424202104851395312e+00
7.639999999999881553e+00 2.263501720175900456e+00
7.649999999999881339e+00 2.091842415224988816e+00
7.659999999999881126e+00 1.909966876995826457e+00
7.669999999999880913e+00 1.718712447154483680e+00
7.679999999999880700e+00 1.519002114062433906e+00
7.689999999999880487e+00 1.311834625095105844e+00
7.699999999999880274e+00 1.098271391733412594e+00
7.709999999999880060e+00 8.794210478063657632e-01
7.719999999999879847e+00 6.564267183084372403e-01
7.729999999999879634e+00 4.304554050053856495e-01
7.739999999999879421e+00 2.026863695156133072e-01
7.749999999999879208e+00 -2.569940815159038605e-02
7.759999999999878995e+00 -2.535273574914237438e-01
7.769999999999878781e+00 -4.796389727948624504e-01
7.779999999999878568e+00 -7.029040006251188188e-01
7.789999999999878355e+00 -9.222321519216304386e-01
7.799999999999878142e+00 -1.136585087758072543e+00
7.809999999999877929e+00 -1.344989243278540858e+00
7.819999999999877716e+00 -1.546545322872043382e+00
7.829999999999877502e+00 -1.740433284621070387e+00
7.839999999999877289e+00 -1.925914159496204814e+00
7.849999999999877076e+00 -2.102326258539170656e+00
7.859999999999876863e+00 -2.269075811039787283e+00
7.869999999999876650e+00 -2.425626625162352834e+00
7.879999999999876437e+00 -2.571488983912954662e+00
7.889999999999876223e+00 -2.706206561851751236e+00
7.899999999999876010e+00 -2.829345954535407603e+00
7.909999999999875797e+00 -2.940491017755113123e+00
7.919999999999875584e+00 -3.039238540476916217e+00
7.929999999999875371e+00 -3.125196181899156489e+00
7.939999999999875158e+00 -3.197985857897263973e+00
7.949999999999874944e+00 -3.257249748218373764e+00
7.959999999999874731e+00 -3.302655831052073943e+00
7.969999999999874518e+00 -3.333904495681728974e+00
7.979999999999874305e+00 -3.350735965041023334e+00
7.989999999999874092e+00 -3.352935692144024760e+00
7.999999999999873879e+00 -3.340338370246137334e+00
8.009999999999873666e+00 -3.312832661051444028e+00
8.019999999999873452e+00 -3.270366326956739123e+00
8.029999999999873239e+00 -3.212952238749195111e+00
8.039999999999873026e+00 -3.140676878960770413e+00
8.049999999999872813e+00 -3.053709982100414777e+00
8.059999999999872600e+00 -2.952314154602030172e+00
8.069999999999872387e+00 -2.836855156354181506e+00
8.079999999999872173e+00 -2.707809524023673031e+00
8.089999999999871960e+00 -2.565766538482150860e+00
8.099999999999871747e+00 -2.411426466504003940e+00
8.109999999999871534e+00 -2.245594514478758352e+00
8.119999999999871321e+00 -2.069168094181702333e+00
8.129999999999871108e+00 -1.883120340591672992e+00
8.139999999999870894e+00 -1.688483544486879540e+00
8.149999999999870681e+00 -1.486331307478357733e+00
8.159999999999870468e+00 -1.277760317493495057e+00
8.169999999999870255e+00 -1.063875590056739373e+00
8.179999999999870042e+00 -8.457784819980048718e-01
8.189999999999869829e+00 -6.245562843655743102e-01
8.199999999999869615e+00 -4.012753015685603941e-01
8.209999999999869402e+00 -1.769766162737455018e-01
8.219999999999869189e+00 4.732788613168319863e-02
8.229999999999868976e+00 2.706587653963096751e-01
8.239999999999868763e+00 4.920714197481689811e-01
8.249999999999868550e+00 7.106600446072556254e-01
8.259999999999868336e+00 9.255621445687800541e-01
8.269999999999868123e+00 1.135960022999989771e+00
8.279999999999867910e+00 1.341080641973954046e+00
8.289999999999867697e+00 1.540194447277662526e+00
8.299999999999867484e+00 1.732609278548398635e+00
8.309999999999867271e+00 1.917660071570420621e+00
8.319999999999867057e+00 2.094698850677055635e+00
8.329999999999866844e+00 2.263085031990450080e+00
8.339999999999866631e+00 2.422175331424810896e+00
8.349999999999866418e+00 2.571317715028714534e+00
8.359999999999866205e+00 2.709851603114653784e+00
8.369999999999865992e+00 2.837111575195732982e+00
8.379999999999865778e+00 2.952434432260162112e+00
8.389999999999865565e+00 3.055170990058793112e+00
8.399999999999865352e+00 3.144700313655401924e+00
8.409999999999865139e+00 3.220443196483622206e+00
8.419999999999864926e+00 3.281875441305151853e+00
8.429999999999864713e+00 3.328540708666622994e+00
8.439999999999864500e+00 3.360060004145673407e+00
8.449999999999864286e+00 3.376138709184483222e+00
8.459999999999864073e+00 3.376572758346132463e+00
8.469999999999863860e+00 3.361252426382929315e+00
8.479999999999863647e+00 3.330164421549097309e+00
8.489999999999863434e+00 3.283395102476080130e+00
8.499999999999863221e+00 3.221133865438228217e+00
8.509999999999863007e+00 3.143674771427932058e+00
8.519999999999862794e+00 3.051418384136025619e+00
8.529999999999862581e+00 2.944872791186115446e+00
8.539999999999862368e+00 2.824649783125947611e+00
8.549999999999862155e+00 2.691456915413021456e+00
8.559999999999861942e+00 2.546086474449763770e+00
8.569999999999861728e+00 2.389399790851438166e+00
8.579999999999861515e+00 2.222308183741303456e+00
8.589999999999861302e+00 2.045753896086396129e+00
8.599999999999861089e+00 1.860692121812847155e+00
8.609999999999860876e+00 1.668075362480295309e+00
8.619999999999860663e+00 1.468842512734700456e+00
8.629999999999860449e+00 1.263912295969598976e+00
8.639999999999860236e+00 1.054180239497113591e+00
8.649999999999860023e+00 8.405199280727221334e-01
8.659999999999859810e+00 6.237866799608260404e-01
8.669999999999859597e+00 4.048210854910073153e-01
8.679999999999859384e+00 1.844531928217670036e-01
8.689999999999859170e+00 -3.649274618542177467e-02
8.699999999999858957e+00 -2.571957450422067137e-01
8.709999999999858744e+00 -4.768372237034300687e-01
8.719999999999858531e+00 -6.945992065614020605e-01
8.729999999999858318e+00 -9.096627467638731535e-01
8.739999999999858105e+00 -1.121207305190173864e+00
8.749999999999857891e+00 -1.328408338806045252e+00
8.759999999999857678e+00 -1.530432997961087116e+00
8.769999999999857465e+00 -1.726436634855233132e+00
8.779999999999857252e+00 -1.915560036133292066e+00
8.789999999999857039e+00 -2.096927403472339080e+00
8.799999999999856826e+00 -2.269648245020354782e+00
8.809999999999856612e+00 -2.432824208730773652e+00
8.819999999999856399e+00 -2.585559412096639864e+00
8.829999999999856186e+00 -2.726974901506941329e+00
8.839999999999855973e+00 -2.856227186386976147e+00
8.849999999999855760e+00 -2.972527191393489421e+00
8.859999999999855547e+00 -3.075157352788383758e+00
8.869999999999855333e+00 -3.163487533978919242e+00
8.879999999999855120e+00 -3.236987651494701357e+00
8.889999999999854907e+00 -3.295234371216600344e+00
8.899999999999854694e+00 -3.337914360238565248e+00
8.909999999999854481e+00 -3.364825865981572406e+00
8.919999999999854268e+00 -3.375876644329407483e+00
8.929999999999854055e+00 -3.371079106672012493e+00
8.939999999999853841e+00 -3.350546118684523567e+00
8.949999999999853628e+00 -3.314486849641798738e+00
8.959999999999853415e+00 -3.263200825395440319e+00
8.969999999999853202e+00 -3.197072198976230961e+00
8.979999999999852989e+00 -3.116564747885431252e+00
8.989999999999852776e+00 -3.022214985354428229e+00
8.999999999999852562e+00 -2.914623165211681854e+00
9.009999999999852349e+00 -2.794442823210976812e+00
9.019999999999852136e+00 -2.662368020385116996e+00
9.029999999999851923e+00 -2.519118835002580603e+00
9.039999999999851710e+00 -2.365427377057887970e+00
9.049999999999851497e+00 -2.202025601418019285e+00
9.059999999999851283e+00 -2.029635975884001020e+00
9.069999999999851070e+00 -1.848967311087047483e+00
9.079999999999850857e+00 -1.660716033300341898e+00
9.089999999999850644e+00 -1.465571034828757835e+00
9.099999999999850431e+00 -1.264222038284225080e+00
9.109999999999850218e+00 -1.057370832901012969e+00
9.119999999999850004e+00 -8.457419026558317121e-01
9.129999999999849791e+00 -6.300907590354335452e-01
9.139999999999849578e+00 -4.112105910512167672e-01
9.149999999999849365e+00 -1.899362590256030436e-01
9.159999999999849152e+00 3.285547082706506694e-02
9.169999999999848939e+00 2.562481989552932160e-01
9.179999999999848725e+00 4.792892466047577460e-01
9.189999999999848512e+00 7.009941375820200049e-01
9.199999999999848299e+00 9.203517063440614931e-01
9.209999999999848086e+00 1.136329015023106237e+00
9.219999999999847873e+00 1.347876623359573145e+00
9.229999999999847660e+00 1.553934234539276371e+00
9.239999999999847446e+00 1.753436892371340816e+00
9.249999999999847233e+00 1.945323533209558198e+00
9.259999999999847020e+00 2.128548337712516059e+00
9.269999999999846807e+00 2.302093717858395561e+00
9.279999999999846594e+00 2.464985834595062375e+00
9.289999999999846381e+00 2.616313371166737234e+00
9.299999999999846167e+00 2.755245681597395357e+00
9.309999999999845954e+00 2.881047446042601656e+00
9.319999999999845741e+00 2.993091159580313132e+00
9.329999999999845528e+00 3.090865556182071039e+00
9.339999999999845315e+00 3.173976767208976923e+00
9.349999999999845102e+00 3.242144342206915830e+00
9.359999999999844889e+00 3.295194581528405386e+00
9.369999999999844675e+00 3.333050382539310519e+00
9.379999999999844462e+00 3.355719064180531230e+00
9.389999999999844249e+00 3.363281655034936257e+00
9.399999999999844036e+00 3.355883840062012347e+00
9.409999999999843823e+00 3.333727915794855612e+00
9.419999999999843610e+00 3.297066684101125578e+00
9.429999999999843396e+00 3.246198815196909671e+00
9.439999999999843183e+00 3.181463935715908686e+00
9.449999999999842970e+00 3.103237724088062865e+00
9.459999999999842757e+00 3.011927745778860022e+00
9.469999999999842544e+00 2.907967703714049890e+00
9.479999999999842331e+00 2.791810462626477918e+00
9.489999999999842117e+00 2.663923571972126592e+00
9.499999999999841904e+00 2.524786371381276151e+00
9.509999999999841691e+00 2.374887789924294612e+00
9.519999999999841478e+00 2.214728726272161108e+00
9.529999999999841265e+00 2.044829997747026340e+00
9.539999999999841052e+00 1.865741882297697440e+00
9.549999999999840838e+00 1.678054612123531131e+00
9.559999999999840625e+00 1.482411692729090014e+00
9.569999999999840412e+00 1.279522043100869366e+00
9.579999999999840199e+00 1.070166932227364587e+00
9.589999999999839986e+00 8.552033034883526064e-01
9.599999999999839773e+00 6.355633579729107474e-01
9.609999999999839559e+00 4.122485313513367666e-01
9.619999999999839346e+00 1.863194559319087118e-01
9.629999999999839133e+00 -4.111564407777065777e-02
9.639999999999838920e+00 -2.689137570526573540e-01
9.649999999999838707e+00 -4.959101184510477656e-01
9.659999999999838494e+00 -7.209299537078223130e-01
9.669999999999838280e+00 -9.427997249976096672e-01
9.679999999999838067e+00 -1.160358116035913545e+00
9.689999999999837854e+00 -1.372465528782312427e+00
9.699999999999837641e+00 -1.578013852084101165e+00
9.709999999999837428e+00 -1.775938300546927584e+00
9.719999999999837215e+00 -1.965228828076449163e+00
9.729999999999837001e+00 -2.144940863901990014e+00
9.739999999999836788e+00 -2.314207715137314825e+00
9.749999999999836575e+00 -2.472252184782383733e+00
9.759999999999836362e+00 -2.618394386595544354e+00
9.769999999999836149e+00 -2.752056382285926084e+00
9.779999999999835936e+00 -2.872763265053151827e+00
9.789999999999835723e+00 -2.980138784401033192e+00
9.799999999999835509e+00 -3.073896007787122908e+00
9.809999999999835296e+00 -3.153825223323703852e+00
9.819999999999835083e+00 -3.219780003607008556e+00
9.829999999999834870e+00 -3.271663227943991004e+00
9.839999999999834657e+00 -3.309415325729515800e+00
9.849999999999834444e+00 -3.333004913105861444e+00
9.859999999999834230e+00 -3.342422901147417580e+00
9.869999999999834017e+00 -3.337681343808142742e+00
9.879999999999833804e+00 -3.318815175721373301e+00
9.889999999999833591e+00 -3.285884451991840205e+00
9.899999999999833378e+00 -3.238977960429690217e+00
9.909999999999833165e+00 -3.178218447123357215e+00
9.919999999999832951e+00 -3.103765669144979977e+00
9.929999999999832738e+00 -3.015817461231744545e+00
9.939999999999832525e+00 -2.914613060998794136e+00
9.949999999999832312e+00 -2.800437331563245369e+00
9.959999999999832099e+00 -2.673623383071110027e+00
9.969999999999831886e+00 -2.534557368617055051e+00
9.979999999999831672e+00 -2.383687024680477773e+00
9.989999999999831459e+00 -2.221529672803685518e+00
9.999999999999831246e+00 -2.048679551178417491e+00
1.000999999999983103e+01 -1.865816361210753005e+00
