0.000000000000000000e+00 1.955483487139677602e-03
1.000000000000000021e-02 1.186322413313142896e-03
2.000000000000000042e-02 -2.655375437354612778e-03
2.999999999999999889e-02 -1.262934707445020725e-02
4.000000000000000083e-02 -3.177900765321001880e-02
5.000000000000000278e-02 -6.313609873135792028e-02
6.000000000000000472e-02 -1.097275558887984837e-01
7.000000000000000666e-02 -1.745788381542751622e-01
8.000000000000000167e-02 -2.607082254068214811e-01
8.999999999999999667e-02 -3.711080566461861796e-01
9.999999999999999167e-02 -5.087111530733968712e-01
1.099999999999999867e-01 -6.763429129719342736e-01
1.199999999999999817e-01 -8.766621036373021258e-01
1.299999999999999767e-01 -1.112094820790146654e+00
1.399999999999999856e-01 -1.384766028891632805e+00
1.499999999999999944e-01 -1.696433873408345727e+00
1.600000000000000033e-01 -2.048431298244790533e+00
1.700000000000000122e-01 -2.441617384785191636e+00
1.800000000000000211e-01 -2.876332531002245840e+00
1.900000000000000300e-01 -3.352357813452570223e+00
2.000000000000000389e-01 -3.868926205233120363e+00
2.100000000000000477e-01 -4.424784509341358252e+00
2.200000000000000566e-01 -5.018323402879794948e+00
2.300000000000000655e-01 -5.647683362581325639e+00
2.400000000000000744e-01 -6.310640371837738627e+00
2.500000000000000555e-01 -7.004509556660178937e+00
2.600000000000000644e-01 -7.726310967340223712e+00
2.700000000000000733e-01 -8.473000627534196028e+00
2.800000000000000822e-01 -9.241724561680703331e+00
2.900000000000000910e-01 -1.003009853739125568e+01
3.000000000000000999e-01 -1.083625891419936593e+01
3.100000000000001088e-01 -1.165863712226891202e+01
3.200000000000001177e-01 -1.249569095948120534e+01
3.300000000000001266e-01 -1.334585993002277071e+01
3.400000000000001354e-01 -1.420762407509595704e+01
3.500000000000001443e-01 -1.507942143529612089e+01
3.600000000000001532e-01 -1.595954206892975158e+01
3.700000000000001621e-01 -1.684610723949105449e+01
3.800000000000001710e-01 -1.773712127278188788e+01
3.900000000000001799e-01 -1.863050627409409543e+01
4.000000000000001887e-01 -1.952408568541765632e+01
4.100000000000001976e-01 -2.041557533161482851e+01
4.200000000000002065e-01 -2.130254540606647140e+01
4.300000000000002154e-01 -2.218234254026918251e+01
4.400000000000002243e-01 -2.305210263432018181e+01
4.500000000000002331e-01 -2.390888001174332089e+01
4.600000000000002420e-01 -2.474972534829652560e+01
4.700000000000002509e-01 -2.557149684297252179e+01
4.800000000000002598e-01 -2.637161335642626625e+01
4.900000000000002687e-01 -2.714920590177149506e+01
5.000000000000002220e-01 -2.790438542869445726e+01
5.100000000000002309e-01 -2.863727927354276304e+01
5.200000000000002398e-01 -2.934790163478580638e+01
5.300000000000002487e-01 -3.003602736559930619e+01
5.400000000000002576e-01 -3.070120774863797308e+01
5.500000000000002665e-01 -3.134278036813065427e+01
5.600000000000002753e-01 -3.195987661167519533e+01
5.700000000000002842e-01 -3.255148928753224880e+01
5.800000000000002931e-01 -3.311653114633963213e+01
5.900000000000003020e-01 -3.365389931119020162e+01
6.000000000000003109e-01 -3.416253316524691996e+01
6.100000000000003197e-01 -3.464146200749399185e+01
6.200000000000003286e-01 -3.508988415346642142e+01
6.300000000000003375e-01 -3.550718514711208229e+01
6.400000000000003464e-01 -3.589284440191377001e+01
6.500000000000003553e-01 -3.624635438068452231e+01
6.600000000000003642e-01 -3.656719494506546653e+01
6.700000000000003730e-01 -3.685482535122141456e+01
6.800000000000003819e-01 -3.710868342026802935e+01
6.900000000000003908e-01 -3.732818921567788095e+01
7.000000000000003997e-01 -3.751275569408096544e+01
7.100000000000004086e-01 -3.766181369220594632e+01
7.200000000000004174e-01 -3.777482521666091486e+01
7.300000000000004263e-01 -3.785127953618127350e+01
7.400000000000004352e-01 -3.789072313849788998e+01
7.500000000000004441e-01 -3.789280597668602724e+01
7.600000000000004530e-01 -3.785734974549314558e+01
7.700000000000004619e-01 -3.778463755591337048e+01
7.800000000000004707e-01 -3.767572962180948792e+01
7.900000000000004796e-01 -3.753240819034547826e+01
8.000000000000004885e-01 -3.735697986472497689e+01
8.100000000000004974e-01 -3.715211628845732150e+01
8.200000000000005063e-01 -3.692069248762927458e+01
8.300000000000005151e-01 -3.666565287178259780e+01
8.400000000000005240e-01 -3.638990212990800188e+01
8.500000000000005329e-01 -3.609622768747494348e+01
8.600000000000005418e-01 -3.578724593555752875e+01
8.700000000000005507e-01 -3.546536841642033977e+01
8.800000000000005596e-01 -3.513277988486442638e+01
8.900000000000005684e-01 -3.479142408105209938e+01
9.000000000000005773e-01 -3.444299367761507824e+01
9.100000000000005862e-01 -3.408889356760689537e+01
9.200000000000005951e-01 -3.373018710953799371e+01
9.300000000000006040e-01 -3.336763345027640071e+01
9.400000000000006128e-01 -3.300180114826802225e+01
9.500000000000006217e-01 -3.263313890670864481e+01
9.600000000000006306e-01 -3.226201022831301657e+01
9.700000000000006395e-01 -3.188869613912707379e+01
9.800000000000006484e-01 -3.151336822211096589e+01
9.900000000000006573e-01 -3.113613319298691806e+01
1.000000000000000666e+00 -3.075711923417029325e+01
1.010000000000000675e+00 -3.037651236530525622e+01
1.020000000000000684e+00 -2.999459082623127415e+01
1.030000000000000693e+00 -2.961178017642328442e+01
1.040000000000000702e+00 -2.922867888169648154e+01
1.050000000000000711e+00 -2.884607398356607533e+01
1.060000000000000719e+00 -2.846494670383886572e+01
1.070000000000000728e+00 -2.808643369683304414e+01
1.080000000000000737e+00 -2.771180708049615049e+01
1.090000000000000746e+00 -2.734248088970858603e+01
1.100000000000000755e+00 -2.697998727300666388e+01
1.110000000000000764e+00 -2.662594025135217990e+01
1.120000000000000773e+00 -2.628199223764086767e+01
1.130000000000000782e+00 -2.594972681256663094e+01
1.140000000000000790e+00 -2.563058209803861232e+01
1.150000000000000799e+00 -2.532590904335399173e+01
1.160000000000000808e+00 -2.503701289133197960e+01
1.170000000000000817e+00 -2.476507198154012102e+01
1.180000000000000826e+00 -2.451102548751356380e+01
1.190000000000000835e+00 -2.427559217288031590e+01
1.200000000000000844e+00 -2.405938113366692832e+01
1.210000000000000853e+00 -2.386293318373065730e+01
1.220000000000000862e+00 -2.368670558321074537e+01
1.230000000000000870e+00 -2.353105745968080953e+01
1.240000000000000879e+00 -2.339623684465788855e+01
1.250000000000000888e+00 -2.328237309459416693e+01
1.260000000000000897e+00 -2.318947570175652473e+01
1.270000000000000906e+00 -2.311743946252829929e+01
1.280000000000000915e+00 -2.306599293883614266e+01
1.290000000000000924e+00 -2.303462880081103847e+01
1.300000000000000933e+00 -2.302263039566012992e+01
1.310000000000000941e+00 -2.302913269804012231e+01
1.320000000000000950e+00 -2.305318138471646350e+01
1.330000000000000959e+00 -2.309379001974909684e+01
1.340000000000000968e+00 -2.314998067427677597e+01
1.350000000000000977e+00 -2.322081442723393963e+01
1.360000000000000986e+00 -2.330540964171640184e+01
1.370000000000000995e+00 -2.340295283821599170e+01
1.380000000000001004e+00 -2.351270457527776614e+01
1.390000000000001013e+00 -2.363400353617187122e+01
1.400000000000001021e+00 -2.376627010364586567e+01
1.410000000000001030e+00 -2.390900830915087383e+01
1.420000000000001039e+00 -2.406180463614786547e+01
1.430000000000001048e+00 -2.422432183336061229e+01
1.440000000000001057e+00 -2.439628621259756969e+01
1.450000000000001066e+00 -2.457746787437270442e+01
1.460000000000001075e+00 -2.476765437808872861e+01
1.470000000000001084e+00 -2.496661953639593179e+01
1.480000000000001092e+00 -2.517409027203817118e+01
1.490000000000001101e+00 -2.538971591220644441e+01
1.500000000000001110e+00 -2.561304704242231978e+01
1.510000000000001119e+00 -2.584356695072765930e+01
1.520000000000001128e+00 -2.608072177355131771e+01
1.530000000000001137e+00 -2.632387415053903723e+01
1.540000000000001146e+00 -2.657227424894946211e+01
1.541000000000001036e+00 -2.659737845875493534e+01
1.542000000000000925e+00 -2.662252590846492595e+01
1.543000000000000815e+00 -2.664771565624542049e+01
1.544000000000000705e+00 -2.667294675126544234e+01
1.545000000000000595e+00 -2.669821822596946603e+01
1.546000000000000485e+00 -2.672352909853210434e+01
1.547000000000000375e+00 -2.674887837771056098e+01
1.548000000000000265e+00 -2.677426505570870319e+01
1.549000000000000155e+00 -2.679968811671751183e+01
1.550000000000000044e+00 -2.682514652941634381e+01
1.560000000000000053e+00 -2.708134450078226863e+01
1.570000000000000062e+00 -2.733984272000733640e+01
1.580000000000000071e+00 -2.759944110727669653e+01
1.590000000000000080e+00 -2.785887858168586106e+01
1.600000000000000089e+00 -2.811685235528727134e+01
1.610000000000000098e+00 -2.837201716310494248e+01
1.620000000000000107e+00 -2.862301196127513592e+01
1.630000000000000115e+00 -2.886849815598718294e+01
1.640000000000000124e+00 -2.910718912922423129e+01
1.650000000000000133e+00 -2.933787840191382301e+01
1.660000000000000142e+00 -2.955946249638633105e+01
1.670000000000000151e+00 -2.977095757348082472e+01
1.680000000000000160e+00 -2.997150969659208997e+01
1.690000000000000169e+00 -3.016039893638697933e+01
1.700000000000000178e+00 -3.033703805963999756e+01
1.710000000000000187e+00 -3.050096683861260871e+01
1.720000000000000195e+00 -3.065184294233922913e+01
1.730000000000000204e+00 -3.078943037319767129e+01
1.740000000000000213e+00 -3.091358617285960264e+01
1.750000000000000222e+00 -3.102424599328310961e+01
1.760000000000000231e+00 -3.112140898025979041e+01
1.770000000000000240e+00 -3.120512238339801314e+01
1.780000000000000249e+00 -3.127546630403836048e+01
1.790000000000000258e+00 -3.133253908188531156e+01
1.800000000000000266e+00 -3.137644386748263869e+01
1.810000000000000275e+00 -3.140727729713188410e+01
1.820000000000000284e+00 -3.142512077169733686e+01
1.830000000000000293e+00 -3.143003588857239450e+01
1.840000000000000302e+00 -3.142206518587357778e+01
1.850000000000000311e+00 -3.140123577509632469e+01
1.860000000000000320e+00 -3.136756511257818758e+01
1.870000000000000329e+00 -3.132107085528985735e+01
1.880000000000000338e+00 -3.126178355095036210e+01
1.890000000000000346e+00 -3.118976031786622727e+01
1.900000000000000355e+00 -3.110509873335106334e+01
1.910000000000000364e+00 -3.100795007125859826e+01
1.920000000000000373e+00 -3.089853127343320338e+01
1.930000000000000382e+00 -3.077713524998629424e+01
1.940000000000000391e+00 -3.064413918169346474e+01
1.950000000000000400e+00 -3.050001061896395527e+01
1.960000000000000409e+00 -3.034531114881829339e+01
1.970000000000000417e+00 -3.018069748828616738e+01
1.980000000000000426e+00 -3.000691982838725380e+01
1.990000000000000435e+00 -2.982481739187103642e+01
2.000000000000000444e+00 -2.963531119137382319e+01
2.010000000000000231e+00 -2.943939418587850199e+01
2.020000000000000018e+00 -2.923811910315113138e+01
2.029999999999999805e+00 -2.903258442409610396e+01
2.039999999999999591e+00 -2.882391907083275484e+01
2.049999999999999378e+00 -2.861326329791311096e+01
2.059999999999999165e+00 -2.840173031683385219e+01
2.069999999999998952e+00 -2.819033533233614719e+01
2.079999999999998739e+00 -2.797996124122871819e+01
2.089999999999998526e+00 -2.777139821444129453e+01
2.099999999999998312e+00 -2.756537690310415201e+01
2.109999999999998099e+00 -2.736256817959973375e+01
2.119999999999997886e+00 -2.716357371030206025e+01
2.129999999999997673e+00 -2.696893646468189942e+01
2.139999999999997460e+00 -2.677917001596060231e+01
2.149999999999997247e+00 -2.659477162156561647e+01
2.159999999999997033e+00 -2.641622340755157694e+01
2.169999999999996820e+00 -2.624399682183140214e+01
2.179999999999996607e+00 -2.607855729027563640e+01
2.189999999999996394e+00 -2.592036499177642384e+01
2.199999999999996181e+00 -2.576987360515282077e+01
2.209999999999995968e+00 -2.562752053205327840e+01
2.219999999999995755e+00 -2.549371884894323159e+01
2.229999999999995541e+00 -2.536886220823937421e+01
2.239999999999995328e+00 -2.525332307312965341e+01
2.249999999999995115e+00 -2.514744793982124804e+01
2.259999999999994902e+00 -2.505156010173147507e+01
2.269999999999994689e+00 -2.496596106991939124e+01
2.279999999999994476e+00 -2.489092974569866357e+01
2.289999999999994262e+00 -2.482672195333345755e+01
2.299999999999994049e+00 -2.477356957105641655e+01
2.309999999999993836e+00 -2.473167787368626236e+01
2.319999999999993623e+00 -2.470122128410121221e+01
2.329999999999993410e+00 -2.468233857808738207e+01
2.339999999999993197e+00 -2.467512816607656490e+01
2.349999999999992983e+00 -2.467964028874814986e+01
2.359999999999992770e+00 -2.469586248271306061e+01
2.369999999999992557e+00 -2.472370822395692969e+01
2.379999999999992344e+00 -2.476301611476496944e+01
2.389999999999992131e+00 -2.481355221229291175e+01
2.399999999999991918e+00 -2.487501314124319407e+01
2.409999999999991704e+00 -2.494703156754135165e+01
2.419999999999991491e+00 -2.502918301910468912e+01
2.429999999999991278e+00 -2.512099353523878875e+01
2.439999999999991065e+00 -2.522194747492444833e+01
2.449999999999990852e+00 -2.533149496700464809e+01
2.459999999999990639e+00 -2.544905960496782882e+01
2.469999999999990425e+00 -2.557404549326220433e+01
2.479999999999990212e+00 -2.570584115008634996e+01
2.489999999999989999e+00 -2.584382214779698472e+01
2.499999999999989786e+00 -2.598735443439095505e+01
2.509999999999989573e+00 -2.613580736458489895e+01
2.519999999999989360e+00 -2.628859017003249576e+01
2.529999999999989146e+00 -2.644516995258011960e+01
2.539999999999988933e+00 -2.660504317010712683e+01
2.549999999999988720e+00 -2.676771396177657891e+01
2.559999999999988507e+00 -2.693269291554218370e+01
2.569999999999988294e+00 -2.709949141484006319e+01
2.579999999999988081e+00 -2.726761214034755554e+01
2.589999999999987867e+00 -2.743654153787601402e+01
2.599999999999987654e+00 -2.760575325837353233e+01
2.609999999999987441e+00 -2.777470884142888252e+01
2.619999999999987228e+00 -2.794284384900374008e+01
2.629999999999987015e+00 -2.810956584296502925e+01
2.639999999999986802e+00 -2.827426380430638275e+01
2.649999999999986589e+00 -2.843631536516232217e+01
2.659999999999986375e+00 -2.859509507226933778e+01
2.669999999999986162e+00 -2.874998213253894619e+01
2.679999999999985949e+00 -2.890036698077940613e+01
2.689999999999985736e+00 -2.904565653180736717e+01
2.699999999999985523e+00 -2.918527825216778737e+01
2.709999999999985310e+00 -2.931868337541605030e+01
2.719999999999985096e+00 -2.944534977275323584e+01
2.729999999999984883e+00 -2.956478481639111067e+01
2.739999999999984670e+00 -2.967652851635550704e+01
2.749999999999984457e+00 -2.978015692560573768e+01
2.759999999999984244e+00 -2.987528567884039532e+01
2.769999999999984031e+00 -2.996157333295319702e+01
2.779999999999983817e+00 -3.003872417270101991e+01
2.789999999999983604e+00 -3.010649011627099725e+01
2.799999999999983391e+00 -3.016467151384012979e+01
2.809999999999983178e+00 -3.021311671256950859e+01
2.819999999999982965e+00 -3.025172048331963026e+01
2.829999999999982752e+00 -3.028042146964379810e+01
2.839999999999982538e+00 -3.029919898630057062e+01
2.849999999999982325e+00 -3.030807017030276995e+01
2.859999999999982112e+00 -3.030709180269692737e+01
2.869999999999981899e+00 -3.029636280258309355e+01
2.879999999999981686e+00 -3.027602086756009214e+01
2.889999999999981473e+00 -3.024623885624941977e+01
2.899999999999981259e+00 -3.020722303660670605e+01
2.909999999999981046e+00 -3.015921106871541824e+01
2.919999999999980833e+00 -3.010247016396853326e+01
2.929999999999980620e+00 -3.003729514702977355e+01
2.939999999999980407e+00 -2.996400656075691771e+01
2.949999999999980194e+00 -2.988294888821361539e+01
2.959999999999979980e+00 -2.979448910011993590e+01
2.969999999999979767e+00 -2.969901564048784337e+01
2.979999999999979554e+00 -2.959693797167063778e+01
2.989999999999979341e+00 -2.948868663794603151e+01
2.999999999999979128e+00 -2.937471377758492608e+01
3.009999999999978915e+00 -2.925549386367232430e+01
3.019999999999978701e+00 -2.913152447301134274e+01
3.029999999999978488e+00 -2.900332680290749465e+01
3.039999999999978275e+00 -2.887144574905174466e+01
3.049999999999978062e+00 -2.873644934190416222e+01
3.059999999999977849e+00 -2.859892747470315300e+01
3.069999999999977636e+00 -2.845948985968230005e+01
3.079999999999977423e+00 -2.831876200040059288e+01
3.089999999999977209e+00 -2.817737909673597585e+01
3.099999999999976996e+00 -2.803596436642891732e+01
3.109999999999976783e+00 -2.789508882000070500e+01
3.119999999999976570e+00 -2.775526404887555998e+01
3.129999999999976357e+00 -2.761697610841255468e+01
3.139999999999976144e+00 -2.748070195135936800e+01
3.149999999999975930e+00 -2.734690456813623527e+01
3.159999999999975717e+00 -2.721603238594911645e+01
3.169999999999975504e+00 -2.708851509676195946e+01
3.179999999999975291e+00 -2.696476398428704258e+01
3.189999999999975078e+00 -2.684518645420790151e+01
3.199999999999974865e+00 -2.673019189315850497e+01
3.209999999999974651e+00 -2.662018665431600084e+01
3.219999999999974438e+00 -2.651556888600605077e+01
3.229999999999974225e+00 -2.641672337506031099e+01
3.239999999999974012e+00 -2.632401658711569681e+01
3.249999999999973799e+00 -2.623779151990320813e+01
3.259999999999973586e+00 -2.615836300452888707e+01
3.269999999999973372e+00 -2.608601346494557660e+01
3.279999999999973159e+00 -2.602099004235677171e+01
3.289999999999972946e+00 -2.596350316232266309e+01
3.299999999999972733e+00 -2.591372635835249483e+01
3.309999999999972520e+00 -2.587179662640431133e+01
3.319999999999972307e+00 -2.583781559674816464e+01
3.329999999999972093e+00 -2.581185208763533367e+01
3.339999999999971880e+00 -2.579394447626127373e+01
3.349999999999971667e+00 -2.578410206914343306e+01
3.359999999999971454e+00 -2.578230356161312642e+01
3.369999999999971241e+00 -2.578849167249736141e+01
3.379999999999971028e+00 -2.580257080513516854e+01
3.389999999999970814e+00 -2.582440923745773986e+01
3.399999999999970601e+00 -2.585384098083090976e+01
3.409999999999970388e+00 -2.589066764791455100e+01
3.419999999999970175e+00 -2.593466123971700199e+01
3.429999999999969962e+00 -2.598556746951363650e+01
3.439999999999969749e+00 -2.604310940297474630e+01
3.449999999999969535e+00 -2.610699102637271096e+01
3.459999999999969322e+00 -2.617690040105471994e+01
3.469999999999969109e+00 -2.625251211298260756e+01
3.479999999999968896e+00 -2.633348886858486892e+01
3.489999999999968683e+00 -2.641948220151340010e+01
3.499999999999968470e+00 -2.651013235202220741e+01
3.509999999999968257e+00 -2.660506736944829598e+01
3.519999999999968043e+00 -2.670390807261293986e+01
3.529999999999967830e+00 -2.680629253433508907e+01
3.539999999999967617e+00 -2.691188786513933451e+01
3.549999999999967404e+00 -2.702036596839154114e+01
3.559999999999967191e+00 -2.713138813562020957e+01
3.569999999999966978e+00 -2.724460533764445813e+01
3.579999999999966764e+00 -2.735965442448764406e+01
3.589999999999966551e+00 -2.747615365571357060e+01
3.599999999999966338e+00 -2.759370269755923033e+01
3.609999999999966125e+00 -2.771188730212753626e+01
3.619999999999965912e+00 -2.783027735052485596e+01
3.629999999999965699e+00 -2.794842149550920851e+01
3.639999999999965485e+00 -2.806585133649645414e+01
3.649999999999965272e+00 -2.818208912800519172e+01
3.659999999999965059e+00 -2.829665402821289533e+01
3.669999999999964846e+00 -2.840906879049794043e+01
3.679999999999964633e+00 -2.851886567191910160e+01
3.689999999999964420e+00 -2.862559134229181268e+01
3.699999999999964206e+00 -2.872881073814509989e+01
3.709999999999963993e+00 -2.882810997534508957e+01
3.719999999999963780e+00 -2.892309853840056633e+01
3.729999999999963567e+00 -2.901341103412877231e+01
3.739999999999963354e+00 -2.909870869330567444e+01
3.749999999999963141e+00 -2.917868076333945382e+01
3.759999999999962927e+00 -2.925304578146772982e+01
3.769999999999962714e+00 -2.932155266247224645e+01
3.779999999999962501e+00 -2.938398144776821397e+01
3.789999999999962288e+00 -2.944014358507596540e+01
3.799999999999962075e+00 -2.948988161342768421e+01
3.809999999999961862e+00 -2.953306823010972693e+01
3.819999999999961648e+00 -2.956960476386831260e+01
3.829999999999961435e+00 -2.959941919576054659e+01
3.839999999999961222e+00 -2.962246388743998082e+01
3.849999999999961009e+00 -2.963871324840301469e+01
3.859999999999960796e+00 -2.964816152634589130e+01
3.869999999999960583e+00 -2.965082221590359879e+01
3.879999999999960369e+00 -2.964673001190361035e+01
3.889999999999960156e+00 -2.963594223113634740e+01
3.899999999999959943e+00 -2.961853812876355008e+01
3.909999999999959730e+00 -2.959461866202997271e+01
3.919999999999959517e+00 -2.956430693214004890e+01
3.929999999999959304e+00 -2.952774846104135520e+01
3.939999999999959091e+00 -2.948511136420301781e+01
3.949999999999958877e+00 -2.943658634819691855e+01
3.959999999999958664e+00 -2.938238655016857948e+01
3.969999999999958451e+00 -2.932274729696362314e+01
3.979999999999958238e+00 -2.925792584055604806e+01
3.989999999999958025e+00 -2.918820113614559375e+01
3.999999999999957812e+00 -2.911387365101647262e+01
4.009999999999958042e+00 -2.903526518185856986e+01
4.019999999999957829e+00 -2.895271857488228306e+01
4.029999999999957616e+00 -2.886659726241915891e+01
4.039999999999957403e+00 -2.877728448376304371e+01
4.049999999999957190e+00 -2.868518212297497527e+01
4.059999999999956977e+00 -2.859070908760406837e+01
4.069999999999956763e+00 -2.849429924128931546e+01
4.079999999999956550e+00 -2.839639890268731648e+01
4.089999999999956337e+00 -2.829746400376878057e+01
4.099999999999956124e+00 -2.819795616336356048e+01
4.109999999999955911e+00 -2.809833757817999000e+01
4.119999999999955698e+00 -2.799905852003648121e+01
4.129999999999955484e+00 -2.790053392268486476e+01
4.139999999999955271e+00 -2.780313268660453474e+01
4.149999999999955058e+00 -2.770719275987566022e+01
4.159999999999954845e+00 -2.761303882267893783e+01
4.169999999999954632e+00 -2.752098594884217420e+01
4.179999999999954419e+00 -2.743133630254492772e+01
4.189999999999954206e+00 -2.734438006658534803e+01
4.199999999999953992e+00 -2.726039872975511713e+01
4.209999999999953779e+00 -2.717966221470118526e+01
4.219999999999953566e+00 -2.710242781035403326e+01
4.229999999999953353e+00 -2.702894786979788577e+01
4.239999999999953140e+00 -2.695947225900296473e+01
4.249999999999952927e+00 -2.689424453274193638e+01
4.259999999999952713e+00 -2.683349936777490541e+01
4.269999999999952500e+00 -2.677745957612158278e+01
4.279999999999952287e+00 -2.672633201923722268e+01
4.289999999999952074e+00 -2.668030366958270960e+01
4.299999999999951861e+00 -2.663953907070624894e+01
4.309999999999951648e+00 -2.660417891782118005e+01
4.319999999999951434e+00 -2.657433953644752478e+01
4.329999999999951221e+00 -2.655011321443905103e+01
4.339999999999951008e+00 -2.653156892080252049e+01
4.349999999999950795e+00 -2.651875313231441922e+01
4.359999999999950582e+00 -2.651169054665002278e+01
4.369999999999950369e+00 -2.651038366039976779e+01
4.379999999999950155e+00 -2.651480880028896436e+01
4.389999999999949942e+00 -2.652491227407280761e+01
4.399999999999949729e+00 -2.654061065241019435e+01
4.409999999999949516e+00 -2.656179172704335301e+01
4.419999999999949303e+00 -2.658831533985448559e+01
4.429999999999949090e+00 -2.662001521823165717e+01
4.439999999999948876e+00 -2.665670147695547598e+01
4.449999999999948663e+00 -2.669816368820794139e+01
4.459999999999948450e+00 -2.674417414286153516e+01
4.469999999999948237e+00 -2.679449103692257239e+01
4.479999999999948024e+00 -2.684886154156815152e+01
4.489999999999947811e+00 -2.690702442223697943e+01
4.499999999999947597e+00 -2.696871389806833008e+01
4.509999999999947384e+00 -2.703366203580079130e+01
4.519999999999947171e+00 -2.710159738744942359e+01
4.529999999999946958e+00 -2.717225819479893900e+01
4.539999999999946745e+00 -2.724540447778278818e+01
4.549999999999946532e+00 -2.732080280345164169e+01
4.559999999999946318e+00 -2.739821448877435373e+01
4.569999999999946105e+00 -2.747739584971973770e+01
4.579999999999945892e+00 -2.755809533060553207e+01
4.589999999999945679e+00 -2.764005214229314333e+01
4.599999999999945466e+00 -2.772299745871001520e+01
4.609999999999945253e+00 -2.780665140613873021e+01
4.619999999999945040e+00 -2.789071801567827080e+01
4.629999999999944826e+00 -2.797488622238518730e+01
4.639999999999944613e+00 -2.805883338524678550e+01
4.649999999999944400e+00 -2.814222846349328933e+01
4.659999999999944187e+00 -2.822473585625255765e+01
4.669999999999943974e+00 -2.830601915113375355e+01
4.679999999999943761e+00 -2.838574456104050014e+01
4.689999999999943547e+00 -2.846358392114931135e+01
4.699999999999943334e+00 -2.853921724519486247e+01
4.709999999999943121e+00 -2.861233492206592288e+01
4.719999999999942908e+00 -2.868263969856669604e+01
4.729999999999942695e+00 -2.874984855629270086e+01
4.739999999999942482e+00 -2.881369456579687949e+01
4.749999999999942268e+00 -2.887392871722041221e+01
4.759999999999942055e+00 -2.893032167237613095e+01
4.769999999999941842e+00 -2.898266532668028361e+01
4.779999999999941629e+00 -2.903077405775718134e+01
4.789999999999941416e+00 -2.907448554048976774e+01
4.799999999999941203e+00 -2.911366105588635733e+01
4.809999999999940989e+00 -2.914818526409156618e+01
4.819999999999940776e+00 -2.917796548394325740e+01
4.829999999999940563e+00 -2.920293055924217640e+01
4.839999999999940350e+00 -2.922302944427874749e+01
4.849999999999940137e+00 -2.923822964118424750e+01
4.859999999999939924e+00 -2.924851563571450797e+01
4.869999999999939710e+00 -2.925388752271584636e+01
4.879999999999939497e+00 -2.925436134708062852e+01
4.889999999999939284e+00 -2.924997062289042660e+01
4.899999999999939071e+00 -2.924076622140986359e+01
4.909999999999938858e+00 -2.922681554547553162e+01
4.919999999999938645e+00 -2.920820229820739300e+01
4.929999999999938431e+00 -2.918502627386833126e+01
4.939999999999938218e+00 -2.915740313674022488e+01
4.949999999999938005e+00 -2.912546412356788039e+01
4.959999999999937792e+00 -2.908935570100299017e+01
4.969999999999937579e+00 -2.904923920857916642e+01
4.979999999999937366e+00 -2.900529055130450828e+01
4.989999999999937152e+00 -2.895769997767457937e+01
4.999999999999936939e+00 -2.890667196729825861e+01
5.009999999999936726e+00 -2.885242519981002118e+01
5.019999999999936513e+00 -2.879519255857656290e+01
5.029999999999936300e+00 -2.873522108011067644e+01
5.039999999999936087e+00 -2.867277176819673556e+01
5.049999999999935874e+00 -2.860811917924532111e+01
5.059999999999935660e+00 -2.854155072417755790e+01
5.069999999999935447e+00 -2.847336564145416915e+01
5.079999999999935234e+00 -2.840387364680780991e+01
5.089999999999935021e+00 -2.833339327484377890e+01
5.099999999999934808e+00 -2.826224997005587625e+01
5.109999999999934595e+00 -2.819077362757868244e+01
5.119999999999934381e+00 -2.811929510243299291e+01
5.129999999999934168e+00 -2.804814283592983770e+01
5.139999999999933955e+00 -2.797763121029635869e+01
5.149999999999933742e+00 -2.790804259584668401e+01
5.159999999999933529e+00 -2.783962969956886724e+01
5.169999999999933316e+00 -2.777263104135618832e+01
5.179999999999933102e+00 -2.770727532194993614e+01
5.189999999999932889e+00 -2.764378161117124577e+01
5.199999999999932676e+00 -2.758236036719026885e+01
5.209999999999932463e+00 -2.752321359004233159e+01
5.219999999999932250e+00 -2.746653661599183849e+01
5.229999999999932037e+00 -2.741252009082544916e+01
5.239999999999931823e+00 -2.736134982436064433e+01
5.249999999999931610e+00 -2.731320269283240165e+01
5.259999999999931397e+00 -2.726824476227254479e+01
5.269999999999931184e+00 -2.722663431612436824e+01
5.279999999999930971e+00 -2.718852128583142402e+01
5.289999999999930758e+00 -2.715404427630905460e+01
5.299999999999930544e+00 -2.712332875956907330e+01
5.309999999999930331e+00 -2.709648514943722475e+01
5.319999999999930118e+00 -2.707360741063228105e+01
5.329999999999929905e+00 -2.705477231567687113e+01
5.339999999999929692e+00 -2.704003915091258037e+01
5.349999999999929479e+00 -2.702944988632524925e+01
5.359999999999929265e+00 -2.702302971603137394e+01
5.369999999999929052e+00 -2.702078759049574685e+01
5.379999999999928839e+00 -2.702271439213285831e+01
5.389999999999928626e+00 -2.702877966442582647e+01
5.399999999999928413e+00 -2.703893123762894035e+01
5.409999999999928200e+00 -2.705309613509808742e+01
5.419999999999927986e+00 -2.707118108582503879e+01
5.429999999999927773e+00 -2.709307354387321709e+01
5.439999999999927560e+00 -2.711864307097701143e+01
5.449999999999927347e+00 -2.714774311112429217e+01
5.459999999999927134e+00 -2.718021302194767230e+01
5.469999999999926921e+00 -2.721588118036673620e+01
5.479999999999926708e+00 -2.725456805127934956e+01
5.489999999999926494e+00 -2.729608696699047243e+01
5.499999999999926281e+00 -2.734024447390576640e+01
5.509999999999926068e+00 -2.738684089205933248e+01
5.519999999999925855e+00 -2.743567885547432184e+01
5.529999999999925642e+00 -2.748657519148797590e+01
5.539999999999925429e+00 -2.753935599351635588e+01
5.549999999999925215e+00 -2.759384631173503521e+01
5.559999999999925002e+00 -2.764986827420564097e+01
5.569999999999924789e+00 -2.770724162007213209e+01
5.579999999999924576e+00 -2.776578267443977310e+01
5.589999999999924363e+00 -2.782530010687009892e+01
5.599999999999924150e+00 -2.788559151092615451e+01
5.609999999999923936e+00 -2.794644339862600191e+01
5.619999999999923723e+00 -2.800763222759663762e+01
5.629999999999923510e+00 -2.806892586872648820e+01
5.639999999999923297e+00 -2.813008572207420599e+01
5.649999999999923084e+00 -2.819086903605523631e+01
5.659999999999922871e+00 -2.825103121796749051e+01
5.669999999999922657e+00 -2.831032796693208553e+01
5.679999999999922444e+00 -2.836851716239296550e+01
5.689999999999922231e+00 -2.842536052099104182e+01
5.699999999999922018e+00 -2.848062509811712673e+01
5.709999999999921805e+00 -2.853408472001728668e+01
5.719999999999921592e+00 -2.858552142779769412e+01
5.729999999999921378e+00 -2.863472696885223101e+01
5.739999999999921165e+00 -2.868150432756912238e+01
5.749999999999920952e+00 -2.872566923717977616e+01
5.759999999999920739e+00 -2.876705158496481474e+01
5.769999999999920526e+00 -2.880549660942408963e+01
5.779999999999920313e+00 -2.884086579938198369e+01
5.789999999999920099e+00 -2.887303743161054825e+01
5.799999999999919886e+00 -2.890190672345416800e+01
5.809999999999919673e+00 -2.892738561764720018e+01
5.819999999999919460e+00 -2.894940225355584218e+01
5.829999999999919247e+00 -2.896790020448360181e+01
5.839999999999919034e+00 -2.898283757267697780e+01
5.849999999999918820e+00 -2.899418603270576966e+01
5.859999999999918607e+00 -2.900192990079237276e+01
5.869999999999918394e+00 -2.900606532447453745e+01
5.879999999999918181e+00 -2.900660054094668183e+01
5.889999999999917968e+00 -2.900355704736420748e+01
5.899999999999917755e+00 -2.899696982749717478e+01
5.909999999999917542e+00 -2.898688684443374797e+01
5.919999999999917328e+00 -2.897336876231904412e+01
5.929999999999917115e+00 -2.895648872933130491e+01
5.939999999999916902e+00 -2.893633210718438420e+01
5.949999999999916689e+00 -2.891299615207990215e+01
5.959999999999916476e+00 -2.888658966134020645e+01
5.969999999999916263e+00 -2.885723262260191291e+01
5.979999999999916049e+00 -2.882505589889863273e+01
5.989999999999915836e+00 -2.879020098170021313e+01
5.999999999999915623e+00 -2.875281981513470342e+01
6.009999999999915410e+00 -2.871307467954981973e+01
6.019999999999915197e+00 -2.867113809187937079e+01
6.029999999999914984e+00 -2.862719267335886641e+01
6.039999999999914770e+00 -2.858143092226755400e+01
6.049999999999914557e+00 -2.853405484223308264e+01
6.059999999999914344e+00 -2.848527538290883854e+01
6.069999999999914131e+00 -2.843531167578395369e+01
6.079999999999913918e+00 -2.838439006071089565e+01
6.089999999999913705e+00 -2.833274292362202829e+01
6.099999999999913491e+00 -2.828060737255888668e+01
6.109999999999913278e+00 -2.822822370354256094e+01
6.119999999999913065e+00 -2.817583316025687523e+01
6.129999999999912852e+00 -2.812367559032806241e+01
6.139999999999912639e+00 -2.807198599586237009e+01
6.149999999999912426e+00 -2.802098658952544596e+01
6.159999999999912212e+00 -2.797087725343492082e+01
6.169999999999911999e+00 -2.792183705100765323e+01
6.179999999999911786e+00 -2.787403619649984776e+01
6.189999999999911573e+00 -2.782764056652285234e+01
6.199999999999911360e+00 -2.778280817547832626e+01
6.209999999999911147e+00 -2.773968760034071579e+01
6.219999999999910933e+00 -2.769841967376015290e+01
6.229999999999910720e+00 -2.765914021013535518e+01
6.239999999999910507e+00 -2.762198128390817686e+01
6.249999999999910294e+00 -2.758707139418565291e+01
6.259999999999910081e+00 -2.755453515325748626e+01
6.269999999999909868e+00 -2.752449239317723695e+01
6.279999999999909654e+00 -2.749705636034289924e+01
6.289999999999909441e+00 -2.747233033346075715e+01
6.299999999999909228e+00 -2.745040530768334719e+01
6.309999999999909015e+00 -2.743136065759231457e+01
6.319999999999908802e+00 -2.741526428534571025e+01
6.329999999999908589e+00 -2.740217155943537364e+01
6.339999999999908376e+00 -2.739212478762220471e+01
6.349999999999908162e+00 -2.738515310102472000e+01
6.359999999999907949e+00 -2.738127272526163480e+01
6.369999999999907736e+00 -2.738048723229699632e+01
6.379999999999907523e+00 -2.738278592017408641e+01
6.389999999999907310e+00 -2.738814173904420812e+01
6.399999999999907097e+00 -2.739651164032669328e+01
6.409999999999906883e+00 -2.740783738879265030e+01
6.419999999999906670e+00 -2.742204596181495191e+01
6.429999999999906457e+00 -2.743905077289700145e+01
6.439999999999906244e+00 -2.745875319930706127e+01
6.449999999999906031e+00 -2.748104346522189090e+01
6.459999999999905818e+00 -2.750580154478135952e+01
6.469999999999905604e+00 -2.753289868889888226e+01
6.479999999999905391e+00 -2.756219892211276346e+01
6.489999999999905178e+00 -2.759356012331623020e+01
6.499999999999904965e+00 -2.762683517549701051e+01
6.509999999999904752e+00 -2.766187907558005676e+01
6.519999999999904539e+00 -2.769855691050236857e+01
6.529999999999904325e+00 -2.773674058583092261e+01
6.539999999999904112e+00 -2.777630292180006322e+01
6.549999999999903899e+00 -2.781711542182231867e+01
6.559999999999903686e+00 -2.785904580615991222e+01
6.569999999999903473e+00 -2.790195618748982298e+01
6.579999999999903260e+00 -2.794570202938865933e+01
6.589999999999903046e+00 -2.799013148517762772e+01
6.599999999999902833e+00 -2.803508535393150680e+01
6.609999999999902620e+00 -2.808039763225196594e+01
6.619999999999902407e+00 -2.812589650657227125e+01
6.629999999999902194e+00 -2.817140563985676494e+01
6.639999999999901981e+00 -2.821674558389874576e+01
6.649999999999901767e+00 -2.826173519116484911e+01
6.659999999999901554e+00 -2.830619294848980161e+01
6.669999999999901341e+00 -2.834993820836723444e+01
6.679999999999901128e+00 -2.839279233407582126e+01
6.689999999999900915e+00 -2.843457980325656820e+01
6.699999999999900702e+00 -2.847512931252753532e+01
6.709999999999900488e+00 -2.851427491836841455e+01
6.719999999999900275e+00 -2.855185721656020448e+01
6.729999999999900062e+00 -2.858772454067225866e+01
6.739999999999899849e+00 -2.862173412795869964e+01
6.749999999999899636e+00 -2.865375319302295409e+01
6.759999999999899423e+00 -2.868365984060403306e+01
6.769999999999899210e+00 -2.871134376561390056e+01
6.779999999999898996e+00 -2.873670670199045318e+01
6.789999999999898783e+00 -2.875966261317370609e+01
6.799999999999898570e+00 -2.878013763608468167e+01
6.809999999999898357e+00 -2.879806981769026564e+01
6.819999999999898144e+00 -2.881340869146185923e+01
6.829999999999897931e+00 -2.882611475288902625e+01
6.839999999999897717e+00 -2.883615888578896858e+01
6.849999999999897504e+00 -2.884352178921245979e+01
6.859999999999897291e+00 -2.884819343820167958e+01
6.869999999999897078e+00 -2.885017268897622600e+01
6.879999999999896865e+00 -2.884946788498924519e+01
6.889999999999896652e+00 -2.884609787910564549e+01
6.899999999999896438e+00 -2.884009185479446558e+01
6.909999999999896225e+00 -2.883148888604545590e+01
6.919999999999896012e+00 -2.882033782679243927e+01
6.929999999999895799e+00 -2.880669708801089968e+01
6.939999999999895586e+00 -2.879063440026453691e+01
6.949999999999895373e+00 -2.877222653598106206e+01
6.959999999999895159e+00 -2.875155901836285821e+01
6.969999999999894946e+00 -2.872872583824769421e+01
6.979999999999894733e+00 -2.870382920234647273e+01
6.989999999999894520e+00 -2.867697932438774444e+01
6.999999999999894307e+00 -2.864829425664974138e+01
7.009999999999894094e+00 -2.861789974468968367e+01
7.019999999999893880e+00 -2.858592907421081719e+01
7.029999999999893667e+00 -2.855252287451201099e+01
7.039999999999893454e+00 -2.851782884082247804e+01
7.049999999999893241e+00 -2.848200134666450012e+01
7.059999999999893028e+00 -2.844520092582410697e+01
7.069999999999892815e+00 -2.840759361849730524e+01
7.079999999999892601e+00 -2.836935018640202699e+01
7.089999999999892388e+00 -2.833064521371287015e+01
7.099999999999892175e+00 -2.829165611569839101e+01
7.109999999999891962e+00 -2.825256196293520361e+01
7.119999999999891749e+00 -2.821354180184320626e+01
7.129999999999891536e+00 -2.817477308476495423e+01
7.139999999999891322e+00 -2.813643061515709221e+01
7.149999999999891109e+00 -2.809868054773994572e+01
7.159999999999890896e+00 -2.806167300570460910e+01
7.169999999999890683e+00 -2.802554282275922759e+01
7.179999999999890470e+00 -2.799041520124545812e+01
7.189999999999890257e+00 -2.795641064305233314e+01
7.199999999999890044e+00 -2.792364601511085098e+01
7.209999999999889830e+00 -2.789223406523823456e+01
7.219999999999889617e+00 -2.786228287430055062e+01
7.229999999999889404e+00 -2.783389426096333352e+01
7.239999999999889191e+00 -2.780716379135304450e+01
7.249999999999888978e+00 -2.778218217939565449e+01
7.259999999999888765e+00 -2.775903625899980298e+01
7.269999999999888551e+00 -2.773780939867967632e+01
7.279999999999888338e+00 -2.771858089888038279e+01
7.289999999999888125e+00 -2.770142464151611250e+01
7.299999999999887912e+00 -2.768640764081517602e+01
7.309999999999887699e+00 -2.767358854785274147e+01
7.319999999999887486e+00 -2.766301659090191833e+01
7.329999999999887272e+00 -2.765473082283936179e+01
7.339999999999887059e+00 -2.764875961055206943e+01
7.349999999999886846e+00 -2.764512047922458393e+01
7.359999999999886633e+00 -2.764382020471113677e+01
7.369999999999886420e+00 -2.764485414547550235e+01
7.379999999999886207e+00 -2.764820502686790249e+01
7.389999999999885993e+00 -2.765384297082403720e+01
7.399999999999885780e+00 -2.766172625625756609e+01
7.409999999999885567e+00 -2.767180192453402654e+01
7.419999999999885354e+00 -2.768400646449186908e+01
7.429999999999885141e+00 -2.769826659736949281e+01
7.439999999999884928e+00 -2.771450017431003232e+01
7.449999999999884714e+00 -2.773261717053604869e+01
7.459999999999884501e+00 -2.775252074435493554e+01
7.469999999999884288e+00 -2.777410850979318013e+01
7.479999999999884075e+00 -2.779727373991236306e+01
7.489999999999883862e+00 -2.782190814043321581e+01
7.499999999999883649e+00 -2.784790803197541109e+01
7.509999999999883435e+00 -2.787517622325424682e+01
7.519999999999883222e+00 -2.790361668892496638e+01
7.529999999999883009e+00 -2.793313146635865962e+01
7.539999999999882796e+00 -2.796362057204579799e+01
7.549999999999882583e+00 -2.799498113856183679e+01
7.559999999999882370e+00 -2.802710639972080031e+01
7.569999999999882156e+00 -2.805988495209196287e+01
7.579999999999881943e+00 -2.809320035688280370e+01
7.589999999999881730e+00 -2.812693112331414014e+01
7.599999999999881517e+00 -2.816095106828845829e+01
7.609999999999881304e+00 -2.819512996091682311e+01
7.619999999999881091e+00 -2.822933436913271166e+01
7.629999999999880878e+00 -2.826342860248744060e+01
7.639999999999880664e+00 -2.829727567870289562e+01
7.649999999999880451e+00 -2.833073826150337027e+01
7.659999999999880238e+00 -2.836367955476195846e+01
7.669999999999880025e+00 -2.839596415720763289e+01
7.679999999999879812e+00 -2.842745890185836544e+01
7.689999999999879599e+00 -2.845803370033584656e+01
7.699999999999879385e+00 -2.848756241022575608e+01
7.709999999999879172e+00 -2.851592372149457688e+01
7.719999999999878959e+00 -2.854300204785237227e+01
7.729999999999878746e+00 -2.856868838694385104e+01
7.739999999999878533e+00 -2.859288111205621874e+01
7.749999999999878320e+00 -2.861548664957960497e+01
7.759999999999878106e+00 -2.863642001069071696e+01
7.769999999999877893e+00 -2.865560515065448755e+01
7.779999999999877680e+00 -2.867297515248247564e+01
7.789999999999877467e+00 -2.868847224000354146e+01
7.799999999999877254e+00 -2.870204764652742568e+01
7.809999999999877041e+00 -2.871366136699846550e+01
7.819999999999876827e+00 -2.872328183336018270e+01
7.829999999999876614e+00 -2.873088554490484725e+01
7.839999999999876401e+00 -2.873645668858845070e+01
7.849999999999876188e+00 -2.873998677048711059e+01
7.859999999999875975e+00 -2.874147432712014449e+01
7.869999999999875762e+00 -2.874092529068693835e+01
7.879999999999875548e+00 -2.873835366520476597e+01
7.889999999999875335e+00 -2.873378141771610572e+01
7.899999999999875122e+00 -2.872723816073051495e+01
7.909999999999874909e+00 -2.871876104647463279e+01
7.919999999999874696e+00 -2.870839459066822741e+01
7.929999999999874483e+00 -2.869619047760896180e+01
7.939999999999874269e+00 -2.868220733766047914e+01
7.949999999999874056e+00 -2.866651051139140804e+01
7.959999999999873843e+00 -2.864917181824695902e+01
7.969999999999873630e+00 -2.863026934501521481e+01
7.979999999999873417e+00 -2.860988726386755587e+01
7.989999999999873204e+00 -2.858811567771036266e+01
7.999999999999872990e+00 -2.856505048237578137e+01
8.009999999999873666e+00 -2.854079322308860611e+01
8.019999999999873452e+00 -2.851545092164230866e+01
8.029999999999873239e+00 -2.848913584668218490e+01
8.039999999999873026e+00 -2.846196520790822504e+01
8.049999999999872813e+00 -2.843406075851189385e+01
8.059999999999872600e+00 -2.840554830284494514e+01
8.069999999999872387e+00 -2.837655711130332392e+01
8.079999999999872173e+00 -2.834721925494519468e+01
8.089999999999871960e+00 -2.831766887394708831e+01
8.099999999999871747e+00 -2.828804136226516164e+01
8.109999999999871534e+00 -2.825847212102097217e+01
8.119999999999871321e+00 -2.822909528459155482e+01
8.129999999999871108e+00 -2.820004320248995455e+01
8.139999999999870894e+00 -2.817144302367694308e+01
8.149999999999870681e+00 -2.814341221927837822e+01
8.159999999999870468e+00 -2.811605685072990468e+01
8.169999999999870255e+00 -2.808947232238586622e+01
8.179999999999870042e+00 -2.806374856726895217e+01
8.189999999999869829e+00 -2.803897346538487412e+01
8.199999999999869615e+00 -2.801523217545875610e+01
8.209999999999869402e+00 -2.799260708166166722e+01
8.219999999999869189e+00 -2.797117765609014484e+01
8.229999999999868976e+00 -2.795101967293039635e+01
8.239999999999868763e+00 -2.793220503033194646e+01
8.249999999999868550e+00 -2.791480193309624980e+01
8.259999999999868336e+00 -2.789887459423911764e+01
8.269999999999868123e+00 -2.788448261029764552e+01
8.279999999999867910e+00 -2.787168057659021514e+01
8.289999999999867697e+00 -2.786051777131579854e+01
8.299999999999867484e+00 -2.785103719188800042e+01
8.309999999999867271e+00 -2.784327471744386173e+01
8.319999999999867057e+00 -2.783725882011651365e+01
8.329999999999866844e+00 -2.783301026623068708e+01
8.339999999999866631e+00 -2.783054175014644116e+01
8.349999999999866418e+00 -2.782985767818731304e+01
8.359999999999866205e+00 -2.783095330533506129e+01
8.369999999999865992e+00 -2.783381366586953831e+01
8.379999999999865778e+00 -2.783841383630847233e+01
8.389999999999865565e+00 -2.784471975426144041e+01
8.399999999999865352e+00 -2.785268896854303833e+01
8.409999999999865139e+00 -2.786227132913468907e+01
8.419999999999864926e+00 -2.787340961975560916e+01
8.429999999999864713e+00 -2.788604054854202730e+01
8.439999999999864500e+00 -2.790009558952055713e+01
8.449999999999864286e+00 -2.791550130570336918e+01
8.459999999999864073e+00 -2.793217982631373530e+01
8.469999999999863860e+00 -2.795005016201115922e+01
8.479999999999863647e+00 -2.796903196001875358e+01
8.489999999999863434e+00 -2.798904914258137211e+01
8.499999999999863221e+00 -2.801002820172588414e+01
8.509999999999863007e+00 -2.803189482051377013e+01
8.519999999999862794e+00 -2.805457305289917969e+01
8.529999999999862581e+00 -2.807798503316604055e+01
8.539999999999862368e+00 -2.810205027616848739e+01
8.549999999999862155e+00 -2.812668507900504267e+01
8.559999999999861942e+00 -2.815180214981346296e+01
8.569999999999861728e+00 -2.817731049418850020e+01
8.579999999999861515e+00 -2.820311556324952562e+01
8.589999999999861302e+00 -2.822911962464279512e+01
8.599999999999861089e+00 -2.825522229000877061e+01
8.609999999999860876e+00 -2.828132113699372496e+01
8.619999999999860663e+00 -2.830731236385221194e+01
8.629999999999860449e+00 -2.833309144313684058e+01
8.639999999999860236e+00 -2.835855375387662392e+01
8.649999999999860023e+00 -2.838359519839988820e+01
8.659999999999859810e+00 -2.840811281397223098e+01
8.669999999999859597e+00 -2.843200539985890529e+01
8.679999999999859384e+00 -2.845517416845332903e+01
8.689999999999859170e+00 -2.847752342569751960e+01
8.699999999999858957e+00 -2.849896126650928707e+01
8.709999999999858744e+00 -2.851940026615848822e+01
8.719999999999858531e+00 -2.853875813412440721e+01
8.729999999999858318e+00 -2.855695830120535561e+01
8.739999999999858105e+00 -2.857393040732939937e+01
8.749999999999857891e+00 -2.858961067189348526e+01
8.759999999999857678e+00 -2.860394213281739084e+01
8.769999999999857465e+00 -2.861687475851260132e+01
8.779999999999857252e+00 -2.862836544110125203e+01
8.789999999999857039e+00 -2.863837789337702944e+01
8.799999999999856826e+00 -2.864688247023973844e+01
8.809999999999856612e+00 -2.865385594256582280e+01
8.819999999999856399e+00 -2.865928124355048112e+01
8.829999999999856186e+00 -2.866314720986946085e+01
8.839999999999855973e+00 -2.866544832945030663e+01
8.849999999999855760e+00 -2.866618463589124843e+01
8.859999999999855547e+00 -2.866536206686269495e+01
8.869999999999855333e+00 -2.866299286290165682e+01
8.879999999999855120e+00 -2.865909541438049857e+01
8.889999999999854907e+00 -2.865369403528471182e+01
8.899999999999854694e+00 -2.864681886138751565e+01
8.909999999999854481e+00 -2.863850569156724291e+01
8.919999999999854268e+00 -2.862879581416145669e+01
8.929999999999854055e+00 -2.861773581583729609e+01
8.939999999999853841e+00 -2.860537738504991978e+01
8.949999999999853628e+00 -2.859177712375648639e+01
8.959999999999853415e+00 -2.857699637764383027e+01
8.969999999999853202e+00 -2.856110109003356357e+01
8.979999999999852989e+00 -2.854416167566650131e+01
8.989999999999852776e+00 -2.852625290462574625e+01
8.999999999999852562e+00 -2.850745377872243225e+01
9.009999999999852349e+00 -2.848784738269988637e+01
9.019999999999852136e+00 -2.846752069068226021e+01
9.029999999999851923e+00 -2.844656431497529070e+01
9.039999999999851710e+00 -2.842507218726647622e+01
9.049999999999851497e+00 -2.840314117142523642e+01
9.059999999999851283e+00 -2.838087061046185866e+01
9.069999999999851070e+00 -2.835836181739297146e+01
9.079999999999850857e+00 -2.833571752043014769e+01
9.089999999999850644e+00 -2.831304122424623060e+01
9.099999999999850431e+00 -2.829043624202930474e+01
9.109999999999850218e+00 -2.826800478980985076e+01
9.119999999999850004e+00 -2.824584765646994100e+01
9.129999999999849791e+00 -2.822406191136458631e+01
9.139999999999849578e+00 -2.820273745014972633e+01
9.149999999999849365e+00 -2.818195572601389998e+01
9.159999999999849152e+00 -2.816179030416087414e+01
9.169999999999848939e+00 -2.814230949030724815e+01
9.179999999999848725e+00 -2.812357918533880152e+01
9.189999999999848512e+00 -2.810566362415952213e+01
9.199999999999848299e+00 -2.808862504733723853e+01
9.209999999999848086e+00 -2.807252368907490947e+01
9.219999999999847873e+00 -2.805741753657981974e+01
9.229999999999847660e+00 -2.804336164415837729e+01
9.239999999999847446e+00 -2.803040786088766012e+01
9.249999999999847233e+00 -2.801860475711830034e+01
9.259999999999847020e+00 -2.800799748228639174e+01
9.269999999999846807e+00 -2.799862740429628971e+01
9.279999999999846594e+00 -2.799053157164394889e+01
9.289999999999846381e+00 -2.798374208995719314e+01
9.299999999999846167e+00 -2.797828553260212558e+01
9.309999999999845954e+00 -2.797418251336527462e+01
9.319999999999845741e+00 -2.797144734279067890e+01
9.329999999999845528e+00 -2.797008779833586800e+01
9.339999999999845315e+00 -2.797010484133769026e+01
9.349999999999845102e+00 -2.797149192278763863e+01
9.359999999999844889e+00 -2.797423447561681797e+01
9.369999999999844675e+00 -2.797831020272332481e+01
9.379999999999844462e+00 -2.798368960489387547e+01
9.389999999999844249e+00 -2.799033650796209471e+01
9.399999999999844036e+00 -2.799820870963667829e+01
9.409999999999843823e+00 -2.800725867249982670e+01
9.419999999999843610e+00 -2.801743423681749690e+01
9.429999999999843396e+00 -2.802867922298458936e+01
9.439999999999843183e+00 -2.804093405042458187e+01
9.449999999999842970e+00 -2.805413668721037013e+01
9.459999999999842757e+00 -2.806822514164557703e+01
9.469999999999842544e+00 -2.808314055419403132e+01
9.479999999999842331e+00 -2.809882659881022704e+01
9.489999999999842117e+00 -2.811522665171427349e+01
9.499999999999841904e+00 -2.813228288240948771e+01
9.509999999999841691e+00 -2.814993615094397583e+01
9.519999999999841478e+00 -2.816812549908161500e+01
9.529999999999841265e+00 -2.818678768251031741e+01
9.539999999999841052e+00 -2.820585685871896331e+01
9.549999999999840838e+00 -2.822526444543833080e+01
9.559999999999840625e+00 -2.824493915721926030e+01
9.569999999999840412e+00 -2.826480719901996963e+01
9.579999999999840199e+00 -2.828479257459929741e+01
9.589999999999839986e+00 -2.830481747070743026e+01
9.599999999999839773e+00 -2.832480268033332749e+01
9.609999999999839559e+00 -2.834466804232006254e+01
9.619999999999839346e+00 -2.836433288888532900e+01
9.629999999999839133e+00 -2.838371650252785372e+01
9.639999999999838920e+00 -2.840273859271243850e+01
9.649999999999838707e+00 -2.842131980069390806e+01
9.659999999999838494e+00 -2.843938223922368635e+01
9.669999999999838280e+00 -2.845685006267332184e+01
9.679999999999838067e+00 -2.847365005716753572e+01
9.689999999999837854e+00 -2.848971222885119658e+01
9.699999999999837641e+00 -2.850497036689329633e+01
9.709999999999837428e+00 -2.851936255301399825e+01
9.719999999999837215e+00 -2.853283159594996476e+01
9.729999999999837001e+00 -2.854532537151275662e+01
9.739999999999836788e+00 -2.855679706091459380e+01
9.749999999999836575e+00 -2.856720528468006393e+01
9.759999999999836362e+00 -2.857651414124874378e+01
9.769999999999836149e+00 -2.858469316132704208e+01
9.779999999999835936e+00 -2.859171719668197653e+01
9.789999999999835723e+00 -2.859756625934048913e+01
9.799999999999835509e+00 -2.860222533042072968e+01
9.809999999999835296e+00 -2.860568415181649016e+01
9.819999999999835083e+00 -2.860793701514193899e+01
9.829999999999834870e+00 -2.860898255628525888e+01
9.839999999999834657e+00 -2.860882384574324888e+01
9.849999999999834444e+00 -2.860746868958437972e+01
9.859999999999834230e+00 -2.860492960744093338e+01
9.869999999999834017e+00 -2.860122365511187326e+01
9.879999999999833804e+00 -2.859637232886774427e+01
9.889999999999833591e+00 -2.859040145398898503e+01
9.899999999999833378e+00 -2.858334106206189773e+01
9.909999999999833165e+00 -2.857522525630484012e+01
9.919999999999832951e+00 -2.856609207387725036e+01
9.929999999999832738e+00 -2.855598335266506993e+01
9.939999999999832525e+00 -2.854494461295571028e+01
9.949999999999832312e+00 -2.853302495678808981e+01
9.959999999999832099e+00 -2.852027698543369283e+01
9.969999999999831886e+00 -2.850675672631272661e+01
9.979999999999831672e+00 -2.849252355830590844e+01
9.989999999999831459e+00 -2.847764011924426342e+01
9.999999999999831246e+00 -2.846217218148618144e+01
1.000999999999983103e+01 -2.844618848184659399e+01
