0.000000000000000000e+00 1.955483487139677602e-03
1.000000000000000021e-02 1.187490769437920743e-03
2.000000000000000042e-02 -2.645117180751049759e-03
2.999999999999999889e-02 -1.258194511313251614e-02
4.000000000000000083e-02 -3.162375334823932377e-02
5.000000000000000278e-02 -6.273010601000822417e-02
6.000000000000000472e-02 -1.088256743226904549e-01
7.000000000000000666e-02 -1.728120879115752628e-01
8.000000000000000167e-02 -2.575796139434892718e-01
8.999999999999999667e-02 -3.660115982605394169e-01
9.999999999999999167e-02 -5.009748209222465443e-01
1.099999999999999867e-01 -6.652907593839622047e-01
1.199999999999999817e-01 -8.616858752720869541e-01
1.299999999999999767e-01 -1.092722588526056748e+00
1.399999999999999856e-01 -1.360716212299312611e+00
1.499999999999999944e-01 -1.667645563619649440e+00
1.600000000000000033e-01 -2.015065880151859723e+00
1.700000000000000122e-01 -2.404033029196739779e+00
1.800000000000000211e-01 -2.835046312784428313e+00
1.900000000000000300e-01 -3.307992869598760155e+00
2.000000000000000389e-01 -3.822121561000877854e+00
2.100000000000000477e-01 -4.376100812714451394e+00
2.200000000000000566e-01 -4.968098785437525144e+00
2.300000000000000655e-01 -5.595938995622370626e+00
2.400000000000000744e-01 -6.257207112422499939e+00
2.500000000000000555e-01 -6.949110015951429631e+00
2.600000000000000644e-01 -7.668415586412193896e+00
2.700000000000000733e-01 -8.411595739106918046e+00
2.800000000000000822e-01 -9.175076545772320458e+00
2.900000000000000910e-01 -9.955648569455592067e+00
3.000000000000000999e-01 -1.075076171448249873e+01
3.100000000000001088e-01 -1.155836678801566642e+01
3.200000000000001177e-01 -1.237655691161679705e+01
3.300000000000001266e-01 -1.320350530946005918e+01
3.400000000000001354e-01 -1.403754295650227846e+01
3.500000000000001443e-01 -1.487705434336616328e+01
3.600000000000001532e-01 -1.572036889756226330e+01
3.700000000000001621e-01 -1.656572712010094506e+01
3.800000000000001710e-01 -1.741126334854489244e+01
3.900000000000001799e-01 -1.825499727339136413e+01
4.000000000000001887e-01 -1.909482148621352238e+01
4.100000000000001976e-01 -1.992851396308416412e+01
4.200000000000002065e-01 -2.075375360179093320e+01
4.300000000000002154e-01 -2.156811401528157290e+01
4.400000000000002243e-01 -2.236902044696491032e+01
4.500000000000002331e-01 -2.315372132406772110e+01
4.600000000000002420e-01 -2.391935223526666832e+01
4.700000000000002509e-01 -2.466283771454993357e+01
4.800000000000002598e-01 -2.538171288572068107e+01
4.900000000000002687e-01 -2.607529981160242727e+01
5.000000000000002220e-01 -2.674393413330017566e+01
5.100000000000002309e-01 -2.738794928931759287e+01
5.200000000000002398e-01 -2.800758932936253842e+01
5.300000000000002487e-01 -2.860293695473450981e+01
5.400000000000002576e-01 -2.917385172052097886e+01
5.500000000000002665e-01 -2.971996313778397791e+01
5.600000000000002753e-01 -3.024071047154608394e+01
5.700000000000002842e-01 -3.073534406520277429e+01
5.800000000000002931e-01 -3.120293750972512470e+01
5.900000000000003020e-01 -3.164245213354222486e+01
6.000000000000003109e-01 -3.205280460474613591e+01
6.100000000000003197e-01 -3.243291057507776998e+01
6.200000000000003286e-01 -3.278171883329027025e+01
6.300000000000003375e-01 -3.309823445582723167e+01
6.400000000000003464e-01 -3.338157039021040617e+01
6.500000000000003553e-01 -3.363100969233357773e+01
6.600000000000003642e-01 -3.384596838530546847e+01
6.700000000000003730e-01 -3.402592770232380559e+01
6.800000000000003819e-01 -3.417039484405456307e+01
6.900000000000003908e-01 -3.427886176785148820e+01
7.000000000000003997e-01 -3.435077561277598335e+01
7.100000000000004086e-01 -3.438553826483637721e+01
7.200000000000004174e-01 -3.438253851455996823e+01
7.300000000000004263e-01 -3.434122247981493103e+01
7.400000000000004352e-01 -3.426122705553711967e+01
7.500000000000004441e-01 -3.414269413999688396e+01
7.600000000000004530e-01 -3.398665168096680134e+01
7.700000000000004619e-01 -3.379513657585590636e+01
7.800000000000004707e-01 -3.357107754144682588e+01
7.900000000000004796e-01 -3.331807303188525538e+01
8.000000000000004885e-01 -3.304013132885941673e+01
8.100000000000004974e-01 -3.274140679198697512e+01
8.200000000000005063e-01 -3.242595045864611336e+01
8.300000000000005151e-01 -3.209750120209524482e+01
8.400000000000005240e-01 -3.175934255213837076e+01
8.500000000000005329e-01 -3.141424991200315020e+01
8.600000000000005418e-01 -3.106451983701744268e+01
8.700000000000005507e-01 -3.071204821747968694e+01
8.800000000000005596e-01 -3.035839778829922153e+01
8.900000000000005684e-01 -3.000483654248459331e+01
9.000000000000005773e-01 -2.965239134136902521e+01
9.100000000000005862e-01 -2.930190490634056033e+01
9.200000000000005951e-01 -2.895403012602652382e+01
9.300000000000006040e-01 -2.860915570091587767e+01
9.400000000000006128e-01 -2.826728065172356352e+01
9.410000000000006137e-01 -2.823325025245606668e+01
9.420000000000006146e-01 -2.819924543721178978e+01
9.430000000000006155e-01 -2.816526552360168978e+01
9.440000000000006164e-01 -2.813130981027880040e+01
9.450000000000006173e-01 -2.809737755160764650e+01
9.460000000000006182e-01 -2.806346797099788404e+01
9.470000000000006191e-01 -2.802958024996791409e+01
9.480000000000006199e-01 -2.799571354681534530e+01
9.490000000000006208e-01 -2.796186699652856689e+01
9.500000000000006217e-01 -2.792803970937718461e+01
9.600000000000006306e-01 -2.759051507017194282e+01
9.700000000000006395e-01 -2.725372864928772643e+01
9.800000000000006484e-01 -2.691650867026345040e+01
9.900000000000006573e-01 -2.657773573948756862e+01
1.000000000000000666e+00 -2.623657189043108673e+01
1.010000000000000675e+00 -2.589264794138115988e+01
1.020000000000000684e+00 -2.554616863992018949e+01
1.030000000000000693e+00 -2.519794736315857975e+01
1.040000000000000702e+00 -2.484932871157197098e+01
1.050000000000000711e+00 -2.450198729363806649e+01
1.060000000000000719e+00 -2.415779119512106021e+01
1.070000000000000728e+00 -2.381879767687993521e+01
1.080000000000000737e+00 -2.348718493255608308e+01
1.090000000000000746e+00 -2.316508566011753345e+01
1.100000000000000755e+00 -2.285450236242305166e+01
1.110000000000000764e+00 -2.255732078718988376e+01
1.120000000000000773e+00 -2.227523615427898562e+01
1.130000000000000782e+00 -2.200968520047555543e+01
1.140000000000000790e+00 -2.176197444264498770e+01
1.150000000000000799e+00 -2.153341070724075834e+01
1.160000000000000808e+00 -2.132529132163067587e+01
1.170000000000000817e+00 -2.113879290897816432e+01
1.180000000000000826e+00 -2.097490178388344262e+01
1.190000000000000835e+00 -2.083447006022154468e+01
1.200000000000000844e+00 -2.071822644722654871e+01
1.210000000000000853e+00 -2.062670348193381997e+01
1.220000000000000862e+00 -2.056016097267435683e+01
1.230000000000000870e+00 -2.051846387684735262e+01
1.240000000000000879e+00 -2.050089890887868904e+01
1.250000000000000888e+00 -2.050608595925166000e+01
1.260000000000000897e+00 -2.053206542825981629e+01
1.270000000000000906e+00 -2.057647780778504654e+01
1.280000000000000915e+00 -2.063679221321676849e+01
1.290000000000000924e+00 -2.071054399479948671e+01
1.300000000000000933e+00 -2.079552301301595207e+01
1.310000000000000941e+00 -2.088989965197758636e+01
1.320000000000000950e+00 -2.099227951936669001e+01
1.330000000000000959e+00 -2.110166912486986490e+01
1.340000000000000968e+00 -2.121738643044927741e+01
1.350000000000000977e+00 -2.133896089544372288e+01
1.360000000000000986e+00 -2.146603860071857994e+01
1.370000000000000995e+00 -2.159831884375453370e+01
1.380000000000001004e+00 -2.173554524668550769e+01
1.390000000000001013e+00 -2.187754260783975369e+01
1.400000000000001021e+00 -2.202428061917241564e+01
1.410000000000001030e+00 -2.217594869036913252e+01
1.420000000000001039e+00 -2.233301124590353837e+01
1.430000000000001048e+00 -2.249621123356700636e+01
1.440000000000001057e+00 -2.266651232860328591e+01
1.450000000000001066e+00 -2.284497625002286014e+01
1.460000000000001075e+00 -2.303259827246736080e+01
1.470000000000001084e+00 -2.323016844832775618e+01
1.480000000000001092e+00 -2.343814506633110284e+01
1.481000000000000982e+00 -2.345952202992694779e+01
1.482000000000000872e+00 -2.348100401266783877e+01
1.483000000000000762e+00 -2.350259066051273038e+01
1.484000000000000652e+00 -2.352428155043477176e+01
1.485000000000000542e+00 -2.354607619560601961e+01
1.486000000000000432e+00 -2.356797404513888239e+01
1.487000000000000322e+00 -2.358997448757505211e+01
1.488000000000000211e+00 -2.361207684818791108e+01
1.489000000000000101e+00 -2.363428039570018058e+01
1.489999999999999991e+00 -2.365658433840261665e+01
1.500000000000000000e+00 -2.388480703609022271e+01
1.510000000000000009e+00 -2.412167335991495776e+01
1.520000000000000018e+00 -2.436549939358580374e+01
1.520999999999999908e+00 -2.439020603160448175e+01
1.521999999999999797e+00 -2.441495968822139417e+01
1.522999999999999687e+00 -2.443975802326633939e+01
1.523999999999999577e+00 -2.446459867485340567e+01
1.524999999999999467e+00 -2.448947926168798972e+01
1.525999999999999357e+00 -2.451439738405641933e+01
1.526999999999999247e+00 -2.453935062587692073e+01
1.527999999999999137e+00 -2.456433655533763272e+01
1.528999999999999027e+00 -2.458935272714024123e+01
1.529999999999998916e+00 -2.461439668339278697e+01
1.530999999999998806e+00 -2.463946595597572298e+01
1.531999999999998696e+00 -2.466455806758915870e+01
1.532999999999998586e+00 -2.468967053393711808e+01
1.533999999999998476e+00 -2.471480086481084015e+01
1.534999999999998366e+00 -2.473994656600974906e+01
1.535999999999998256e+00 -2.476510514053463652e+01
1.536999999999998145e+00 -2.479027409032204332e+01
1.537999999999998035e+00 -2.481545093130582913e+01
1.538999999999997925e+00 -2.484063322004632468e+01
1.539999999999997815e+00 -2.486581854818996007e+01
1.540999999999997705e+00 -2.489100451142328296e+01
1.541999999999997595e+00 -2.491618869865439478e+01
1.542999999999997485e+00 -2.494136870113382543e+01
1.543999999999997375e+00 -2.496654212316979127e+01
1.544999999999997264e+00 -2.499170658493912356e+01
1.545999999999997154e+00 -2.501685972311036110e+01
1.546999999999997044e+00 -2.504199918998468988e+01
1.547999999999996934e+00 -2.506712265100535930e+01
1.548999999999996824e+00 -2.509222778370099505e+01
1.549999999999996714e+00 -2.511731227735625893e+01
1.559999999999996723e+00 -2.536635030537386370e+01
1.560999999999996612e+00 -2.539106129822142321e+01
1.561999999999996502e+00 -2.541572521456347999e+01
1.562999999999996392e+00 -2.544033997108381939e+01
1.563999999999996282e+00 -2.546490350524780766e+01
1.564999999999996172e+00 -2.548941377548513643e+01
1.565999999999996062e+00 -2.551386876134319692e+01
1.566999999999995952e+00 -2.553826646406986356e+01
1.567999999999995842e+00 -2.556260490699645871e+01
1.568999999999995731e+00 -2.558688213593589822e+01
1.569999999999995621e+00 -2.561109621923720781e+01
1.579999999999995630e+00 -2.584921439173503543e+01
1.589999999999995639e+00 -2.607907608995543569e+01
1.599999999999995648e+00 -2.629905956489886876e+01
1.609999999999995657e+00 -2.650769158821753990e+01
1.619999999999995666e+00 -2.670362101606695404e+01
1.629999999999995675e+00 -2.688561378304469685e+01
1.639999999999995683e+00 -2.705258005760645190e+01
1.649999999999995692e+00 -2.720363356263482757e+01
1.659999999999995701e+00 -2.733817004694639863e+01
1.669999999999995710e+00 -2.745594522064560650e+01
1.679999999999995719e+00 -2.755713603918368193e+01
1.689999999999995728e+00 -2.764236840107633952e+01
1.699999999999995737e+00 -2.771269275857216385e+01
1.709999999999995746e+00 -2.776950450269228554e+01
1.719999999999995755e+00 -2.781441758186788249e+01
1.729999999999995763e+00 -2.784910696934537455e+01
1.739999999999995772e+00 -2.787514572346384156e+01
1.749999999999995781e+00 -2.789386333677506968e+01
1.759999999999995790e+00 -2.790624358146821393e+01
1.769999999999995799e+00 -2.791287105815334257e+01
1.779999999999995808e+00 -2.791392950342255475e+01
1.789999999999995817e+00 -2.790924562365083261e+01
1.799999999999995826e+00 -2.789836511014152620e+01
1.809999999999995834e+00 -2.788064282876885613e+01
1.819999999999995843e+00 -2.785532742504191006e+01
1.829999999999995852e+00 -2.782162658741338035e+01
1.839999999999995861e+00 -2.777874716834221758e+01
1.849999999999995870e+00 -2.772591171227738371e+01
1.859999999999995879e+00 -2.766235918700141738e+01
1.869999999999995888e+00 -2.758734262564261996e+01
1.879999999999995897e+00 -2.750013730795793876e+01
1.889999999999995905e+00 -2.740006961086395521e+01
1.899999999999995914e+00 -2.728657149942621984e+01
1.909999999999995923e+00 -2.715926090368844470e+01
1.919999999999995932e+00 -2.701803817254376483e+01
1.929999999999995941e+00 -2.686317803056660836e+01
1.939999999999995950e+00 -2.669539842588703848e+01
1.949999999999995959e+00 -2.651589138982416927e+01
1.959999999999995968e+00 -2.632630284803458665e+01
1.969999999999995977e+00 -2.612866316550744017e+01
1.979999999999995985e+00 -2.592527546476852152e+01
1.989999999999995994e+00 -2.571857396902545645e+01
1.999999999999996003e+00 -2.551098586331739426e+01
2.009999999999995790e+00 -2.530481497540002067e+01
2.019999999999995577e+00 -2.510210952953179842e+01
2.029999999999995364e+00 -2.490452298748929039e+01
2.039999999999995151e+00 -2.471329543274555007e+01
2.049999999999994937e+00 -2.452935525300463482e+01
2.059999999999994724e+00 -2.435339418352894469e+01
2.069999999999994511e+00 -2.418588469549360909e+01
2.079999999999994298e+00 -2.402710106369360332e+01
2.089999999999994085e+00 -2.387715883002022110e+01
2.099999999999993872e+00 -2.373603970597992330e+01
2.109999999999993658e+00 -2.360359659849378389e+01
2.119999999999993445e+00 -2.347954990202724446e+01
2.129999999999993232e+00 -2.336347981510736815e+01
2.139999999999993019e+00 -2.325482889530782771e+01
2.149999999999992806e+00 -2.315292801120687827e+01
2.159999999999992593e+00 -2.305704323731736949e+01
2.169999999999992379e+00 -2.296643689238908337e+01
2.179999999999992166e+00 -2.288044397881553493e+01
2.189999999999991953e+00 -2.279855259503377951e+01
2.199999999999991740e+00 -2.272047121474818709e+01
2.209999999999991527e+00 -2.264617312376939040e+01
2.219999999999991314e+00 -2.257591258495610020e+01
2.229999999999991100e+00 -2.251020688058431318e+01
2.239999999999990887e+00 -2.244979506788714119e+01
2.249999999999990674e+00 -2.239558734581190791e+01
2.259999999999990461e+00 -2.234860227395852661e+01
2.269999999999990248e+00 -2.230989805129127035e+01
2.279999999999990035e+00 -2.228050887816133496e+01
2.289999999999989821e+00 -2.226139432840152921e+01
2.299999999999989608e+00 -2.225340374000244026e+01
2.309999999999989395e+00 -2.225725529721464468e+01
2.319999999999989182e+00 -2.227352764969957732e+01
2.329999999999988969e+00 -2.230265725675093691e+01
2.339999999999988756e+00 -2.234492699539694982e+01
2.349999999999988542e+00 -2.240043792535464107e+01
2.359999999999988329e+00 -2.246907726747528145e+01
2.369999999999988116e+00 -2.255049227369771003e+01
2.379999999999987903e+00 -2.264407130383794708e+01
2.389999999999987690e+00 -2.274893479845701094e+01
2.399999999999987477e+00 -2.286394110720533845e+01
2.409999999999987264e+00 -2.298771244281370585e+01
2.419999999999987050e+00 -2.311868258693867872e+01
2.429999999999986837e+00 -2.325516379948139445e+01
2.439999999999986624e+00 -2.339546765138230100e+01
2.449999999999986411e+00 -2.353802304925150679e+01
2.459999999999986198e+00 -2.368141343448139935e+01
2.469999999999985985e+00 -2.382440609274401666e+01
2.479999999999985771e+00 -2.396599842432407712e+01
2.489999999999985558e+00 -2.410544547151884842e+01
2.499999999999985345e+00 -2.424225481999949139e+01
2.509999999999985132e+00 -2.437615984482874865e+01
2.519999999999984919e+00 -2.450708347529061015e+01
2.529999999999984706e+00 -2.463509502631600867e+01
2.539999999999984492e+00 -2.476036766430482317e+01
2.549999999999984279e+00 -2.488314070917124354e+01
2.559999999999984066e+00 -2.500369239727282178e+01
2.569999999999983853e+00 -2.512232009552537093e+01
2.579999999999983640e+00 -2.523932726709345431e+01
2.589999999999983427e+00 -2.535501153397850516e+01
2.599999999999983213e+00 -2.546964832771933018e+01
2.609999999999983000e+00 -2.558346827247296673e+01
2.619999999999982787e+00 -2.569662741087847024e+01
2.629999999999982574e+00 -2.580917187768238463e+01
2.639999999999982361e+00 -2.592100054175062596e+01
2.649999999999982148e+00 -2.603183267505690424e+01
2.659999999999981934e+00 -2.614118652755853134e+01
2.669999999999981721e+00 -2.624837330300277927e+01
2.679999999999981508e+00 -2.635251081090028435e+01
2.689999999999981295e+00 -2.645255664489195624e+01
2.699999999999981082e+00 -2.654735752407060900e+01
2.709999999999980869e+00 -2.663570938348257044e+01
2.719999999999980655e+00 -2.671642194276561000e+01
2.729999999999980442e+00 -2.678838025011980761e+01
2.739999999999980229e+00 -2.685059702396490877e+01
2.749999999999980016e+00 -2.690225216499539940e+01
2.759999999999979803e+00 -2.694271746680283641e+01
2.769999999999979590e+00 -2.697156723524858890e+01
2.779999999999979376e+00 -2.698857716995959777e+01
2.789999999999979163e+00 -2.699371530328796354e+01
2.799999999999978950e+00 -2.698713685563651410e+01
2.809999999999978737e+00 -2.696918321026520005e+01
2.819999999999978524e+00 -2.694037331767749421e+01
2.829999999999978311e+00 -2.690138942309269865e+01
2.839999999999978098e+00 -2.685306142430649601e+01
2.849999999999977884e+00 -2.679634802097069013e+01
2.859999999999977671e+00 -2.673231069679702898e+01
2.869999999999977458e+00 -2.666207842432842057e+01
2.879999999999977245e+00 -2.658680289336177438e+01
2.889999999999977032e+00 -2.650760601744402578e+01
2.899999999999976819e+00 -2.642552402772837539e+01
2.909999999999976605e+00 -2.634145401704379097e+01
2.919999999999976392e+00 -2.625610981056400206e+01
2.929999999999976179e+00 -2.616999267833970677e+01
2.939999999999975966e+00 -2.608338077180635040e+01
2.949999999999975753e+00 -2.599633818647713923e+01
2.959999999999975540e+00 -2.590874219486600083e+01
2.969999999999975326e+00 -2.582032540207808324e+01
2.979999999999975113e+00 -2.573072700068409802e+01
2.989999999999974900e+00 -2.563954621887706153e+01
2.999999999999974687e+00 -2.554639255387664676e+01
3.009999999999974474e+00 -2.545092906067417360e+01
3.019999999999974261e+00 -2.535290635834120110e+01
3.029999999999974047e+00 -2.525218725822529464e+01
3.039999999999973834e+00 -2.514876331249467256e+01
3.049999999999973621e+00 -2.504276445015969443e+01
3.059999999999973408e+00 -2.493446532371267921e+01
3.069999999999973195e+00 -2.482428902264163284e+01
3.079999999999972982e+00 -2.471279052054069325e+01
3.089999999999972768e+00 -2.460061147351925825e+01
3.099999999999972555e+00 -2.448845970138994588e+01
3.109999999999972342e+00 -2.437712904514409118e+01
3.119999999999972129e+00 -2.426750138288056036e+01
3.129999999999971916e+00 -2.416052902067535157e+01
3.139999999999971703e+00 -2.405721714109767007e+01
3.149999999999971489e+00 -2.395859051159779796e+01
3.159999999999971276e+00 -2.386564527911093592e+01
3.169999999999971063e+00 -2.377930767464384942e+01
3.179999999999970850e+00 -2.370039874407689950e+01
3.189999999999970637e+00 -2.362959852252193471e+01
3.199999999999970424e+00 -2.356741988689751111e+01
3.209999999999970210e+00 -2.351419464949263727e+01
3.219999999999969997e+00 -2.347006940288251897e+01
3.229999999999969784e+00 -2.343501110670707277e+01
3.239999999999969571e+00 -2.340882036680392986e+01
3.249999999999969358e+00 -2.339114833376373426e+01
3.259999999999969145e+00 -2.338151704812921139e+01
3.269999999999968932e+00 -2.337934634891022867e+01
3.279999999999968718e+00 -2.338398657680498616e+01
3.289999999999968505e+00 -2.339475145675194057e+01
3.299999999999968292e+00 -2.341094739052813267e+01
3.309999999999968079e+00 -2.343189865864633248e+01
3.319999999999967866e+00 -2.345696902902680492e+01
3.329999999999967653e+00 -2.348558147058747991e+01
3.339999999999967439e+00 -2.351723717943901093e+01
3.349999999999967226e+00 -2.355153399610414766e+01
3.359999999999967013e+00 -2.358818399465006976e+01
3.369999999999966800e+00 -2.362702780909776124e+01
3.379999999999966587e+00 -2.366804230268959586e+01
3.389999999999966374e+00 -2.371134000383371543e+01
3.399999999999966160e+00 -2.375715862171201564e+01
3.409999999999965947e+00 -2.380583880977313882e+01
3.419999999999965734e+00 -2.385779058814808806e+01
3.429999999999965521e+00 -2.391345166857863802e+01
3.439999999999965308e+00 -2.397324140723423724e+01
3.449999999999965095e+00 -2.403751560202316639e+01
3.459999999999964881e+00 -2.410653067405443650e+01
3.469999999999964668e+00 -2.418042898176253885e+01
3.479999999999964455e+00 -2.425923317914852362e+01
3.489999999999964242e+00 -2.434283256183276833e+01
3.499999999999964029e+00 -2.443097488902905567e+01
3.509999999999963816e+00 -2.452326960813559253e+01
3.519999999999963602e+00 -2.461919625295151093e+01
3.529999999999963389e+00 -2.471811517460284335e+01
3.539999999999963176e+00 -2.481928412248160498e+01
3.549999999999962963e+00 -2.492188202931483687e+01
3.559999999999962750e+00 -2.502502999985889431e+01
3.569999999999962537e+00 -2.512780854313786350e+01
3.579999999999962323e+00 -2.522927970708622425e+01
3.589999999999962110e+00 -2.532851505613693632e+01
3.599999999999961897e+00 -2.542462508918954711e+01
3.609999999999961684e+00 -2.551678868015546087e+01
3.619999999999961471e+00 -2.560428188854090337e+01
3.629999999999961258e+00 -2.568650366173581645e+01
3.639999999999961044e+00 -2.576299606505724782e+01
3.649999999999960831e+00 -2.583345722288947499e+01
3.659999999999960618e+00 -2.589774513058148742e+01
3.669999999999960405e+00 -2.595587140060924014e+01
3.679999999999960192e+00 -2.600798643408529998e+01
3.689999999999959979e+00 -2.605435806661289178e+01
3.699999999999959766e+00 -2.609534374697185655e+01
3.709999999999959552e+00 -2.613135860126223164e+01
3.719999999999959339e+00 -2.616284427717578609e+01
3.729999999999959126e+00 -2.619024092763904221e+01
3.739999999999958913e+00 -2.621396201184818509e+01
3.749999999999958700e+00 -2.623437252231166994e+01
3.759999999999958487e+00 -2.625177131153409604e+01
3.769999999999958273e+00 -2.626637718717291392e+01
3.779999999999958060e+00 -2.627831828643050116e+01
3.789999999999957847e+00 -2.628762537937747723e+01
3.799999999999957634e+00 -2.629423208530150191e+01
3.809999999999957421e+00 -2.629797830828447758e+01
3.819999999999957208e+00 -2.629861289870632746e+01
3.829999999999956994e+00 -2.629580179930033879e+01
3.839999999999956781e+00 -2.628914414167547164e+01
3.849999999999956568e+00 -2.627819426837707084e+01
3.859999999999956355e+00 -2.626249028078022718e+01
3.869999999999956142e+00 -2.624158452004818187e+01
3.879999999999955929e+00 -2.621507088263549079e+01
3.889999999999955715e+00 -2.618261374930450458e+01
3.899999999999955502e+00 -2.614397806924852929e+01
3.909999999999955289e+00 -2.609905503638867685e+01
3.919999999999955076e+00 -2.604788102505844094e+01
3.929999999999954863e+00 -2.599064748391736757e+01
3.939999999999954650e+00 -2.592770057470391265e+01
3.949999999999954436e+00 -2.585953118968584263e+01
3.959999999999954223e+00 -2.578675744403343373e+01
3.969999999999954010e+00 -2.571010156814019609e+01
3.979999999999953797e+00 -2.563036364852704452e+01
3.989999999999953584e+00 -2.554839425769890227e+01
3.999999999999953371e+00 -2.546506589940102927e+01
4.009999999999953602e+00 -2.538124376303295548e+01
4.019999999999953388e+00 -2.529776021880958226e+01
4.029999999999953175e+00 -2.521539354883876882e+01
4.039999999999952962e+00 -2.513484851049148716e+01
4.049999999999952749e+00 -2.505673989991551309e+01
4.059999999999952536e+00 -2.498156888921612406e+01
4.069999999999952323e+00 -2.490969168395998423e+01
4.079999999999952109e+00 -2.484131420367032561e+01
4.089999999999951896e+00 -2.477651594771773347e+01
4.099999999999951683e+00 -2.471527126075831404e+01
4.109999999999951470e+00 -2.465746272646928006e+01
4.119999999999951257e+00 -2.460289572829971760e+01
4.129999999999951044e+00 -2.455131676386767836e+01
4.139999999999950830e+00 -2.450243407939810325e+01
4.149999999999950617e+00 -2.445594302613993065e+01
4.159999999999950404e+00 -2.441155523940905425e+01
4.169999999999950191e+00 -2.436902605687758694e+01
4.179999999999949978e+00 -2.432817778104488582e+01
4.189999999999949765e+00 -2.428891667553574507e+01
4.199999999999949551e+00 -2.425124262798578911e+01
4.209999999999949338e+00 -2.421525046207868215e+01
4.219999999999949125e+00 -2.418112322242529189e+01
4.229999999999948912e+00 -2.414912069482534562e+01
4.239999999999948699e+00 -2.411956631861504619e+01
4.249999999999948486e+00 -2.409283262671478099e+01
4.259999999999948272e+00 -2.406932507062403914e+01
4.269999999999948059e+00 -2.404946403442908931e+01
4.279999999999947846e+00 -2.403366918492344340e+01
4.289999999999947633e+00 -2.402234882107645575e+01
4.299999999999947420e+00 -2.401588887081921797e+01
4.309999999999947207e+00 -2.401463919566035443e+01
4.319999999999946994e+00 -2.401889836685298008e+01
4.329999999999946780e+00 -2.402889720380808214e+01
4.339999999999946567e+00 -2.404477982294767102e+01
4.349999999999946354e+00 -2.406658336281468635e+01
4.359999999999946141e+00 -2.409422259302440139e+01
4.369999999999945928e+00 -2.412748409627243973e+01
4.379999999999945715e+00 -2.416603047388837666e+01
4.389999999999945501e+00 -2.420941180558157058e+01
4.399999999999945288e+00 -2.425708249898052671e+01
4.409999999999945075e+00 -2.430842373186634120e+01
4.419999999999944862e+00 -2.436277672203592459e+01
4.429999999999944649e+00 -2.441948416174790282e+01
4.439999999999944436e+00 -2.447791818089269711e+01
4.449999999999944222e+00 -2.453749461764621742e+01
4.459999999999944009e+00 -2.459768733690355447e+01
4.469999999999943796e+00 -2.465803949174505050e+01
4.479999999999943583e+00 -2.471816978934781517e+01
4.489999999999943370e+00 -2.477777517856922884e+01
4.499999999999943157e+00 -2.483663084295935164e+01
4.509999999999942943e+00 -2.489458674590384746e+01
4.519999999999942730e+00 -2.495156195602819693e+01
4.529999999999942517e+00 -2.500753838519855776e+01
4.539999999999942304e+00 -2.506255364656979978e+01
4.549999999999942091e+00 -2.511669271281874316e+01
4.559999999999941878e+00 -2.517007777078214659e+01
4.569999999999941664e+00 -2.522285615721529695e+01
4.579999999999941451e+00 -2.527518547528960013e+01
4.589999999999941238e+00 -2.532721660027546307e+01
4.599999999999941025e+00 -2.537907549945868979e+01
4.609999999999940812e+00 -2.543084466961028056e+01
4.619999999999940599e+00 -2.548254601723843749e+01
4.629999999999940385e+00 -2.553412708104610118e+01
4.639999999999940172e+00 -2.558545215835957620e+01
4.649999999999939959e+00 -2.563629939693445081e+01
4.659999999999939746e+00 -2.568636444737136060e+01
4.669999999999939533e+00 -2.573527026965117415e+01
4.679999999999939320e+00 -2.578258181466152266e+01
4.689999999999939106e+00 -2.582782425330192311e+01
4.699999999999938893e+00 -2.587050302331030238e+01
4.709999999999938680e+00 -2.591012392170063094e+01
4.719999999999938467e+00 -2.594621183110595197e+01
4.729999999999938254e+00 -2.597832720398412931e+01
4.739999999999938041e+00 -2.600607981954469139e+01
4.749999999999937828e+00 -2.602913978982926579e+01
4.759999999999937614e+00 -2.604724621297238585e+01
4.769999999999937401e+00 -2.606021391601648673e+01
4.779999999999937188e+00 -2.606793864080234258e+01
4.789999999999936975e+00 -2.607040177252295976e+01
4.799999999999936762e+00 -2.606767586885622734e+01
4.809999999999936549e+00 -2.605992780228275407e+01
4.819999999999936335e+00 -2.604741538253609789e+01
4.829999999999936122e+00 -2.603047816944166826e+01
4.839999999999935909e+00 -2.600952377314867547e+01
4.849999999999935696e+00 -2.598500998153824781e+01
4.859999999999935483e+00 -2.595742348793556076e+01
4.869999999999935270e+00 -2.592725667842334047e+01
4.879999999999935056e+00 -2.589498420908422816e+01
4.889999999999934843e+00 -2.586104131701823050e+01
4.899999999999934630e+00 -2.582580571034110051e+01
4.909999999999934417e+00 -2.578958433047724341e+01
4.919999999999934204e+00 -2.575260584855028156e+01
4.929999999999933991e+00 -2.571501907062718928e+01
4.939999999999933777e+00 -2.567689680924526385e+01
4.949999999999933564e+00 -2.563824427182065691e+01
4.959999999999933351e+00 -2.559901077380182244e+01
4.969999999999933138e+00 -2.555910349433149165e+01
4.979999999999932925e+00 -2.551840220471625287e+01
4.989999999999932712e+00 -2.547677418465745092e+01
4.999999999999932498e+00 -2.543408888434426984e+01
5.009999999999932285e+00 -2.539023214829621011e+01
5.019999999999932072e+00 -2.534511982335996549e+01
5.029999999999931859e+00 -2.529871058921829885e+01
5.039999999999931646e+00 -2.525101764117701464e+01
5.049999999999931433e+00 -2.520211857336770578e+01
5.059999999999931219e+00 -2.515216286936828993e+01
5.069999999999931006e+00 -2.510137626112897280e+01
5.079999999999930793e+00 -2.505006049122826184e+01
5.089999999999930580e+00 -2.499858817960302204e+01
5.099999999999930367e+00 -2.494738971685659124e+01
5.109999999999930154e+00 -2.489692570024984875e+01
5.119999999999929940e+00 -2.484766150705893040e+01
5.129999999999929727e+00 -2.480006061206527335e+01
5.139999999999929514e+00 -2.475457679615784556e+01
5.149999999999929301e+00 -2.471163502079387797e+01
5.159999999999929088e+00 -2.467161600155501588e+01
5.169999999999928875e+00 -2.463484926880925130e+01
5.179999999999928662e+00 -2.460160795885986929e+01
5.189999999999928448e+00 -2.457210434162097457e+01
5.199999999999928235e+00 -2.454648841791117420e+01
5.209999999999928022e+00 -2.452484871683502732e+01
5.219999999999927809e+00 -2.450721362302241602e+01
5.229999999999927596e+00 -2.449355297481665872e+01
5.239999999999927383e+00 -2.448377921898041620e+01
5.249999999999927169e+00 -2.447774715768829523e+01
5.259999999999926956e+00 -2.447525572895534296e+01
5.269999999999926743e+00 -2.447605497355372606e+01
5.279999999999926530e+00 -2.447985725684101510e+01
5.289999999999926317e+00 -2.448635146980797828e+01
5.299999999999926104e+00 -2.449521972805334968e+01
5.309999999999925890e+00 -2.450615530636799733e+01
5.319999999999925677e+00 -2.451887999948641195e+01
5.329999999999925464e+00 -2.453315992474672669e+01
5.339999999999925251e+00 -2.454881758444506090e+01
5.349999999999925038e+00 -2.456573791207671675e+01
5.359999999999924825e+00 -2.458386862790047900e+01
5.369999999999924611e+00 -2.460321605997630456e+01
5.379999999999924398e+00 -2.462383806755475391e+01
5.389999999999924185e+00 -2.464583440229890243e+01
5.399999999999923972e+00 -2.466933369872688786e+01
5.409999999999923759e+00 -2.469447809323454379e+01
5.419999999999923546e+00 -2.472140853796097204e+01
5.429999999999923332e+00 -2.475025372186270900e+01
5.439999999999923119e+00 -2.478112188394585758e+01
5.449999999999922906e+00 -2.481409322237279724e+01
5.459999999999922693e+00 -2.484921267526596367e+01
5.469999999999922480e+00 -2.488648357480713713e+01
5.479999999999922267e+00 -2.492586196672616694e+01
5.489999999999922053e+00 -2.496725117332706034e+01
5.499999999999921840e+00 -2.501049700260512409e+01
5.509999999999921627e+00 -2.505538478020648796e+01
5.519999999999921414e+00 -2.510163949561216867e+01
5.529999999999921201e+00 -2.514892970859335009e+01
5.539999999999920988e+00 -2.519687530886204030e+01
5.549999999999920774e+00 -2.524505908480648486e+01
5.559999999999920561e+00 -2.529304157163434752e+01
5.569999999999920348e+00 -2.534037800497923243e+01
5.579999999999920135e+00 -2.538663587585055126e+01
5.589999999999919922e+00 -2.543141147249688316e+01
5.599999999999919709e+00 -2.547434388668489902e+01
5.609999999999919496e+00 -2.551512541875971962e+01
5.619999999999919282e+00 -2.555350801092098223e+01
5.629999999999919069e+00 -2.558930589171341907e+01
5.639999999999918856e+00 -2.562239498651091552e+01
5.649999999999918643e+00 -2.565270988536856223e+01
5.659999999999918430e+00 -2.568023915336764063e+01
5.669999999999918217e+00 -2.570501961860821538e+01
5.679999999999918003e+00 -2.572713036384679697e+01
5.689999999999917790e+00 -2.574668640461259983e+01
5.699999999999917577e+00 -2.576383133581090590e+01
5.709999999999917364e+00 -2.577872884117226704e+01
5.719999999999917151e+00 -2.579155332001710477e+01
5.729999999999916938e+00 -2.580247961076958063e+01
5.739999999999916724e+00 -2.581167181010474465e+01
5.749999999999916511e+00 -2.581927184327996727e+01
5.759999999999916298e+00 -2.582538877522577181e+01
5.769999999999916085e+00 -2.583009034932993231e+01
5.779999999999915872e+00 -2.583339743382422782e+01
5.789999999999915659e+00 -2.583528112319477188e+01
5.799999999999915445e+00 -2.583566328786877619e+01
5.809999999999915232e+00 -2.583442135273132578e+01
5.819999999999915019e+00 -2.583139701018964374e+01
5.829999999999914806e+00 -2.582640787263389015e+01
5.839999999999914593e+00 -2.581926148286767742e+01
5.849999999999914380e+00 -2.580976989144168954e+01
5.859999999999914166e+00 -2.579776230932882086e+01
5.869999999999913953e+00 -2.578309623066582290e+01
5.879999999999913740e+00 -2.576566748330106904e+01
5.889999999999913527e+00 -2.574541824001243739e+01
5.899999999999913314e+00 -2.572234270898466946e+01
5.909999999999913101e+00 -2.569649062088402047e+01
5.919999999999912887e+00 -2.566796856854089270e+01
5.929999999999912674e+00 -2.563693951546563099e+01
5.939999999999912461e+00 -2.560362078060099122e+01
5.949999999999912248e+00 -2.556828037973370016e+01
5.959999999999912035e+00 -2.553123152449709465e+01
5.969999999999911822e+00 -2.549282511275174912e+01
5.979999999999911608e+00 -2.545344017917082624e+01
5.989999999999911395e+00 -2.541347246954308403e+01
5.999999999999911182e+00 -2.537332072027951924e+01
6.009999999999910969e+00 -2.533337163621460419e+01
6.019999999999910756e+00 -2.529398623624249609e+01
6.029999999999910543e+00 -2.525548826244013867e+01
6.039999999999910330e+00 -2.521815488290064877e+01
6.049999999999910116e+00 -2.518221019072683831e+01
6.059999999999909903e+00 -2.514782129569423930e+01
6.069999999999909690e+00 -2.511509498596049994e+01
6.079999999999909477e+00 -2.508407722911293902e+01
6.089999999999909264e+00 -2.505475917492770321e+01
6.099999999999909051e+00 -2.502708807757103315e+01
6.109999999999908837e+00 -2.500098192204891845e+01
6.119999999999908624e+00 -2.497634247738649549e+01
6.129999999999908411e+00 -2.495306470698002599e+01
6.139999999999908198e+00 -2.493104499581329492e+01
6.149999999999907985e+00 -2.491018787830276082e+01
6.159999999999907772e+00 -2.489041217241175730e+01
6.169999999999907558e+00 -2.487165729544778259e+01
6.179999999999907345e+00 -2.485388935491646833e+01
6.189999999999907132e+00 -2.483710591099537268e+01
6.199999999999906919e+00 -2.482133960540757300e+01
6.209999999999906706e+00 -2.480666056219714477e+01
6.219999999999906493e+00 -2.479317627616553565e+01
6.229999999999906279e+00 -2.478102880818067177e+01
6.239999999999906066e+00 -2.477038945483854349e+01
6.249999999999905853e+00 -2.476145079487665868e+01
6.259999999999905640e+00 -2.475441601002529879e+01
6.269999999999905427e+00 -2.474948713539016865e+01
6.279999999999905214e+00 -2.474685434301293085e+01
6.289999999999905000e+00 -2.474668663612644792e+01
6.299999999999904787e+00 -2.474912392563425811e+01
6.309999999999904574e+00 -2.475427046476182014e+01
6.319999999999904361e+00 -2.476218905458849662e+01
6.329999999999904148e+00 -2.477289547677078119e+01
6.339999999999903935e+00 -2.478635449579360284e+01
6.349999999999903721e+00 -2.480247892577522251e+01
6.359999999999903508e+00 -2.482113142211863632e+01
6.369999999999903295e+00 -2.484212877092944183e+01
6.379999999999903082e+00 -2.486524845526042427e+01
6.389999999999902869e+00 -2.489023867346285357e+01
6.399999999999902656e+00 -2.491683128712591966e+01
6.409999999999902442e+00 -2.494475040328883964e+01
6.419999999999902229e+00 -2.497371619670376930e+01
6.429999999999902016e+00 -2.500345114847926098e+01
6.439999999999901803e+00 -2.503368887557394373e+01
6.449999999999901590e+00 -2.506418250314877483e+01
6.459999999999901377e+00 -2.509471177306737033e+01
6.469999999999901164e+00 -2.512508904466249504e+01
6.479999999999900950e+00 -2.515516356262864761e+01
6.489999999999900737e+00 -2.518482356148586021e+01
6.499999999999900524e+00 -2.521399627371075169e+01
6.509999999999900311e+00 -2.524264568689180877e+01
6.519999999999900098e+00 -2.527076814161466700e+01
6.529999999999899885e+00 -2.529838622668570380e+01
6.539999999999899671e+00 -2.532554162048794311e+01
6.549999999999899458e+00 -2.535228729393151781e+01
6.559999999999899245e+00 -2.537867963109665581e+01
6.569999999999899032e+00 -2.540477080126149190e+01
6.579999999999898819e+00 -2.543060163069347013e+01
6.589999999999898606e+00 -2.545619533004331458e+01
6.599999999999898392e+00 -2.548155224125414620e+01
6.609999999999898179e+00 -2.550664572020777854e+01
6.619999999999897966e+00 -2.553141927347690299e+01
6.629999999999897753e+00 -2.555578507418726275e+01
6.639999999999897540e+00 -2.557962394892977542e+01
6.649999999999897327e+00 -2.560278694875474770e+01
6.659999999999897113e+00 -2.562509863883750327e+01
6.669999999999896900e+00 -2.564636205081476561e+01
6.679999999999896687e+00 -2.566636506689850705e+01
6.689999999999896474e+00 -2.568488789610388778e+01
6.699999999999896261e+00 -2.570171124480608427e+01
6.709999999999896048e+00 -2.571662474679046539e+01
6.719999999999895834e+00 -2.572943524503267199e+01
6.729999999999895621e+00 -2.573997454044378941e+01
6.739999999999895408e+00 -2.574810619755892915e+01
6.749999999999895195e+00 -2.575373100413062843e+01
6.759999999999894982e+00 -2.575679076242540333e+01
6.769999999999894769e+00 -2.575727047756959820e+01
6.779999999999894555e+00 -2.575519980353937655e+01
6.789999999999894342e+00 -2.575065300726524598e+01
6.799999999999894129e+00 -2.574374583258374827e+01
6.809999999999893916e+00 -2.573462995658896091e+01
6.819999999999893703e+00 -2.572348616046976844e+01
6.829999999999893490e+00 -2.571051668435094584e+01
6.839999999999893276e+00 -2.569593710350434179e+01
6.849999999999893063e+00 -2.567996807441279827e+01
6.859999999999892850e+00 -2.566282719848543792e+01
6.869999999999892637e+00 -2.564472124143862786e+01
6.879999999999892424e+00 -2.562583905586518895e+01
6.889999999999892211e+00 -2.560634553391307122e+01
6.899999999999891998e+00 -2.558637694223351744e+01
6.909999999999891784e+00 -2.556603790849854008e+01
6.919999999999891571e+00 -2.554540029349077557e+01
6.929999999999891358e+00 -2.552450403300115767e+01
6.939999999999891145e+00 -2.550335990140298392e+01
6.949999999999890932e+00 -2.548195404370284223e+01
6.959999999999890719e+00 -2.546025399143634615e+01
6.969999999999890505e+00 -2.543821575044977834e+01
6.979999999999890292e+00 -2.541579152149362386e+01
6.989999999999890079e+00 -2.539293766879995573e+01
6.999999999999889866e+00 -2.536962248405129472e+01
7.009999999999889653e+00 -2.534583323309250602e+01
7.019999999999889440e+00 -2.532158208413233069e+01
7.029999999999889226e+00 -2.529691057792827280e+01
7.039999999999889013e+00 -2.527189237263614530e+01
7.049999999999888800e+00 -2.524663411813878255e+01
7.059999999999888587e+00 -2.522127406135355443e+01
7.069999999999888374e+00 -2.519597885287262784e+01
7.079999999999888161e+00 -2.517093944294967045e+01
7.089999999999887947e+00 -2.514636275436540558e+01
7.099999999999887734e+00 -2.512245981703704345e+01
7.109999999999887521e+00 -2.509943835167974768e+01
7.119999999999887308e+00 -2.507750071982913909e+01
7.129999999999887095e+00 -2.505684151615812283e+01
7.139999999999886882e+00 -2.503764242099147452e+01
7.149999999999886668e+00 -2.502006680670776007e+01
7.159999999999886455e+00 -2.500425528990227519e+01
7.169999999999886242e+00 -2.499032181724668789e+01
7.179999999999886029e+00 -2.497835105604191241e+01
7.189999999999885816e+00 -2.496839707589512614e+01
7.199999999999885603e+00 -2.496048304691079167e+01
7.209999999999885389e+00 -2.495460182972268370e+01
7.219999999999885176e+00 -2.495071715299197734e+01
7.229999999999884963e+00 -2.494876463578633263e+01
7.239999999999884750e+00 -2.494865343364760335e+01
7.249999999999884537e+00 -2.495026981505630204e+01
7.259999999999884324e+00 -2.495348228839594285e+01
7.269999999999884110e+00 -2.495814769094572583e+01
7.279999999999883897e+00 -2.496411786424443235e+01
7.289999999999883684e+00 -2.497124677296755380e+01
7.299999999999883471e+00 -2.497939764117812089e+01
7.309999999999883258e+00 -2.498844932223594384e+01
7.319999999999883045e+00 -2.499830190295188359e+01
7.329999999999882832e+00 -2.500888141375398988e+01
7.339999999999882618e+00 -2.502014149980749380e+01
7.349999999999882405e+00 -2.503206148028783318e+01
7.359999999999882192e+00 -2.504464307117143207e+01
7.369999999999881979e+00 -2.505790676581696985e+01
7.379999999999881766e+00 -2.507188755166912486e+01
7.389999999999881553e+00 -2.508663002869545622e+01
7.399999999999881339e+00 -2.510218328928302611e+01
7.409999999999881126e+00 -2.511859552997376710e+01
7.419999999999880913e+00 -2.513590855724903150e+01
7.429999999999880700e+00 -2.515415255470067635e+01
7.439999999999880487e+00 -2.517334134256498146e+01
7.449999999999880274e+00 -2.519346830398321657e+01
7.459999999999880060e+00 -2.521450317592743673e+01
7.469999999999879847e+00 -2.523638991419040423e+01
7.479999999999879634e+00 -2.525904566727511380e+01
7.489999999999879421e+00 -2.528236094446361903e+01
7.499999999999879208e+00 -2.530620097593879336e+01
7.509999999999878995e+00 -2.533040820197705401e+01
7.519999999999878781e+00 -2.535480586830081862e+01
7.529999999999878568e+00 -2.537920265769675510e+01
7.539999999999878355e+00 -2.540339818781145809e+01
7.549999999999878142e+00 -2.542718911812011839e+01
7.559999999999877929e+00 -2.545037557330945077e+01
7.569999999999877716e+00 -2.547276748851355421e+01
7.579999999999877502e+00 -2.549419045612869539e+01
7.589999999999877289e+00 -2.551449074673370276e+01
7.599999999999877076e+00 -2.553353924118120588e+01
7.609999999999876863e+00 -2.555123413023028078e+01
7.619999999999876650e+00 -2.556750234198083760e+01
7.629999999999876437e+00 -2.558229972444815203e+01
7.639999999999876223e+00 -2.559561005530409972e+01
7.649999999999876010e+00 -2.560744299466165330e+01
7.659999999999875797e+00 -2.561783114017003271e+01
7.669999999999875584e+00 -2.562682631676216971e+01
7.679999999999875371e+00 -2.563449516272911666e+01
7.689999999999875158e+00 -2.564091418472614592e+01
7.699999999999874944e+00 -2.564616469200877802e+01
7.709999999999874731e+00 -2.565032775429545708e+01
7.719999999999874518e+00 -2.565347918020999174e+01
7.729999999999874305e+00 -2.565568487081834803e+01
7.739999999999874092e+00 -2.565699689309043308e+01
7.749999999999873879e+00 -2.565745046662024009e+01
7.759999999999873666e+00 -2.565706202101739208e+01
7.769999999999873452e+00 -2.565582846476455003e+01
7.779999999999873239e+00 -2.565372771679140484e+01
7.789999999999873026e+00 -2.565072049525435105e+01
7.799999999999872813e+00 -2.564675332769310856e+01
7.809999999999872600e+00 -2.564176263063569650e+01
7.819999999999872387e+00 -2.563567961899896019e+01
7.829999999999872173e+00 -2.562843574215288811e+01
7.839999999999871960e+00 -2.561996830497307442e+01
7.849999999999871747e+00 -2.561022589463675558e+01
7.859999999999871534e+00 -2.559917328637191147e+01
7.869999999999871321e+00 -2.558679562686242193e+01
7.879999999999871108e+00 -2.557310167991466088e+01
7.889999999999870894e+00 -2.555812594628912748e+01
7.899999999999870681e+00 -2.554192964258230347e+01
7.909999999999870468e+00 -2.552460057688612594e+01
7.919999999999870255e+00 -2.550625194298071818e+01
7.929999999999870042e+00 -2.548702006971277712e+01
7.939999999999869829e+00 -2.546706117786254708e+01
7.949999999999869615e+00 -2.544654725441493781e+01
7.959999999999869402e+00 -2.542566121689289460e+01
7.969999999999869189e+00 -2.540459156851446920e+01
7.979999999999868976e+00 -2.538352664311609885e+01
7.989999999999868763e+00 -2.536264838861543680e+01
7.999999999999868550e+00 -2.534212659205386586e+01
8.009999999999868336e+00 -2.532211456534840721e+01
8.019999999999868123e+00 -2.530274589229598803e+01
8.029999999999867910e+00 -2.528413195125285995e+01
8.039999999999867697e+00 -2.526636024625016574e+01
8.049999999999867484e+00 -2.524949283025112479e+01
8.059999999999867271e+00 -2.523356514439705833e+01
8.069999999999867057e+00 -2.521858757159764863e+01
8.079999999999866844e+00 -2.520454910825809947e+01
8.089999999999866631e+00 -2.519142217517574522e+01
8.099999999999866418e+00 -2.517916873202612749e+01
8.109999999999866205e+00 -2.516774528818958245e+01
8.119999999999865992e+00 -2.515710686863825529e+01
8.129999999999865778e+00 -2.514721126042504551e+01
8.139999999999865565e+00 -2.513802283688951889e+01
8.149999999999865352e+00 -2.512951548024900461e+01
8.159999999999865139e+00 -2.512167511651561824e+01
8.169999999999864926e+00 -2.511450179550573836e+01
8.179999999999864713e+00 -2.510801089230573169e+01
8.189999999999864500e+00 -2.510223359457351222e+01
8.199999999999864286e+00 -2.509721638965643464e+01
8.209999999999864073e+00 -2.509301940317219959e+01
8.219999999999863860e+00 -2.508971381914724574e+01
8.229999999999863647e+00 -2.508737850138461312e+01
8.239999999999863434e+00 -2.508609575015140791e+01
8.249999999999863221e+00 -2.508594660198725634e+01
8.259999999999863007e+00 -2.508700629970476825e+01
8.269999999999862794e+00 -2.508934010651972457e+01
8.279999999999862581e+00 -2.509299961520159528e+01
8.289999999999862368e+00 -2.509801915337715528e+01
8.299999999999862155e+00 -2.510441248543488868e+01
8.309999999999861942e+00 -2.511217090321105516e+01
8.319999999999861728e+00 -2.512126251551121925e+01
8.329999999999861515e+00 -2.513163232822337889e+01
8.339999999999861302e+00 -2.514320323557755188e+01
8.349999999999861089e+00 -2.515587879930044224e+01
8.359999999999860876e+00 -2.516954822645124068e+01
8.369999999999860663e+00 -2.518409017877899103e+01
8.379999999999860449e+00 -2.519937424575052987e+01
8.389999999999860236e+00 -2.521526349572699743e+01
8.399999999999860023e+00 -2.523161858155618731e+01
8.409999999999859810e+00 -2.524830196863029741e+01
8.419999999999859597e+00 -2.526518188778507579e+01
8.429999999999859384e+00 -2.528213607267450769e+01
8.439999999999859170e+00 -2.529905502184142208e+01
8.449999999999858957e+00 -2.531584448829607226e+01
8.459999999999858744e+00 -2.533242720332342302e+01
8.469999999999858531e+00 -2.534874368249994703e+01
8.479999999999858318e+00 -2.536475201829399850e+01
8.489999999999858105e+00 -2.538042667610783809e+01
8.499999999999857891e+00 -2.539575648753257298e+01
8.509999999999857678e+00 -2.541074190251973519e+01
8.519999999999857465e+00 -2.542539172697835781e+01
8.529999999999857252e+00 -2.543971964287228005e+01
8.539999999999857039e+00 -2.545374069069709932e+01
8.549999999999856826e+00 -2.546746790409629568e+01
8.559999999999856612e+00 -2.548090925454086886e+01
8.569999999999856399e+00 -2.549406499562239148e+01
8.579999999999856186e+00 -2.550692543823949165e+01
8.589999999999855973e+00 -2.551946922650206062e+01
8.599999999999855760e+00 -2.553166218211470806e+01
8.609999999999855547e+00 -2.554345676681155553e+01
8.619999999999855333e+00 -2.555479225895609829e+01
8.629999999999855120e+00 -2.556559570268042236e+01
8.639999999999854907e+00 -2.557578363001415767e+01
8.649999999999854694e+00 -2.558526450892686910e+01
8.659999999999854481e+00 -2.559394181670164059e+01
8.669999999999854268e+00 -2.560171757155671557e+01
8.679999999999854055e+00 -2.560849612063359615e+01
8.689999999999853841e+00 -2.561418798243314043e+01
8.699999999999853628e+00 -2.561871353257601314e+01
8.709999999999853415e+00 -2.562200633015254780e+01
8.719999999999853202e+00 -2.562401590899853687e+01
8.729999999999852989e+00 -2.562470988939156058e+01
8.739999999999852776e+00 -2.562407541923724708e+01
8.749999999999852562e+00 -2.562212023996256960e+01
8.759999999999852349e+00 -2.561887310493026959e+01
8.769999999999852136e+00 -2.561438292301635045e+01
8.779999999999851923e+00 -2.560871681268465849e+01
8.789999999999851710e+00 -2.560195746141116047e+01
8.799999999999851497e+00 -2.559419995134953041e+01
8.809999999999851283e+00 -2.558554820645231942e+01
8.819999999999851070e+00 -2.557611125133108843e+01
8.829999999999850857e+00 -2.556599942821148019e+01
8.839999999999850644e+00 -2.555532070180364457e+01
8.849999999999850431e+00 -2.554417720285351123e+01
8.859999999999850218e+00 -2.553266215783693838e+01
8.869999999999850004e+00 -2.552085736404087868e+01
8.879999999999849791e+00 -2.550883135094838039e+01
8.889999999999849578e+00 -2.549663834947423524e+01
8.899999999999849365e+00 -2.548431813847533078e+01
8.909999999999849152e+00 -2.547189678000697199e+01
8.919999999999848939e+00 -2.545938818196642472e+01
8.929999999999848725e+00 -2.544679636717750171e+01
8.939999999999848512e+00 -2.543411829549555492e+01
8.949999999999848299e+00 -2.542134705733919731e+01
8.959999999999848086e+00 -2.540847524452043515e+01
8.969999999999847873e+00 -2.539549830664707031e+01
8.979999999999847660e+00 -2.538241771621635579e+01
8.989999999999847446e+00 -2.536924377205504300e+01
8.999999999999847233e+00 -2.535599784140861601e+01
9.009999999999847020e+00 -2.534271383341461004e+01
9.019999999999846807e+00 -2.532943892696840393e+01
9.029999999999846594e+00 -2.531623364597141190e+01
9.039999999999846381e+00 -2.530317124710283494e+01
9.049999999999846167e+00 -2.529033623835105260e+01
9.059999999999845954e+00 -2.527782059208501764e+01
9.069999999999845741e+00 -2.526571873565860926e+01
9.079999999999845528e+00 -2.525412501695223710e+01
9.089999999999845315e+00 -2.524313305578967714e+01
9.099999999999845102e+00 -2.523283433519919328e+01
9.109999999999844889e+00 -2.522331569561045228e+01
9.119999999999844675e+00 -2.521465673378946448e+01
9.129999999999844462e+00 -2.520692760701895097e+01
9.139999999999844249e+00 -2.520018735427155931e+01
9.149999999999844036e+00 -2.519448277009463055e+01
9.159999999999843823e+00 -2.518984760752039520e+01
9.169999999999843610e+00 -2.518630199894165500e+01
9.179999999999843396e+00 -2.518385208217506843e+01
9.189999999999843183e+00 -2.518248985963721509e+01
9.199999999999842970e+00 -2.518219292900165485e+01
9.209999999999842757e+00 -2.518292447224392561e+01
9.219999999999842544e+00 -2.518463432114551637e+01
9.229999999999842331e+00 -2.518726100232714415e+01
9.239999999999842117e+00 -2.519073444175251808e+01
9.249999999999841904e+00 -2.519497917265529097e+01
9.259999999999841691e+00 -2.519991791452541108e+01
9.269999999999841478e+00 -2.520547516064040394e+01
9.279999999999841265e+00 -2.521158093033644221e+01
9.289999999999841052e+00 -2.521817451934912313e+01
9.299999999999840838e+00 -2.522520648747617855e+01
9.309999999999840625e+00 -2.523263867565868424e+01
9.319999999999840412e+00 -2.524044380971094981e+01
9.329999999999840199e+00 -2.524860492919660970e+01
9.339999999999839986e+00 -2.525711430631415766e+01
9.349999999999839773e+00 -2.526597189069111593e+01
9.359999999999839559e+00 -2.527518338448263435e+01
9.369999999999839346e+00 -2.528475800803598617e+01
9.379999999999839133e+00 -2.529470609108345869e+01
9.389999999999838920e+00 -2.530503667319022298e+01
9.399999999999838707e+00 -2.531575519562594678e+01
9.409999999999838494e+00 -2.532686136651651054e+01
9.419999999999838280e+00 -2.533834728548732329e+01
9.429999999999838067e+00 -2.535019592509883779e+01
9.439999999999837854e+00 -2.536237997145472889e+01
9.449999999999837641e+00 -2.537486105524719449e+01
9.459999999999837428e+00 -2.538758940507011985e+01
9.469999999999837215e+00 -2.540050393635674197e+01
9.479999999999837001e+00 -2.541353281895036531e+01
9.489999999999836788e+00 -2.542659457107842513e+01
9.499999999999836575e+00 -2.543959971405771014e+01
9.509999999999836362e+00 -2.545245296415960468e+01
9.519999999999836149e+00 -2.546505588208213666e+01
9.529999999999835936e+00 -2.547730984350370065e+01
9.539999999999835723e+00 -2.548911912512890865e+01
9.549999999999835509e+00 -2.550039388628111325e+01
9.559999999999835296e+00 -2.551105284469213785e+01
9.569999999999835083e+00 -2.552102548150109840e+01
9.579999999999834870e+00 -2.553025366481704950e+01
9.589999999999834657e+00 -2.553869265266576605e+01
9.599999999999834444e+00 -2.554631148458726031e+01
9.609999999999834230e+00 -2.555309279899276120e+01
9.619999999999834017e+00 -2.555903214028514014e+01
9.629999999999833804e+00 -2.556413683845455154e+01
9.639999999999833591e+00 -2.556842455290696137e+01
9.649999999999833378e+00 -2.557192153254910494e+01
9.659999999999833165e+00 -2.557466065173860059e+01
9.669999999999832951e+00 -2.557667938115792339e+01
9.679999999999832738e+00 -2.557801768764051076e+01
9.689999999999832525e+00 -2.557871579414613450e+01
9.699999999999832312e+00 -2.557881196011927472e+01
9.709999999999832099e+00 -2.557834044466518719e+01
9.719999999999831886e+00 -2.557732974060645859e+01
9.729999999999831672e+00 -2.557580115053116643e+01
9.739999999999831459e+00 -2.557376782889198097e+01
9.749999999999831246e+00 -2.557123443571199317e+01
9.759999999999831033e+00 -2.556819745124067111e+01
9.769999999999830820e+00 -2.556464613265900354e+01
9.779999999999830607e+00 -2.556056405456053326e+01
9.789999999999830393e+00 -2.555593113095665458e+01
9.799999999999830180e+00 -2.555072597680663904e+01
9.809999999999829967e+00 -2.554492844658616946e+01
9.819999999999829754e+00 -2.553852216866594560e+01
9.829999999999829541e+00 -2.553149690863606480e+01
9.839999999999829328e+00 -2.552385062077526001e+01
9.849999999999829114e+00 -2.551559108318664926e+01
9.859999999999828901e+00 -2.550673706856205669e+01
9.869999999999828688e+00 -2.549731903614605599e+01
9.879999999999828475e+00 -2.548737934200445920e+01
9.889999999999828262e+00 -2.547697197216768927e+01
9.899999999999828049e+00 -2.546616180952222663e+01
9.909999999999827835e+00 -2.545502345643742714e+01
9.919999999999827622e+00 -2.544363964633583564e+01
9.929999999999827409e+00 -2.543209929625694699e+01
9.939999999999827196e+00 -2.542049527180773794e+01
9.949999999999826983e+00 -2.540892194161467899e+01
9.959999999999826770e+00 -2.539747236732908675e+01
9.969999999999826557e+00 -2.538623543676559535e+01
9.979999999999826343e+00 -2.537529354607886134e+01
9.989999999999826130e+00 -2.536472073875501465e+01
9.999999999999825917e+00 -2.535458125373585858e+01
1.000999999999982570e+01 -2.534492809681148984e+01
