0.000000000000000000e+00 1.955483487139677602e-03
5.000000000000000278e-02 -1.396970488527204957e-02
1.000000000000000056e-01 -9.232255919750423367e-02
1.500000000000000222e-01 -2.886273690883723320e-01
2.000000000000000111e-01 -6.385436805475175337e-01
2.500000000000000000e-01 -1.140030162361271637e+00
2.999999999999999889e-01 -1.742476152567926206e+00
3.499999999999999778e-01 -2.353253354712122825e+00
3.999999999999999667e-01 -2.858278071033446999e+00
4.499999999999999556e-01 -3.144933716072861873e+00
4.999999999999999445e-01 -3.128590109156268895e+00
5.499999999999999334e-01 -2.780327881238397580e+00
5.999999999999999778e-01 -2.131552213068348856e+00
6.500000000000000222e-01 -1.257378405990422721e+00
7.000000000000000666e-01 -2.601149352568873918e-01
7.500000000000001110e-01 7.467687376604303928e-01
8.000000000000001554e-01 1.654528616792651841e+00
8.500000000000001998e-01 2.369970304394843019e+00
9.000000000000002442e-01 2.821559102807090103e+00
9.500000000000002887e-01 2.963955184655529873e+00
1.000000000000000222e+00 2.783184896438399836e+00
1.050000000000000266e+00 2.300937584746808984e+00
1.100000000000000311e+00 1.574192996693633440e+00
1.150000000000000355e+00 6.879764979477046571e-01
1.200000000000000400e+00 -2.570854963100490664e-01
1.250000000000000444e+00 -1.158013180975642653e+00
1.300000000000000488e+00 -1.920100427384730191e+00
1.350000000000000533e+00 -2.464763167507325825e+00
1.400000000000000577e+00 -2.736173919426541978e+00
1.450000000000000622e+00 -2.707320844322932185e+00
1.500000000000000666e+00 -2.384243206515484381e+00
1.550000000000000711e+00 -1.806271179041696318e+00
1.600000000000000755e+00 -1.041079436713991058e+00
1.650000000000000799e+00 -1.755397546002668840e-01
1.700000000000000844e+00 6.951167221800446105e-01
1.750000000000000888e+00 1.477599772250071553e+00
1.800000000000000933e+00 2.089527012140251827e+00
1.850000000000000977e+00 2.467254465479886694e+00
1.900000000000001021e+00 2.572550344911051834e+00
1.950000000000001066e+00 2.397216406987811688e+00
2.000000000000000888e+00 1.964299684981713368e+00
2.050000000000000711e+00 1.325118427754931050e+00
2.100000000000000533e+00 5.526060041882645546e-01
2.150000000000000355e+00 -2.675338215371743100e-01
2.200000000000000178e+00 -1.046302720717145585e+00
2.250000000000000000e+00 -1.700559109307469452e+00
2.299999999999999822e+00 -2.161419189828641230e+00
2.349999999999999645e+00 -2.381474316140274272e+00
2.399999999999999467e+00 -2.340020751928075793e+00
2.449999999999999289e+00 -2.045324870645564896e+00
2.499999999999999112e+00 -1.533338075113025667e+00
2.549999999999998934e+00 -8.630693289550830372e-01
2.599999999999998757e+00 -1.095136190549923644e-01
2.649999999999998579e+00 6.447471376328298698e-01
2.699999999999998401e+00 1.318343252533754617e+00
2.749999999999998224e+00 1.839629916487894423e+00
2.799999999999998046e+00 2.154253411641266602e+00
2.849999999999997868e+00 2.230975933003604528e+00
2.899999999999997691e+00 2.064941360376959967e+00
2.949999999999997513e+00 1.677855428826625861e+00
2.999999999999997335e+00 1.115090083849322511e+00
3.049999999999997158e+00 4.402373190598162234e-01
3.099999999999996980e+00 -2.720881394068637160e-01
3.149999999999996803e+00 -9.443722068953859239e-01
3.199999999999996625e+00 -1.504486986804096871e+00
3.249999999999996447e+00 -1.893379207118341956e+00
3.299999999999996270e+00 -2.071359722138457649e+00
3.349999999999996092e+00 -2.022233636883278951e+00
3.399999999999995914e+00 -1.754742017158713585e+00
3.449999999999995737e+00 -1.301177208943029795e+00
3.499999999999995559e+00 -7.134410391644887550e-01
3.549999999999995381e+00 -5.710286163554158245e-02
3.599999999999995204e+00 5.958486100343586278e-01
3.649999999999995026e+00 1.174815328871880782e+00
3.699999999999994849e+00 1.618182885013550898e+00
3.749999999999994671e+00 1.879897412380036270e+00
3.799999999999994493e+00 1.934283750695839910e+00
3.849999999999994316e+00 1.778548825124215860e+00
3.899999999999994138e+00 1.432715356381009331e+00
3.949999999999993960e+00 9.370658810211042189e-01
3.999999999999993783e+00 3.474593798785730048e-01
4.049999999999993605e+00 -2.709245075307294415e-01
4.099999999999993427e+00 -8.507393971541596933e-01
4.149999999999993250e+00 -1.329775555291037525e+00
4.199999999999993072e+00 -1.657634540608482698e+00
4.249999999999992895e+00 -1.801042153596085216e+00
4.299999999999992717e+00 -1.747213473870695033e+00
4.349999999999992539e+00 -1.504921756821013590e+00
4.399999999999992362e+00 -1.103204126152707687e+00
4.449999999999992184e+00 -5.879040598168988607e-01
4.499999999999992006e+00 -1.646811022674319128e-02
4.549999999999991829e+00 5.484248088417941203e-01
4.599999999999991651e+00 1.045714405455084872e+00
4.649999999999991473e+00 1.422551068520619078e+00
4.699999999999991296e+00 1.639911369117132756e+00
4.749999999999991118e+00 1.676627917438528792e+00
4.799999999999990941e+00 1.531412626793533960e+00
4.849999999999990763e+00 1.222689612735728293e+00
4.899999999999990585e+00 7.863004753480355991e-01
4.949999999999990408e+00 2.713687483247538834e-01
4.999999999999990230e+00 -2.652053924503366966e-01
5.049999999999990052e+00 -7.650133807104727568e-01
5.099999999999989875e+00 -1.174485262271820485e+00
5.149999999999989697e+00 -1.450624495419310378e+00
5.199999999999989519e+00 -1.565511458228810548e+00
5.249999999999989342e+00 -1.509101726913616215e+00
5.299999999999989164e+00 -1.290043278157841700e+00
5.349999999999988987e+00 -9.344591191892676063e-01
5.399999999999988809e+00 -4.828610378810161974e-01
5.449999999999988631e+00 1.444494963705582335e-02
5.499999999999988454e+00 5.029460257674908119e-01
5.549999999999988276e+00 9.298863392445899656e-01
5.599999999999988098e+00 1.249955188023620600e+00
5.649999999999987921e+00 1.430084703270328550e+00
5.699999999999987743e+00 1.452848459442884099e+00
5.749999999999987566e+00 1.318114241347714710e+00
5.799999999999987388e+00 1.042800258825729243e+00
5.849999999999987210e+00 6.587910840382055211e-01
5.899999999999987033e+00 2.092659011722063089e-01
5.949999999999986855e+00 -2.561416584585138323e-01
5.999999999999986677e+00 -6.868121456850948547e-01
6.049999999999986500e+00 -1.036635871736345305e+00
6.099999999999986322e+00 -1.268938850356997827e+00
6.149999999999986144e+00 -1.360313322007300707e+00
6.199999999999985967e+00 -1.302954574920326181e+00
6.249999999999985789e+00 -1.105274155392457436e+00
6.299999999999985612e+00 -7.907493725110171789e-01
6.349999999999985434e+00 -3.951595742064786809e-01
6.399999999999985256e+00 3.746871399348104120e-02
6.449999999999985079e+00 4.597503867648221054e-01
6.499999999999984901e+00 8.261221126454639796e-01
6.549999999999984723e+00 1.097748440473161002e+00
6.599999999999984546e+00 1.246626274065112172e+00
6.649999999999984368e+00 1.258455614121478661e+00
6.699999999999984190e+00 1.133984596205329431e+00
6.749999999999984013e+00 8.887059504020989875e-01
6.799999999999983835e+00 5.509617702600830835e-01
6.849999999999983658e+00 1.586849241501353258e-01
6.899999999999983480e+00 -2.448498372929552303e-01
6.949999999999983302e+00 -6.157900454864070339e-01
6.999999999999983125e+00 -9.144613320280615687e-01
7.049999999999982947e+00 -1.109600274256513419e+00
7.099999999999982769e+00 -1.181614114097655488e+00
7.149999999999982592e+00 -1.124529144313432205e+00
7.199999999999982414e+00 -9.464361670381232772e-01
7.249999999999982236e+00 -6.684066982279387448e-01
7.299999999999982059e+00 -3.220196275173052292e-01
7.349999999999981881e+00 5.421331008236676685e-02
7.399999999999981704e+00 4.191196829304174032e-01
7.449999999999981526e+00 7.333630021849995018e-01
7.499999999999981348e+00 9.636737440428456702e-01
7.549999999999981171e+00 1.086360993318788326e+00
7.599999999999980993e+00 1.089735489823300929e+00
7.649999999999980815e+00 9.751978056961980723e-01
7.699999999999980638e+00 7.568932501393050849e-01
7.749999999999980460e+00 4.599917630365963350e-01
7.799999999999980282e+00 1.177994320508312376e-01
7.849999999999980105e+00 -2.319679731167555436e-01
7.899999999999979927e+00 -5.513333013935747262e-01
7.949999999999979750e+00 -8.061728873391802441e-01
7.999999999999979572e+00 -9.698533521259238288e-01
8.049999999999979394e+00 -1.026003998669372530e+00
8.099999999999980105e+00 -9.701374598497871649e-01
8.149999999999980815e+00 -8.099599078750412406e-01
8.199999999999981526e+00 -5.643563491990987169e-01
8.249999999999982236e+00 -2.611804419919619979e-01
8.299999999999982947e+00 6.589396033328509539e-02
8.349999999999983658e+00 3.811045347232891456e-01
8.399999999999984368e+00 6.505027862065536626e-01
8.449999999999985079e+00 8.456021349064577475e-01
8.499999999999985789e+00 9.463809026438989580e-01
8.549999999999986500e+00 9.433247364344012897e-01
8.599999999999987210e+00 8.383013897015613169e-01
8.649999999999987921e+00 6.441901577957052094e-01
8.699999999999988631e+00 3.833244025529177756e-01
8.749999999999989342e+00 8.493350320924746011e-02
8.799999999999990052e+00 -2.181237303363896263e-01
8.849999999999990763e+00 -4.929699151655613787e-01
8.899999999999991473e+00 -7.102683490220134122e-01
8.949999999999992184e+00 -8.473463645233403341e-01
8.999999999999992895e+00 -8.905512606648984253e-01
9.049999999999993605e+00 -8.365950454782188350e-01
9.099999999999994316e+00 -6.927571552000582056e-01
9.149999999999995026e+00 -4.759399481810581700e-01
9.199999999999995737e+00 -2.106962499447178061e-01
9.249999999999996447e+00 7.354211568318366754e-02
9.299999999999997158e+00 3.457227928249334004e-01
9.349999999999997868e+00 5.765584035045780986e-01
9.399999999999998579e+00 7.416708741986312026e-01
9.449999999999999289e+00 8.241579115890899088e-01
9.500000000000000000e+00 8.163123446794552374e-01
9.550000000000000711e+00 7.203205825768925763e-01
9.600000000000001421e+00 5.478795130745282016e-01
9.650000000000002132e+00 3.187892862545896877e-01
9.700000000000002842e+00 5.868961830446541017e-02
9.750000000000003553e+00 -2.038024620089290140e-01
9.800000000000004263e+00 -4.402346340803310332e-01
9.850000000000004974e+00 -6.253968824855230535e-01
9.900000000000005684e+00 -7.400026091144553675e-01
9.950000000000006395e+00 -7.726889538076077146e-01
1.000000000000000711e+01 -7.211297832463087198e-01
1.005000000000000782e+01 -5.921538505021185506e-01
