0.000000000000000000e+00 1.955483487139677602e-03
5.000000000000000278e-02 -1.378109330226872341e-02
1.000000000000000056e-01 -9.101614810879996020e-02
1.500000000000000222e-01 -2.845650192130276812e-01
2.000000000000000111e-01 -6.310055944770222025e-01
2.500000000000000000e-01 -1.130386450515911134e+00
2.999999999999999889e-01 -1.732195599035821321e+00
3.499999999999999778e-01 -2.340953579185908850e+00
3.999999999999999667e-01 -2.840096356357838747e+00
4.499999999999999556e-01 -3.118157084850261995e+00
4.999999999999999445e-01 -3.095344350087442908e+00
5.499999999999999334e-01 -2.748331874815981735e+00
5.999999999999999778e-01 -2.110280698590654147e+00
6.500000000000000222e-01 -1.252536889964772637e+00
7.000000000000000666e-01 -2.725313026803847238e-01
7.500000000000001110e-01 7.175278024910219932e-01
8.000000000000001554e-01 1.607776765391565554e+00
8.500000000000001998e-01 2.305438307006296927e+00
9.000000000000002442e-01 2.742329128280453610e+00
9.500000000000002887e-01 2.878209523687762061e+00
1.000000000000000222e+00 2.703133489463986905e+00
1.050000000000000266e+00 2.238513501137567641e+00
1.100000000000000311e+00 1.537140342436954299e+00
1.150000000000000355e+00 6.803477785696638858e-01
1.200000000000000400e+00 -2.323213769792291383e-01
1.250000000000000444e+00 -1.098985621425196735e+00
1.300000000000000488e+00 -1.828491312572268601e+00
1.350000000000000533e+00 -2.347801934672606450e+00
1.400000000000000577e+00 -2.606828452030472754e+00
1.450000000000000622e+00 -2.581915850537428003e+00
1.500000000000000666e+00 -2.278001411981271040e+00
1.550000000000000711e+00 -1.730375763960394053e+00
1.600000000000000755e+00 -1.003558120901941964e+00
1.650000000000000799e+00 -1.828796599187985372e-01
1.700000000000000844e+00 6.391201969937929661e-01
1.750000000000000888e+00 1.374602521703767843e+00
1.800000000000000933e+00 1.948384356011974017e+00
1.850000000000000977e+00 2.303702371361839862e+00
1.900000000000001021e+00 2.406156631464999140e+00
1.950000000000001066e+00 2.246674663407759009e+00
2.000000000000000888e+00 1.844762310117503690e+00
2.050000000000000711e+00 1.248890100740630782e+00
2.100000000000000533e+00 5.299208422623638004e-01
2.150000000000000355e+00 -2.301673504388672686e-01
2.200000000000000178e+00 -9.489336582541063603e-01
2.250000000000000000e+00 -1.551711477549159168e+00
2.299999999999999822e+00 -1.977787877394425964e+00
2.349999999999999645e+00 -2.184628247903810827e+00
2.399999999999999467e+00 -2.151620740034914991e+00
2.449999999999999289e+00 -1.884389823663415120e+00
2.499999999999999112e+00 -1.416421397439492580e+00
2.549999999999998934e+00 -8.043603615349637082e-01
2.599999999999998757e+00 -1.189041078406560814e-01
2.649999999999998579e+00 5.645457536881626215e-01
2.699999999999998401e+00 1.173999595513064875e+00
2.749999999999998224e+00 1.647211558355095029e+00
2.799999999999998046e+00 1.936007926084697406e+00
2.849999999999997868e+00 2.010608251749596231e+00
2.899999999999997691e+00 1.864775882373343574e+00
2.949999999999997513e+00 1.518384198257796358e+00
2.999999999999997335e+00 1.014444829154959038e+00
3.049999999999997158e+00 4.121265806514324836e-01
3.099999999999996980e+00 -2.213567889420728629e-01
3.149999999999996803e+00 -8.184731618347240722e-01
3.199999999999996625e+00 -1.317497433779793337e+00
3.249999999999996447e+00 -1.666895431590166066e+00
3.299999999999996270e+00 -1.830035251585439227e+00
3.349999999999996092e+00 -1.790828969590054776e+00
3.399999999999995914e+00 -1.557093818260334661e+00
3.449999999999995737e+00 -1.159132882948414434e+00
3.499999999999995559e+00 -6.446718300144130831e-01
3.549999999999995381e+00 -7.202368102285180984e-02
3.599999999999995204e+00 4.970756364050273879e-01
3.649999999999995026e+00 1.003176456646428072e+00
3.699999999999994849e+00 1.393391045372381676e+00
3.749999999999994671e+00 1.626383158478780677e+00
3.799999999999994493e+00 1.678225367986029504e+00
3.849999999999994316e+00 1.546311283378224433e+00
3.899999999999994138e+00 1.249390500823110539e+00
3.949999999999993960e+00 8.241849688844559152e-01
3.999999999999993783e+00 3.197314853383462219e-01
4.049999999999993605e+00 -2.089676654536320732e-01
4.099999999999993427e+00 -7.061185125517643879e-01
4.149999999999993250e+00 -1.119267419576152500e+00
4.199999999999993072e+00 -1.404312511506857097e+00
4.249999999999992895e+00 -1.531378415944005145e+00
4.299999999999992717e+00 -1.489158656485780607e+00
4.349999999999992539e+00 -1.286149712873024376e+00
4.399999999999992362e+00 -9.487324508226240294e-01
4.449999999999992184e+00 -5.166607082543065443e-01
4.499999999999992006e+00 -3.761203311048351428e-02
4.549999999999991829e+00 4.373478741932137481e-01
4.599999999999991651e+00 8.576790101154782020e-01
4.649999999999991473e+00 1.178237862275242520e+00
4.699999999999991296e+00 1.364971595575399599e+00
4.749999999999991118e+00 1.399575974520704147e+00
4.799999999999990941e+00 1.281701363612735456e+00
4.849999999999990763e+00 1.028238204607174744e+00
4.899999999999990585e+00 6.699331070276600686e-01
4.949999999999990408e+00 2.468804243918321650e-01
4.999999999999990230e+00 -1.953713406504674344e-01
5.049999999999990052e+00 -6.093897872290499063e-01
5.099999999999989875e+00 -9.504558002737112377e-01
5.149999999999989697e+00 -1.181983995744170235e+00
5.199999999999989519e+00 -1.280310590120331549e+00
5.249999999999989342e+00 -1.237659535557876334e+00
5.299999999999989164e+00 -1.062448076215325221e+00
5.349999999999988987e+00 -7.769114862490044127e-01
5.399999999999988809e+00 -4.135509919417904579e-01
5.449999999999988631e+00 -1.191429164158878430e-02
5.499999999999988454e+00 3.845969623371225388e-01
5.549999999999988276e+00 7.329250703453773497e-01
5.599999999999988098e+00 9.953951947208661277e-01
5.649999999999987921e+00 1.144527179983594767e+00
5.699999999999987743e+00 1.166535648161614480e+00
5.749999999999987566e+00 1.062456091721511342e+00
5.799999999999987388e+00 8.466940986377702316e-01
5.849999999999987210e+00 5.443799913822547909e-01
5.899999999999987033e+00 1.888231067817669750e-01
5.949999999999986855e+00 -1.812577089034216049e-01
5.999999999999986677e+00 -5.254650414955847060e-01
6.049999999999986500e+00 -8.062884072922886780e-01
6.099999999999986322e+00 -9.938367411187507550e-01
6.149999999999986144e+00 -1.069692941566668054e+00
6.199999999999985967e+00 -1.028644554821164236e+00
6.249999999999985789e+00 -8.780675709816339047e-01
6.299999999999985612e+00 -6.361439987822057329e-01
6.349999999999985434e+00 -3.299218491270692888e-01
6.399999999999985256e+00 6.985314648186241940e-03
6.449999999999985079e+00 3.375865390141701838e-01
6.499999999999984901e+00 6.255971721836951494e-01
6.549999999999984723e+00 8.399829499511163311e-01
6.599999999999984546e+00 9.589709513779993699e-01
6.649999999999984368e+00 9.722462723549195607e-01
6.699999999999984190e+00 8.810538656453532624e-01
6.749999999999984013e+00 6.971756686999015518e-01
6.799999999999983835e+00 4.415670220892227160e-01
6.849999999999983658e+00 1.425390942610870737e-01
6.899999999999983480e+00 -1.668676732840484733e-01
6.949999999999983302e+00 -4.524570321406742868e-01
6.999999999999983125e+00 -6.831480418055312365e-01
7.049999999999982947e+00 -8.349861922577558326e-01
7.099999999999982769e+00 -8.936655650033586973e-01
7.149999999999982592e+00 -8.552375741327953307e-01
7.199999999999982414e+00 -7.257336882377865006e-01
7.249999999999982236e+00 -5.203346752008617404e-01
7.299999999999982059e+00 -2.620460548175417848e-01
7.349999999999981881e+00 2.038680008765510893e-02
7.399999999999981704e+00 2.955268929806643685e-01
7.449999999999981526e+00 5.331596984706533648e-01
7.499999999999981348e+00 7.082027295834851799e-01
7.549999999999981171e+00 8.034203759443198090e-01
7.599999999999980993e+00 8.106053013977480015e-01
7.649999999999980815e+00 7.307616344709806366e-01
7.699999999999980638e+00 5.737450581657520532e-01
7.749999999999980460e+00 3.573998919431152776e-01
7.799999999999980282e+00 1.060128782163912431e-01
7.849999999999980105e+00 -1.522182125127307661e-01
7.899999999999979927e+00 -3.886996577979321410e-01
7.949999999999979750e+00 -5.781393919585200436e-01
7.999999999999979572e+00 -7.013466064744625639e-01
8.049999999999979394e+00 -7.467766901324390805e-01
8.099999999999980105e+00 -7.111632778653799170e-01
8.149999999999980815e+00 -5.995689866856334094e-01
8.199999999999981526e+00 -4.249552872582950114e-01
8.249999999999982236e+00 -2.071402419617001389e-01
8.299999999999982947e+00 2.923117398473608700e-02
8.349999999999983658e+00 2.577708721730238572e-01
8.399999999999984368e+00 4.537560533126437923e-01
8.449999999999985079e+00 5.969186909372088401e-01
8.499999999999985789e+00 6.732522507302088899e-01
8.549999999999986500e+00 6.759851221816330913e-01
8.599999999999987210e+00 6.059752373739450970e-01
8.649999999999987921e+00 4.716829993656936337e-01
8.699999999999988631e+00 2.885811111233965720e-01
8.749999999999989342e+00 7.759503740257205073e-02
8.799999999999990052e+00 -1.375167258464711773e-01
8.849999999999990763e+00 -3.332357209907137463e-01
8.899999999999991473e+00 -4.889945831085906192e-01
8.949999999999992184e+00 -5.891318728678180960e-01
8.999999999999992895e+00 -6.241153938971609749e-01
9.049999999999993605e+00 -5.912271780939015731e-01
9.099999999999994316e+00 -4.948799285958580541e-01
9.149999999999995026e+00 -3.464268395563211977e-01
9.199999999999995737e+00 -1.630474038719249841e-01
9.249999999999996447e+00 3.440970118219117968e-02
9.299999999999997158e+00 2.241337369566584470e-01
9.349999999999997868e+00 3.859182598617143523e-01
9.399999999999998579e+00 5.031747870417180302e-01
9.449999999999999289e+00 5.643226224197126495e-01
9.500000000000000000e+00 5.637036553211584033e-01
9.550000000000000711e+00 5.021842472877801056e-01
9.600000000000001421e+00 3.873088747990553471e-01
9.650000000000002132e+00 2.325987244073202953e-01
9.700000000000002842e+00 5.584263145690041702e-02
9.750000000000003553e+00 -1.232314602194002767e-01
9.800000000000004263e+00 -2.853218656219871363e-01
9.850000000000004974e+00 -4.135527040227862661e-01
9.900000000000005684e+00 -4.949596035501467872e-01
9.950000000000006395e+00 -5.215668029259812322e-01
1.000000000000000711e+01 -4.912198319309606376e-01
1.005000000000000782e+01 -4.080311432582414133e-01
