0.000000000000000000e+00 1.955483487139677602e-03
5.000000000000000278e-02 -1.391900254664409434e-02
1.000000000000000056e-01 -9.212311803074040018e-02
1.500000000000000222e-01 -2.891420090361404571e-01
2.000000000000000111e-01 -6.441042793656266419e-01
2.500000000000000000e-01 -1.159433130630519226e+00
2.999999999999999889e-01 -1.785057032685912537e+00
3.499999999999999778e-01 -2.422959735913792656e+00
3.999999999999999667e-01 -2.951591167423175399e+00
4.499999999999999556e-01 -3.253256477322205686e+00
4.999999999999999445e-01 -3.241682516962894667e+00
5.499999999999999334e-01 -2.887592130113534772e+00
5.999999999999999778e-01 -2.219319668521554156e+00
6.500000000000000222e-01 -1.305481468513654875e+00
7.000000000000000666e-01 -2.450512181659758593e-01
7.500000000000001110e-01 8.421182073946495983e-01
8.000000000000001554e-01 1.833489279712519515e+00
8.500000000000001998e-01 2.621670622351877089e+00
9.000000000000002442e-01 3.124512707624048424e+00
9.500000000000002887e-01 3.290314354764825477e+00
1.000000000000000222e+00 3.101288377550022179e+00
1.050000000000000266e+00 2.574676320633856097e+00
1.100000000000000311e+00 1.763557349359831994e+00
1.150000000000000355e+00 7.564712218548436118e-01
1.200000000000000400e+00 -3.319794624672607886e-01
1.250000000000000444e+00 -1.379643838921807752e+00
1.300000000000000488e+00 -2.273463189687626063e+00
1.350000000000000533e+00 -2.919530466984261441e+00
1.400000000000000577e+00 -3.250562417988103636e+00
1.450000000000000622e+00 -3.231116159379325836e+00
1.500000000000000666e+00 -2.859826462699717631e+00
1.550000000000000711e+00 -2.172464032046627302e+00
1.600000000000000755e+00 -1.243854404552776183e+00
1.650000000000000799e+00 -1.797987100006574190e-01
1.700000000000000844e+00 9.002009992835683372e-01
1.750000000000000888e+00 1.878916265226099114e+00
1.800000000000000933e+00 2.652716682819901362e+00
1.850000000000000977e+00 3.140886842885563635e+00
1.900000000000001021e+00 3.291505158447966650e+00
1.950000000000001066e+00 3.084645327350600930e+00
2.000000000000000888e+00 2.537905269341008463e+00
2.050000000000000711e+00 1.710559847461986749e+00
2.100000000000000533e+00 6.969489139266463740e-01
2.150000000000000355e+00 -3.889237413032322066e-01
2.200000000000000178e+00 -1.428419256563183914e+00
2.250000000000000000e+00 -2.310846022345123263e+00
2.299999999999999822e+00 -2.944147258148385848e+00
2.349999999999999645e+00 -3.261139840060002015e+00
2.399999999999999467e+00 -3.223817365512331001e+00
2.449999999999999289e+00 -2.831184970254906119e+00
2.499999999999999112e+00 -2.125453410361838991e+00
2.549999999999998934e+00 -1.187197065642083160e+00
2.599999999999998757e+00 -1.221786305483955337e-01
2.649999999999998579e+00 9.524611905554860591e-01
2.699999999999998401e+00 1.921750308253555861e+00
2.749999999999998224e+00 2.684626762686597612e+00
2.799999999999998046e+00 3.160229848815077514e+00
2.849999999999997868e+00 3.293344497285284334e+00
2.899999999999997691e+00 3.064491472285383100e+00
2.949999999999997513e+00 2.497739178408118210e+00
2.999999999999997335e+00 1.657839879580497389e+00
3.049999999999997158e+00 6.398671259669197475e-01
3.099999999999996980e+00 -4.433749312132819198e-01
3.149999999999996803e+00 -1.475616447120913444e+00
3.199999999999996625e+00 -2.349279623453583543e+00
3.249999999999996447e+00 -2.971770018802186275e+00
3.299999999999996270e+00 -3.272076422666605477e+00
3.349999999999996092e+00 -3.212697044168523863e+00
3.399999999999995914e+00 -2.798883862155169044e+00
3.449999999999995737e+00 -2.077967089804540368e+00
3.499999999999995559e+00 -1.132094817215865135e+00
3.549999999999995381e+00 -6.701901979464366943e-02
3.599999999999995204e+00 1.002685713886531715e+00
3.649999999999995026e+00 1.965626176129330105e+00
3.699999999999994849e+00 2.719653617610793273e+00
3.749999999999994671e+00 3.179768433068999478e+00
3.799999999999994493e+00 3.291399793717799227e+00
3.849999999999994316e+00 3.040698227088042049e+00
3.899999999999994138e+00 2.456453697790057955e+00
3.949999999999993960e+00 1.606027079539179336e+00
3.999999999999993783e+00 5.854194469771865084e-01
4.049999999999993605e+00 -4.953866683058794629e-01
4.099999999999993427e+00 -1.523845970805688399e+00
4.149999999999993250e+00 -2.390800647470653129e+00
4.199999999999993072e+00 -2.999425513538906518e+00
4.249999999999992895e+00 -3.279365101718932696e+00
4.299999999999992717e+00 -3.197913702715961648e+00
4.349999999999992539e+00 -2.764661219646710411e+00
4.399999999999992362e+00 -2.030642990590890484e+00
4.449999999999992184e+00 -1.079711693896069136e+00
4.499999999999992006e+00 -1.445526399528674483e-02
4.549999999999991829e+00 1.054168219636085757e+00
4.599999999999991651e+00 2.012711270357017135e+00
4.649999999999991473e+00 2.754987185696168961e+00
4.699999999999991296e+00 3.196434525643378599e+00
4.749999999999991118e+00 3.286188301987426730e+00
4.799999999999990941e+00 3.014534121758176255e+00
4.849999999999990763e+00 2.414989933401274325e+00
4.899999999999990585e+00 1.557170881347229363e+00
4.949999999999990408e+00 5.337521767968239628e-01
4.999999999999990230e+00 -5.486666861962525843e-01
5.049999999999990052e+00 -1.575188919551382627e+00
5.099999999999989875e+00 -2.432875998312060251e+00
5.149999999999989697e+00 -3.025006040868875701e+00
5.199999999999989519e+00 -3.283727510301883701e+00
5.249999999999989342e+00 -3.180308548532377433e+00
5.299999999999989164e+00 -2.730045226198384523e+00
5.349999999999988987e+00 -1.986541455400612888e+00
5.399999999999988809e+00 -1.030232963968839677e+00
5.449999999999988631e+00 3.920442106481916711e-02
5.499999999999988454e+00 1.108341392337621079e+00
5.549999999999988276e+00 2.060345800964252128e+00
5.599999999999988098e+00 2.788582815003085802e+00
5.649999999999987921e+00 3.209816146885004606e+00
5.699999999999987743e+00 3.277080642549319744e+00
5.749999999999987566e+00 2.987122380053337967e+00
5.799999999999987388e+00 2.376207260604354499e+00
5.849999999999987210e+00 1.510563642522539718e+00
5.899999999999987033e+00 4.805146110583587427e-01
5.949999999999986855e+00 -6.048745179015866391e-01
5.999999999999986677e+00 -1.627846938574829538e+00
6.049999999999986500e+00 -2.474320998863701604e+00
6.099999999999986322e+00 -3.047630174941763581e+00
6.149999999999986144e+00 -3.283892372424436434e+00
6.199999999999985967e+00 -3.161383327367919716e+00
6.249999999999985789e+00 -2.698057364455391127e+00
6.299999999999985612e+00 -1.944443193550802196e+00
6.349999999999985434e+00 -9.792741994208580270e-01
6.399999999999985256e+00 9.563343491263950891e-02
6.449999999999985079e+00 1.164452480934069500e+00
6.499999999999984901e+00 2.108327381562536740e+00
6.549999999999984723e+00 2.819573904158429123e+00
6.599999999999984546e+00 3.218993673507584585e+00
6.649999999999984368e+00 3.266897601898093306e+00
6.699999999999984190e+00 2.962529169628504544e+00
6.749999999999984013e+00 2.339554228106195843e+00
6.799999999999983835e+00 1.463139686435325881e+00
6.849999999999983658e+00 4.252128339804343016e-01
6.899999999999983480e+00 -6.631691184003668527e-01
6.949999999999983302e+00 -1.681192615363784171e+00
6.999999999999983125e+00 -2.512839009816137725e+00
7.049999999999982947e+00 -3.065565229722992946e+00
7.099999999999982769e+00 -3.282641257990556394e+00
7.149999999999982592e+00 -3.144701576210226168e+00
7.199999999999982414e+00 -2.667790958956876235e+00
7.249999999999982236e+00 -1.901808535226961361e+00
7.299999999999982059e+00 -9.264557214666621077e-01
7.349999999999981881e+00 1.547097386779601180e-01
7.399999999999981704e+00 1.221856180929264069e+00
7.449999999999981526e+00 2.153428333846191034e+00
7.499999999999981348e+00 2.845830057563357496e+00
7.549999999999981171e+00 3.226698811161969438e+00
7.599999999999980993e+00 3.258530125449397907e+00
7.649999999999980815e+00 2.939457871500151587e+00
7.699999999999980638e+00 2.302875837647912594e+00
7.749999999999980460e+00 1.414125015838749500e+00
7.799999999999980282e+00 3.667505931111754713e-01
7.849999999999980105e+00 -7.232240785986732146e-01
7.899999999999979927e+00 -1.731773110115772729e+00
7.949999999999979750e+00 -2.546794216904164632e+00
7.999999999999979572e+00 -3.081978697680709534e+00
8.049999999999979394e+00 -3.282721178143584773e+00
8.099999999999980105e+00 -3.129413233045962528e+00
8.149999999999980815e+00 -2.638008681173801051e+00
8.199999999999981526e+00 -1.857763643390030861e+00
8.249999999999982236e+00 -8.699688644805627646e-01
8.299999999999982947e+00 2.159766659060876615e-01
8.349999999999983658e+00 1.276689016467840831e+00
8.399999999999984368e+00 2.194265224834773154e+00
8.449999999999985079e+00 2.870483350454455795e+00
8.499999999999985789e+00 3.235127361149210401e+00
8.549999999999986500e+00 3.251439852376798445e+00
8.599999999999987210e+00 2.917375953408145595e+00
8.649999999999987921e+00 2.264850962792313904e+00
8.699999999999988631e+00 1.361000963273569564e+00
8.749999999999989342e+00 3.058274180759538163e-01
8.799999999999990052e+00 -7.809874922575227307e-01
8.849999999999990763e+00 -1.778484247735794721e+00
8.899999999999991473e+00 -2.578973092257069943e+00
8.949999999999992184e+00 -3.098510617870981143e+00
8.999999999999992895e+00 -3.284085437100732641e+00
9.049999999999993605e+00 -3.115636759179017723e+00
9.099999999999994316e+00 -2.606947761767921978e+00
9.149999999999995026e+00 -1.809334193676405134e+00
9.199999999999995737e+00 -8.108955059758767847e-01
9.249999999999996447e+00 2.753098919839921943e-01
9.299999999999997158e+00 1.328142000005926304e+00
9.349999999999997868e+00 2.233099684335462687e+00
9.399999999999998579e+00 2.894696753653696941e+00
9.449999999999999289e+00 3.244987278340194070e+00
9.500000000000000000e+00 3.246331055457547077e+00
9.550000000000000711e+00 2.894039759041820759e+00
9.600000000000001421e+00 2.222318973361246730e+00
9.650000000000002132e+00 1.305168127897496033e+00
9.700000000000002842e+00 2.462863063470532576e-01
9.750000000000003553e+00 -8.359272134071595861e-01
9.800000000000004263e+00 -1.822964164740833004e+00
9.850000000000004974e+00 -2.610240733341041341e+00
9.900000000000005684e+00 -3.116638192562886989e+00
9.950000000000006395e+00 -3.287786192993320533e+00
1.000000000000000711e+01 -3.100593670826807813e+00
1.005000000000000782e+01 -2.571371400426835319e+00
